120 64
-0.00357375 0.00814787 -0.0333041 -0.0179408 0.0132516 0.00608695 -0.0042561 0.032966 -0.00497906 0.0377983 0.00317888 0.0246634 -0.00703461 -0.0011946 0.00768367 0.00301959 0.0111941 -0.00671077 0.0154598 -0.00657283 0.0051559 -0.001337 0.0172927 0.020953 0.0153695 0.021307 -0.0068524 -0.0146085 -0.00450127 0.0217309 0.00949193 -0.0380457 0.0235244 -0.0311371 0.021787 0.0146753 -0.00866583 0.00583842 0.0016834 0.0213302 -0.0174427 -0.00858337 0.0272987 -0.00139293 -0.0402521 0.0144585 0.021442 -0.0126983 -0.0389788 0.00730201 -0.0143585 0.00573933 -0.009227 -0.00707157 0.0129083 -0.0158995 0.00158854 0.00355594 0.0334289 -0.00860287 0.0203987 -0.0169441 -0.0186061 -0.0117394 
-0.0268582 0.0144063 -0.0259914 -0.0182941 -0.00281023 -0.028003 -0.0162909 -0.00509651 -0.00474712 -0.00308434 -0.00537679 0.00364516 -0.0193348 0.00723886 -0.0294882 0.0635778 0.0171524 0.0140834 -0.0146607 -0.00330263 -0.0108313 0.0396862 0.00818271 0.00727391 -0.0299951 -0.0110329 0.028871 -0.013002 0.0197985 0.026998 0.0254918 -0.0313424 -0.0140017 0.00693562 -0.00313894 -0.010011 0.00920482 0.00957945 -0.0208547 -0.0118819 0.00388221 -0.0114051 0.0335317 0.0262248 0.0240818 0.0111168 -0.00152921 -0.0194826 0.00960913 0.010316 0.00279271 -7.27939e-05 -0.00476039 0.0142942 0.0133978 -0.0254463 0.00431462 0.00814536 0.025317 0.0237009 9.01593e-05 -0.0226399 -0.0239879 0.00993946 
-0.0131374 -0.00382091 -0.0116777 0.000292951 0.021566 0.0225931 -0.0484692 -0.00391349 0.0105368 -0.0245749 0.00493248 0.021485 0.0141959 0.0367007 0.0135783 0.0258459 -0.0295931 -0.00549956 0.0202469 0.0229169 -0.00829647 -0.00870001 0.020163 -0.00485027 -0.0168999 -0.00625924 -0.0209614 -0.0434091 0.0171478 -0.00803793 0.0263651 0.0326931 0.0104676 0.00880041 0.00471912 -0.0199918 0.0165008 0.0123096 0.0185852 -0.0432983 0.00743146 0.00362767 -0.0122099 0.0160453 0.0134283 0.0064342 -0.0269517 0.000861178 -0.0262519 0.00974899 0.0160291 0.0324678 0.00391077 0.00709236 -0.0143603 0.0314867 0.0153265 0.0328152 -0.00022735 0.00513569 0.0149913 -0.0173996 0.0278791 -0.037548 
0.00355692 -0.00706551 -0.0068031 0.0248374 0.00885831 0.00378773 -0.0217953 -0.00358987 -0.0185481 -0.0205027 -0.0334199 -0.0317622 -0.0146864 0.0143034 0.0186812 -0.0121854 -0.0184155 -0.00398597 0.0523355 -0.00849822 0.00567147 -0.0157722 -0.0187811 0.0243464 0.0212674 -0.00581344 -0.0343867 0.0387224 0.0205794 0.00202447 -0.00864808 -0.00374728 -0.0378593 0.00378848 -0.000565366 -0.0157598 -7.09713e-05 -0.00269406 -0.0112622 0.0189232 -0.0278385 -0.0141076 0.00430142 -0.00855265 -0.0109991 0.042701 0.00582772 0.005395 -0.00205036 0.0135268 0.0122953 0.0126046 0.00756157 -0.00861375 0.0142751 0.00426822 -0.0366179 0.0134704 0.00694475 0.0108441 0.0336 0.00515003 0.0147944 -0.017038 
-0.0151449 0.0113765 -0.00464675 0.00399836 0.031698 0.0119661 -0.0408973 -0.00349861 0.00599989 0.00836254 0.0255712 0.000126582 -0.0425579 -0.000694845 0.00839976 -0.0292183 -0.000243094 0.0129966 -0.0239907 0.0134418 0.0196409 0.0199681 -0.010849 -0.0267332 0.013654 0.0048632 0.0161112 0.00208304 0.012556 -0.000475365 0.0300879 0.0181906 -0.0285871 -0.0140284 -0.014099 -0.00425668 0.0243115 0.0156415 0.00288281 0.015713 -0.035869 0.0235295 0.029807 0.00274924 0.00189483 -0.0311866 -0.00946124 0.00476472 0.0296168 -0.00166786 0.0341991 -0.0107793 -0.0206361 -0.00647998 -0.00904778 -0.00828581 -0.000538685 0.00908716 -0.0169282 -0.0262257 -0.0268508 -0.00248822 0.0159495 -0.0215927 
0.0274593 -0.0319915 0.0180346 0.018347 0.00739742 -0.0203733 -0.0370505 -0.00360304 0.0293347 0.0279736 0.0113244 0.0421639 0.0141398 -0.00155433 0.0179048 -0.0107201 0.00191054 0.0508854 0.0305774 0.0126098 0.014794 0.00841924 0.0208932 0.0171189 0.00507144 0.000474609 0.0191851 -0.00790246 0.0167109 -0.0238022 -0.0433561 -0.0247388 0.0141382 -0.00498544 -0.0168931 0.0047802 0.0249416 -0.0270957 -0.0318755 -0.00527626 0.0153155 -0.0220824 0.0123112 -0.00523724 -0.0155224 0.00633039 -0.011117 0.00496338 -0.0217387 -0.0411495 -0.0109391 0.00912568 -0.012879 0.0347321 -0.0030307 0.000963297 -0.0365801 -0.00301558 -0.000691167 0.0195425 0.0147336 0.0125533 0.00709916 -0.00882346 
0.0193826 -0.00121761 -0.0227428 0.0116146 -0.0179234 0.02669 0.00497199 0.0145552 -0.0154572 -0.0181567 -0.0341106 -0.00879606 0.025231 -0.00381805 0.0177055 0.00248901 0.00576185 -0.0419595 -0.0266952 -0.025905 0.0108272 -0.00569037 -0.0135091 0.00147379 -0.00815082 0.0131763 0.00124236 -0.00263283 -0.00576412 -0.00506354 -0.0224287 0.00891961 -0.00337564 0.00836135 -0.00193785 0.00919034 0.00662753 -0.0335753 -0.00572883 -0.0434834 -0.0166317 0.00963361 0.00640884 0.00393893 -0.00278076 -9.2467e-05 -0.0334359 -0.0119974 -0.00767962 -0.00462275 -0.0222158 0.0426113 -0.000790126 0.0272939 -0.0314276 0.0236253 -0.00871428 -0.0202379 -0.000984505 0.0116115 -0.00216057 0.0196859 0.00900087 -0.0113299 
-0.0208966 -0.026485 -0.0189877 -0.00669738 -0.0311963 0.0131341 0.0156903 -0.0217401 -0.0217514 0.0132636 -0.00786323 -0.0112269 0.00966872 0.0044858 -0.0316454 -0.015117 0.0143252 -0.00648603 -0.0247647 0.0217338 0.0146899 0.0291891 -0.0140656 -0.0243267 -0.0323572 -0.0361598 0.040417 -0.0249641 0.000152039 -0.00401342 -0.02563 -0.0263556 0.0102693 0.0204746 -0.0131141 -0.0192871 -0.0359684 -0.0137024 -0.0147876 0.0006503 0.00454346 0.0409977 -0.02334 -0.00384706 -0.02364 -0.0148419 -0.012299 0.02075 -0.0114035 0.0198188 -0.0350993 -0.0447159 -0.0181107 0.00189771 0.0140772 0.0060419 0.00172398 0.00327563 -0.00243749 -0.0358561 -0.00973054 0.0115544 -0.0155403 -0.0162355 
-0.0237235 0.00508348 0.0244628 -0.0096133 0.0388401 0.019929 0.00601392 -0.0244845 0.0219418 -0.0188926 0.0399744 0.0192061 0.0353486 0.000483189 -0.0207366 0.0258587 0.0170281 0.00952016 -0.0104687 -0.0138585 -0.0359356 -0.0228995 -0.00434241 -0.012178 -0.0176634 0.00320905 0.0200614 -0.0109109 -0.00439557 0.000777845 0.0196813 0.0230868 0.00229181 0.00748043 -0.00285043 -0.0106786 -0.0347811 0.00189676 -0.0162927 -0.00886889 -0.0135276 0.00308316 -0.0220926 -0.000374041 -0.00416669 -0.0126964 0.00727636 0.0149839 0.00483843 -0.014788 0.0097182 0.0192308 0.0197309 0.000285993 -0.0140745 -0.00964899 -0.0116885 0.0167929 -0.0023295 -0.0114149 -0.0519 -0.0135242 -0.0431036 -0.0184882 
0.00208975 -0.00239678 0.000359553 -0.0240722 0.0278983 -0.00685081 0.00996053 -0.0274679 0.0436059 0.0227059 -0.0151266 -0.00640239 0.00571454 0.00486303 -0.0087661 -0.00042176 -0.0288063 0.00441232 0.00219113 -0.00461462 0.00486858 -0.00314247 -0.0115998 -0.0305308 0.0125891 0.0119984 0.0117803 0.0268377 0.0271918 -0.0267332 -0.00418379 -0.0016364 -0.00722188 0.0304687 -0.000674424 0.00143333 -0.027491 -0.0017638 0.0129643 -0.0246883 0.0177555 -0.0374187 -0.0220712 -0.0131277 -0.00205599 -0.0197379 -0.024403 -0.0134372 0.0242704 0.0153281 0.0160647 0.0118905 -0.0068675 -0.00191387 -0.0289808 0.0230562 -0.0257003 0.0304878 -0.0221215 -0.0205155 -0.00533108 0.0178892 0.00599222 0.0287705 
0.00389602 -0.00388859 -0.0096815 -0.0125069 -0.0131619 0.0124088 0.0258358 0.00301266 0.0110957 0.0133139 0.0443557 0.0139428 -0.0197772 0.0191725 -0.0215195 0.00311511 -0.00110061 -0.0148131 0.00707774 0.0295053 0.0180085 -0.044007 -0.0159633 -0.0253805 0.0439358 -0.0185965 0.0116561 0.000318768 0.00232746 0.0109982 -0.0566519 -0.0162998 0.00617553 -0.00105186 0.0345087 -0.0085548 0.00444467 0.0331694 0.0511138 0.00991345 -0.0187814 0.00409279 0.0331269 -0.0246092 -0.0206191 -0.0153021 -0.00573786 0.0415355 -0.0262377 0.0234427 -0.0235036 0.00779497 -0.00364461 -0.0178888 0.0189981 -0.0424875 0.0105421 -0.0141389 -0.0360968 0.0256922 -0.00846451 -0.0208937 -0.00452839 -0.030211 
0.00111536 -0.00432718 -0.0173411 -0.00206036 -0.00655007 0.0395709 0.00945351 -0.014277 -0.0395366 -0.0202833 0.0293635 0.0271705 -0.049865 -0.0293098 -0.0177394 -0.0164845 0.010859 0.00626303 0.00868402 0.0116885 0.0286434 0.0125011 0.00985917 -0.00236148 0.0084431 0.00334809 -0.032123 -0.00461587 -0.00416931 -0.000768906 -0.0178946 -0.0423053 0.0112746 0.024486 -0.00925089 0.0139162 0.021121 0.0221782 -0.0295382 0.00708968 0.00893168 -0.0158601 0.0156244 0.0237818 -0.0285772 0.0158372 -0.00361139 -0.0150138 -0.0536013 0.00775703 -0.00202641 -0.0198649 0.00151032 0.0118338 -0.00718674 -0.0226267 0.00312254 0.00173974 -0.0024936 0.00836776 0.00863746 -0.00997374 -0.0200292 0.00542366 
0.0185741 -0.00554405 -0.0114545 -0.0274274 0.0259424 0.022774 -0.0159116 0.0137581 0.00951353 0.0266653 -0.0232453 -0.0125477 -0.0266749 0.0218001 -0.0108418 -0.012037 0.00626153 -0.0252438 0.00270104 -0.0105877 0.00840486 0.0350053 -0.0166633 0.0174933 -0.018061 0.0359211 -0.0116724 -0.00418269 0.023496 -0.0422693 0.00308169 -0.00592651 0.0191703 -0.0288211 0.0228016 0.0102419 0.0073968 0.0125531 -0.00313795 0.0127736 -0.00809382 -0.014266 -0.00156536 -0.00978894 0.00311587 -0.0237746 -0.0141493 0.000912103 -0.007107 0.00383633 0.0207084 0.0289085 0.0268369 -0.0152793 -0.0135432 -0.00435014 -8.83209e-05 0.00578171 -0.00239291 0.0329006 -0.0302054 -0.0202619 -0.00978663 -0.00490413 
-0.00863955 -0.00316228 0.0370643 -0.0207823 0.0222914 -0.0106229 -0.00662993 -0.0122252 0.00553555 0.0236125 0.00660934 0.0359069 -0.00426724 -0.00441102 -0.0136084 -0.0242254 -0.0368645 -0.0276839 -0.00887 0.0138001 0.00653326 0.0114629 0.00674042 0.0257101 0.000199504 0.0230578 0.0156189 -0.00201802 0.00453304 0.0150324 0.00760111 -0.0133603 0.00923079 -0.0123348 -0.00258031 0.000654634 -0.0307532 -0.0288454 -0.033742 0.0464348 0.0143761 0.0323057 0.0251108 0.0467513 -0.00555285 0.00303899 -0.0121061 0.0646134 0.013126 -0.00422919 -0.001098 0.0114127 0.00453654 0.018509 -0.0138535 -0.0312901 0.0306705 0.00847253 -0.0171116 -0.0278841 -0.0151041 0.0122093 -0.0218084 0.0296716 
-0.027269 0.000997179 -0.000550646 -0.00440914 0.00282673 0.0206713 -0.0250047 0.0215105 -0.000751134 -0.0215655 -0.0101668 0.0155335 0.0054829 0.0215217 0.0129351 0.00744941 0.0166165 0.0247888 -0.0145947 -0.0109849 -0.0299202 -0.0288396 0.0073323 -0.0197378 -0.00833271 -0.00496971 -0.0191469 -0.0255639 -0.00677656 0.01981 0.0361351 -0.0141622 0.000921962 -0.00181324 0.0433599 -0.00621105 0.00492483 -0.0397087 0.0388128 -0.0194804 -0.0245048 -0.00246272 -0.00942521 0.0240397 0.0166718 0.000469991 0.00888835 -0.00306595 -0.0257828 -0.00304828 0.0100799 0.0160933 -0.0106195 0.00342458 -0.00680118 -0.00120449 -0.0281457 0.00410815 -0.0217922 0.0201696 0.0320836 0.00395957 -0.00665011 -0.00809106 
0.010356 -0.0194118 0.0049026 -0.00124957 -0.0102168 -0.0532374 0.00145175 0.0149269 -0.0178913 -0.0322504 -0.00794991 -0.019524 0.0274707 -0.00421441 -0.0274081 -0.0297728 -0.00306378 -0.0171816 0.0114285 0.0167054 0.000715466 0.0167646 0.0424251 -0.0111615 -0.00804376 -0.00491667 -0.00730622 0.0235122 -0.0197454 -0.0187519 -0.00810827 -0.0107459 -0.00822962 -0.00445725 -0.00477569 -0.0231792 0.0448876 0.0197171 -0.014696 -0.0120265 0.00258896 -0.00269213 -0.00532586 -0.0263167 -0.00409341 0.000946528 0.00253185 0.0325124 -0.0447483 -0.0138265 -0.0164862 0.00761826 -0.00797347 0.00182301 0.0202127 0.0193358 0.0271039 0.00378271 -0.0116427 0.000423591 0.00782594 -0.00851132 0.0152068 -0.0243504 
-0.0199312 -0.000237159 0.0134351 0.00431478 -0.0129179 -0.01449 0.0127842 0.0515064 0.000158634 -0.0245281 -0.0509284 0.0373261 -0.00046989 0.0212596 0.0201739 0.00141991 -0.0135894 -0.00426631 0.00393785 -0.0177824 0.000749528 0.0321009 0.0143102 0.00231922 0.0221928 0.0190492 0.0122079 0.013533 0.0203073 -0.0249646 0.00216845 -0.00242416 0.0117406 -0.0110037 -0.013478 -0.0561592 -0.0289708 0.00996683 -0.00622377 0.0133341 0.0112364 0.00300456 0.017758 0.0178772 0.00915799 -0.0104213 -0.00675826 -0.00301917 0.0218261 0.0483591 0.0126659 -0.00833101 -0.00573484 -0.0436903 -0.0182901 -0.00680871 0.0129849 -0.00422681 -0.0216736 -0.000582671 -0.0156987 0.00435083 0.0199532 -0.0110894 
0.0375305 -0.0254691 -0.0123773 0.0155324 0.00259359 -0.0402769 0.0374191 0.00638907 0.000616282 -0.0123049 -0.0313195 -0.00152514 0.0249008 -0.0346953 -0.000833268 0.0142357 0.0252812 -0.0301111 0.021809 0.0241875 0.00610686 0.0107886 0.0224303 0.0159329 0.0112865 -0.0156134 0.0292142 0.00266509 0.0350509 0.0408107 0.023822 -0.0514987 -0.00490714 -0.00422962 0.019479 -0.018052 0.0190804 -0.0241541 0.0262119 0.0177618 -0.00347127 0.0400607 0.0182566 -0.0118074 0.00826488 -0.0099765 0.005214 -0.0215482 -0.0247819 -0.00749374 -0.000334841 0.00384364 -0.0312488 0.00302921 -0.0139358 0.0177056 0.0264444 0.0237468 0.0136521 -0.00528438 -0.00597877 -0.00186219 -0.0193142 -0.041184 
-0.0318085 -0.0195387 -0.00033397 -0.0146605 0.0280347 -0.0108232 0.00743768 -0.0123759 -0.0567281 0.014982 -0.0453646 -9.93847e-05 -0.029191 0.00836801 0.0401461 -0.0266606 0.0252507 0.0239794 -0.025274 -0.00393241 0.00503655 -0.0166816 0.0205375 -0.0203528 0.0105041 0.00124163 -0.0063891 -0.00682091 -0.00400324 0.00809023 0.00094858 0.0120932 0.00311774 0.0475036 -0.0247544 -0.00981835 0.0179958 0.0044974 0.00193237 -0.0142021 0.0256211 0.00342422 0.0043976 0.00101017 -0.00182069 0.0168318 0.0111708 0.0208016 0.00861586 -0.00211011 -0.0203002 0.0187255 0.00233543 0.0172221 -0.00393362 0.019708 -0.00638049 0.0233475 0.0319044 0.0026497 0.00683236 0.0256766 0.0222315 0.00073119 
-0.00801417 -0.00264462 -0.0152663 -0.0280105 0.0084862 0.016584 0.00884836 0.0110092 0.00116221 0.0282488 0.00125146 -0.0376867 -0.0503391 -0.0137601 -0.0146143 -0.0123994 0.0164655 0.0238566 -0.00348183 0.00622137 -0.00343794 -0.00521803 -0.000304917 -0.0138403 -0.0386495 0.0148306 -0.0139032 0.0253275 -0.0234851 0.0134869 0.0108399 0.00844031 0.0302064 -0.00880858 -0.00599292 -0.000730855 0.0175027 -0.0194938 -0.00979755 -0.00285745 0.0311682 -0.00560544 -0.00857976 -0.0235502 0.00520515 0.0378084 -0.00362222 0.0213257 0.0188815 0.029618 -0.0195315 0.0116988 -0.0203967 -0.00315594 -0.0170082 -0.00256112 0.0155515 0.025633 -0.0271708 0.00769436 -0.00643779 0.0168411 0.00156065 0.0192304 
0.00817575 -0.016205 -0.00383818 0.0491064 0.0104305 -0.00947767 -0.0210003 0.0116407 0.00607729 0.017481 0.018684 0.00924093 -0.0496547 0.014056 0.0174206 0.0207919 0.0125418 0.0165262 0.0194461 -0.0201402 0.0223532 -0.0177008 0.0247011 0.00916291 0.00187195 -0.0234196 0.00620481 -0.0126136 -0.0120825 0.0204265 -0.00448526 0.00263876 0.0151442 0.0482862 -0.0107471 -0.0162807 -0.0177333 -0.0175042 -0.0338393 -0.0204457 0.0570497 -0.000277378 0.000978188 0.0114885 0.0334476 0.0124771 0.0198042 -0.0382278 -0.0374045 0.00505753 -0.00399521 -0.00136634 -0.0325568 -0.00724395 0.00897728 -0.0103393 -0.01019 0.0118114 0.00959895 -0.00735344 0.0167225 -0.00846312 -0.0171664 -0.00706438 
-0.0260386 0.0438478 0.0220602 0.000742028 -0.00158293 -0.0352027 0.0190725 0.0494701 -0.0252013 0.0292625 -0.00238082 -0.0327555 0.0305705 0.0249512 0.00282185 -0.0307869 0.0188015 -0.0208247 0.0540935 0.00772413 0.0151887 -0.0290074 0.0113895 -0.0280863 0.0118039 0.00455755 -0.0207834 0.0227697 -0.0209172 0.00958687 -0.00485353 0.0324402 -0.0206514 -0.00506045 -0.0101931 -0.0280755 -0.0156598 0.0463082 0.00647999 -0.00139018 0.00797249 -0.00256363 -0.00295821 -0.00152479 0.0235983 -0.0066134 0.00314448 0.00705185 -0.0291427 -0.0230456 0.0340093 0.0372107 -0.0111555 0.00917103 -0.00954399 0.0108573 -0.0125033 -0.00772527 0.0202307 -0.00738182 0.0214489 0.00500926 0.0511448 -0.0348069 
-0.0362895 0.0251194 0.0290029 -0.0118742 0.0139112 -0.00384644 0.0155071 -0.014173 0.0121896 0.0342253 0.0081164 -0.00315401 -0.0145477 0.0103692 -0.00678488 -0.019309 -0.0170229 0.00300604 0.0433373 -0.00792175 -0.0223997 -0.0138842 -0.0198001 -0.0166683 0.0168823 -0.0111203 0.00919579 -0.0222314 -0.0102473 0.0202922 -0.00160487 0.0497169 0.0009156 -0.0261323 -0.023584 -0.0208288 0.00983341 0.0097736 0.0186424 -0.0202694 0.00437137 -0.0156647 0.0209546 0.00550234 0.0276929 -0.00056568 0.0275143 -0.0136843 0.00262908 -0.0207127 0.00411188 0.00519997 -0.010099 -0.00104915 -0.00873246 0.00612991 0.00224167 0.0303458 0.0324889 -0.0278598 -0.0224691 0.00134191 -0.0115352 0.00382235 
0.0512807 -0.0151401 -0.0105203 -0.00899101 0.0263227 -0.0108683 -0.00487427 -0.0211456 0.00902909 -0.0237064 -0.0168341 -0.017669 -0.00481119 -0.00481402 0.0277409 -0.00591588 -0.0186355 0.000765435 -0.00339543 0.0431906 0.00958337 -0.02 -0.00737983 0.000848353 0.00674847 -0.013054 -0.00358367 0.0106948 0.000197941 -0.00442291 0.0545616 0.00128838 0.0285456 -0.0199136 0.00480033 -0.0476326 -0.00791468 -0.00912553 -0.00181835 -0.0119084 0.000938901 0.00887879 0.038428 -0.0180252 -0.0256597 -0.0351888 0.0103019 -0.000782468 -0.0220969 0.00592633 0.0207435 0.0397861 0.00339605 -0.0196934 0.0123668 -0.0149943 0.0226086 -0.00802198 -0.0018608 -0.0243874 -0.0278482 0.0340252 -0.0265143 -0.0171491 
-0.00892691 0.00522178 0.0127007 -0.0227619 -0.0154404 0.0137297 0.0141308 -0.00262604 -0.00138752 -0.0222011 0.00407524 0.00897969 0.00264726 0.0252239 0.00865288 0.00934381 0.0105801 0.000691561 -0.00380846 -0.0106967 -0.0302421 0.00866584 -0.00231001 -0.0150563 0.0333453 0.0138513 -0.0213876 0.0148446 -0.00144613 0.00671385 -0.0216567 -0.0255826 -0.00925857 0.0258713 -0.00774556 -0.014082 -0.00428964 -0.031214 0.0262841 0.000816231 -0.0328926 -0.0109133 0.0356017 -0.00641036 0.0472009 -0.0349923 0.0359078 0.0137222 -0.0107867 -0.00932167 0.0262072 0.0236328 0.0319259 -0.0166673 0.0217401 -0.00907067 0.0200601 -0.0139722 0.0133575 0.0105989 0.024959 -0.0317105 -0.0135888 -0.0176718 
-0.0155431 -0.00804668 0.00770035 -0.0165137 0.0126204 -0.00772923 -0.0182492 -0.00734257 0.0134104 0.00710878 -0.0188634 -0.0227922 0.0254072 0.0140678 -0.0216036 -0.024643 0.0199578 0.00677184 -0.00951836 -0.03095 0.00518917 0.00818401 0.0129154 0.0105367 0.00189375 -0.00572116 0.00394135 -0.0020048 -0.00168736 -0.00518706 -0.0203725 -0.015099 0.0305111 0.0429545 0.0156357 0.00936689 0.0018821 0.0160204 -0.00659269 -0.0324344 -0.020505 0.014602 0.0144876 -0.0334528 0.00573221 -0.0120058 -0.00236084 -0.00981706 -0.0135234 -0.0051226 -0.00500434 -0.0258194 0.0151325 -0.0101594 0.0306682 -0.0481134 0.0229315 0.0042968 0.0136133 -0.0209387 -0.00309677 0.0106453 0.0400271 -0.016651 
-0.00340034 0.0325343 -0.00779827 -0.00448316 -0.000459869 0.0188278 0.0235476 0.018236 -0.00287416 0.00679551 0.0225312 0.0117987 0.00568591 -0.0279869 0.0183699 0.00776948 -0.00180896 -0.0185913 -0.0297029 -0.0379858 0.0281983 0.0125609 0.00620448 0.000790676 -0.0518656 -0.000239139 -0.008242 0.00174441 -0.0105446 0.0134334 -0.0383065 -0.0159506 -0.0248813 0.0351476 0.0321499 0.00917007 0.0201818 -0.0258378 -0.00477679 9.57857e-05 0.00706598 0.0131091 0.0202868 -0.016684 -0.0205849 0.0155388 -7.20389e-05 -0.0177236 0.00965704 0.0086727 -0.00742051 4.21415e-05 0.0176853 0.00933619 0.0041743 0.0131913 -0.00234956 -0.0173872 -0.00256555 -0.00209156 0.0123635 -0.0201416 -0.0154924 0.0273343 
-0.00956942 -0.0354816 -0.0278628 -0.0104836 -0.01457 -0.00259938 -0.0219579 0.00404907 0.000881847 0.0111317 -0.00534794 0.0141049 0.0273863 0.0134426 -0.0160601 0.00788754 0.0142331 0.0061763 0.00586748 -0.022836 -0.00523848 -0.00618892 -0.00891327 0.017411 0.000614601 0.030942 -0.0304881 0.0227563 -0.0100991 0.0394975 -0.0260225 0.00914392 -0.0150986 -0.0179672 -0.00358985 -0.0293887 0.0204328 0.00420257 0.0207562 0.0320205 -0.0230008 -0.0475239 -0.00883896 -0.0156688 -0.0103899 0.00128396 0.0174745 0.00111472 -0.0159274 -0.0404452 0.0158126 -0.0178771 0.00146225 0.0117992 0.00525736 0.00749692 -0.00956612 -0.0264449 -0.0160991 -0.0283683 0.0205216 0.0305439 0.00488596 0.00786633 
-0.00863124 -0.0199109 0.00427428 -0.0284473 -0.0248092 -0.00622802 0.0386716 -0.0179126 0.00354611 -0.0100362 0.0273485 -0.014764 0.0198391 0.0121369 0.025102 0.0279395 -0.0178617 -0.0180816 0.00178947 -0.0125769 -0.00238286 -0.0373352 0.0226716 -0.0279479 0.0341187 0.00543888 -0.0227284 -0.00619805 -0.00258514 0.0283312 -0.0196383 -0.000145291 0.014009 -0.00204671 0.0192339 0.0279007 0.00162689 0.00692629 -0.0149113 0.0122328 0.0267738 0.00452628 0.0173011 0.0296401 -0.00883587 -0.00733487 0.0119009 0.0231384 -0.00366243 0.00394983 -0.00783924 0.00511961 -0.0220272 0.0412556 -0.0264378 0.0498365 -0.02666 0.0192481 -0.00687323 0.024914 -0.0077526 0.00185483 0.00115959 7.23188e-05 
0.0346323 0.020215 0.0267761 0.0483211 0.00708336 0.00917359 -0.00997934 0.0577486 0.00357239 0.0165216 0.0160255 -0.0150731 -0.00725048 0.00313779 0.00359573 -0.015114 0.00304811 0.0117619 0.0176441 -0.0021724 -0.00799587 -0.00749755 0.0150729 -0.0218723 0.0221984 0.00767042 -0.0146185 -0.0237213 -0.00983636 0.0395743 0.044172 0.0091182 0.00143159 -0.00761968 0.0225374 0.0214073 -0.00926397 0.0385497 0.0290436 -0.0114551 -0.0115872 -0.00855106 -0.00863955 0.00628486 0.0142118 0.0257505 -0.0213483 -0.013995 0.00892228 -0.0223606 -0.0143364 0.0248653 0.0216097 0.000918835 -0.00144413 -0.000103665 0.0177458 -0.0079256 -0.0323628 -0.0152572 0.00333187 -0.0100909 -0.0164991 -0.0132477 
0.00232742 -0.00386486 0.00117876 -0.00110673 0.00859375 0.0307788 -0.00134407 0.00682339 0.000216675 0.0118899 -0.0230629 0.00942417 -0.0126013 -0.0148545 0.022493 -0.00506249 0.0153598 0.0105436 -0.00345622 -0.0666237 0.0197102 -0.0107224 -0.00138741 -0.023622 0.0351034 -0.000104563 -0.0110212 0.0154565 -0.0132345 -0.00845838 0.00873721 0.00462004 -0.00698357 0.0131487 -0.00215189 -0.0322219 -0.0142601 0.00951238 -0.0062039 -0.00622449 0.0180167 0.0378685 0.0212032 -0.00499711 -0.0403357 0.0153693 -0.016556 0.0082897 -0.0240797 -0.00854092 -0.026303 -0.0133398 -0.0025894 0.00534911 -0.0109873 0.0187807 0.0311166 0.00326852 -0.00591923 -0.00876869 0.00781383 -0.00396559 0.000756136 -0.0106705 
0.00148895 -0.00810581 -0.0500835 -0.0298819 -0.00387027 0.0253794 -0.0066982 -0.0175872 0.00216277 -0.0212242 0.00881947 0.00384657 -0.0303667 -0.0209415 -0.00719095 0.0274241 -0.0212779 -0.0352246 -0.0339782 0.011901 0.00233405 -0.00563464 -0.0237951 -0.0341019 -0.00785788 0.0295708 -0.0203587 -0.00768448 -0.00707763 0.0173946 0.00349774 -0.0120589 -0.013295 0.00427584 -0.0374182 0.0128087 0.0197586 -0.0322641 0.0113235 0.0212453 -0.0382052 0.0393007 0.0440488 0.00779279 -0.0335826 -0.0197881 0.00529416 -0.0188377 -0.000499163 -0.0317786 0.0292637 -0.0180638 0.0167053 -0.00153426 0.0160163 0.0101011 -0.0126511 -0.0100289 -0.00900464 -0.0195498 0.0198485 -0.00640862 -0.0043887 0.0373995 
-0.0113332 0.00458873 -0.0110442 -0.00468892 -0.0221743 0.000826843 0.00961786 -0.0253976 -0.00550315 -0.0277025 0.0342054 0.00641314 0.0151532 -0.00826144 -0.0210293 0.0219282 -0.00574422 0.00400324 0.0201342 0.00363601 0.0546181 0.00727069 0.0191323 -0.0135279 -0.00218091 -0.000318357 -0.00335145 0.0178853 -0.0598333 -0.0213173 -0.0253934 -0.0207241 -0.00194175 -0.0305086 -0.0221867 0.0369344 -0.0101135 0.00430852 0.0080254 -0.0237179 0.016118 -0.0222199 -0.00539872 0.00334762 -0.00767512 0.00577482 0.00572841 0.0141473 0.0269572 0.00666157 -0.0295614 0.0171513 -0.0203377 0.0106907 -0.0222011 -0.000866587 0.0315878 0.0308047 0.0150924 0.0139807 -0.0077088 -0.00469807 0.0168041 0.00925465 
0.00785657 -0.00888798 0.0359387 -0.0101718 -0.0352719 -0.0160833 0.0229134 0.020326 -0.0518772 -0.00183935 -0.00749537 -0.0292471 0.00600578 -0.00340879 0.0175721 -0.0275349 -0.00382492 -0.00156134 0.026639 -0.0151719 0.00189239 -0.00593615 0.00887037 -0.0185433 0.00678021 0.00667154 0.0313081 0.00606702 -0.0229188 -0.0303854 0.00647127 0.0202899 -0.0105886 0.0263965 -0.0130675 0.0153523 -0.00671895 0.00387955 -0.0364473 0.0029852 0.0202254 0.0145262 0.0305735 0.0086702 -0.0172851 -0.0355399 0.0332491 -0.017613 -0.0196078 -0.0458122 -0.0374578 -0.0330384 -0.00208709 -0.0169248 0.0351069 0.0153885 -0.00362548 0.0235238 0.00174331 -0.00868952 0.0359609 0.0206501 0.0307611 0.02306 
0.0324242 -0.00460979 -0.000914727 -0.0195513 -0.0333916 0.00887988 0.00630818 0.0459276 -0.0103104 -0.0323959 -0.00407991 0.00624788 0.00203485 0.00281415 0.00719175 -0.0153721 0.0157759 0.000140034 0.01467 0.0208081 0.0099602 0.00829318 -0.0219718 -0.0244839 0.00227485 0.0357425 0.000278415 0.0274976 0.00518219 -0.0181276 0.00944247 -0.0266017 0.000565953 0.0317711 0.0131057 -0.0271921 0.00552526 -0.00475281 -0.00483142 0.00487419 0.00247342 0.0125173 -0.0200038 0.00660091 -0.0235452 -0.0137123 0.0141211 0.00677553 -0.00874768 0.00404789 0.0192336 -0.0239 -0.01822 0.0266337 0.00383849 0.0337789 0.022213 0.00828505 0.00473388 0.0259311 0.00788275 -0.00802492 0.038246 0.0291915 
0.00849912 -0.0236676 0.0120572 0.0309392 -0.014901 0.00879097 0.01145 0.0459802 0.0437988 0.00718655 0.0293523 0.0172347 0.0317076 0.02865 -0.0193559 0.0322973 -0.0109592 -0.0111806 0.0121001 -0.039973 0.00546268 0.0156707 0.0164256 -0.0289992 0.00730656 0.0276522 -0.0178581 -0.0274616 0.00734006 0.00844192 0.0183331 0.022549 0.000339253 -0.0259923 -0.0118783 -0.000518431 0.0227739 -0.0128299 -0.00565014 -0.0208694 -0.0200446 -0.0249813 -0.0296286 -0.00587483 0.00270753 -0.0157309 0.012306 -0.0112093 -0.0148462 -0.0229796 -0.00214206 0.00490241 -0.0248291 0.0626212 -0.00373882 -0.0112727 -0.0375211 0.00965989 0.00777516 -0.0430761 -0.0373983 -0.00598404 -0.00444663 -0.00816592 
-0.00213423 -0.0230023 -0.0135944 0.012761 -0.0104478 0.00712422 0.00259236 0.000299379 0.0155979 0.0202797 -0.00234845 0.00288145 0.0183954 0.000786856 0.0238208 0.0247464 -0.000949508 0.0248992 0.0546626 0.0139593 0.0145975 0.00150859 -0.0240073 -0.00719525 0.0338005 0.00435747 -0.0358754 0.00973979 0.0217655 0.00325539 0.0198843 -0.0211556 -0.00983736 0.0331966 -0.0374119 0.0205118 -0.0283309 -0.00790077 0.0199197 0.0424975 0.0440095 0.0343633 0.00970916 -0.0224875 -0.00235158 0.0141369 0.0388531 0.00236886 -0.0106771 -0.0225156 -0.0173618 0.0248177 0.00569173 -0.00979272 -0.0196175 0.00504711 -0.000725717 0.0186613 -0.0268592 0.0139232 0.0150822 -0.0187205 -0.000937965 -0.0114546 
0.000630225 0.0180641 0.0291784 0.0274682 -6.41552e-06 0.0444379 0.0334441 -0.000152071 -0.0336031 0.00411724 0.00979819 -0.0395754 0.00912612 0.00288232 0.0169856 -0.0240734 -0.00110676 -0.00135352 -0.0269882 0.00935798 0.00456067 -0.00344608 0.00999476 0.0195569 0.0385718 -0.00201544 -0.00156622 0.0146556 -0.0115611 0.00266487 -0.0320317 -0.00012231 -0.0036294 -0.00281715 -0.00765869 0.0153204 -0.00411 0.0243412 0.0531291 -0.030251 0.0171127 0.0308073 0.0324427 -0.017195 -0.00609623 0.00391828 -0.00730728 0.00168014 0.0258915 -0.0287376 0.0240941 0.00726177 0.00471264 -0.00161456 0.0133393 0.0156279 0.0115076 -0.0215444 -0.0202259 0.0277974 0.00351543 0.0235243 0.0125029 0.0117216 
-0.00282718 -0.000307007 -0.0117426 -0.00755068 -0.0113091 -0.00375888 0.0245987 -0.0248389 -0.0110605 -0.00629117 0.031376 0.0120831 0.00647698 0.00109284 -0.0168629 -0.01701 0.0335063 0.0173445 -0.0118579 0.0148277 0.00258428 0.00609279 0.025907 -0.0155526 0.0124841 -0.00342139 -0.026611 -0.00700099 0.0127285 -0.00678152 -0.0119582 -0.0482142 0.0133094 0.05517 -0.0224736 0.00694669 0.0166365 0.0394084 -0.00599822 0.0068303 -0.000546962 0.00833783 0.0289321 0.0138034 0.0215672 0.0164573 0.0168799 0.0157199 0.0384619 -0.0115716 -0.0183261 -0.0250444 -0.0283219 -0.00459319 0.0107893 -0.00292689 0.00528059 0.00981888 0.0151413 0.0301497 -0.00136835 -0.00198904 0.0161671 -0.0199445 
-0.0289064 0.0211068 -0.0149058 0.00722681 -0.0389059 -0.0192881 -0.0315425 -0.0142901 0.0113562 -0.0315171 -0.00269689 -0.0139715 0.00535495 -9.24296e-05 0.010133 -0.0352973 0.0243341 0.0266169 0.0298015 0.0251046 -0.00806969 0.0109522 -0.0111184 0.0134918 -0.00835207 0.00498282 -0.013172 0.0367435 -0.00527237 0.017614 0.0196704 0.00114147 0.0190291 -0.0107678 -0.00547159 0.030693 0.0137849 -0.0241658 -0.0303998 -0.014096 0.0350139 0.00171385 -0.0051797 0.010477 -0.00899176 0.0259863 -0.000810176 0.00694039 -0.00815395 -0.0337791 -0.000599409 -0.00851826 -0.0355987 0.0186793 0.0251006 0.00294363 0.00897784 0.0160903 -0.00418733 -0.00781627 0.0350221 0.0185075 -0.00312668 -0.00650422 
0.0165702 -0.0324267 0.000113971 -0.00923854 -0.0042147 0.0251754 -0.0126466 -0.0203158 -0.00852669 0.00992367 0.0171255 -0.0242698 0.013117 -0.00145527 0.0234423 -0.012276 0.0358158 0.0100594 -0.00358999 -0.00133805 0.00823492 -0.00815575 -0.0212198 -0.0321083 -0.00581318 -0.000899386 0.0161237 0.0156513 -0.0349642 0.00852725 0.0317707 -0.00221818 0.0167857 0.0181291 -0.00605776 -0.0205149 -0.00249053 0.0232949 -0.000273032 0.0365037 -0.0204679 0.00695835 0.0134479 -0.00525714 -0.0183063 0.0335981 -0.0304118 -0.00226668 0.0247025 -0.00935773 -0.0240986 -0.0145746 0.00182468 0.0235932 -0.0145587 0.00651772 0.000143496 0.00685901 -0.00225126 0.0157053 -0.00818052 -0.0354875 0.0133622 -0.0136481 
0.017023 -0.00414285 -0.0221674 0.0171402 -0.00347289 0.0176043 0.00476496 0.0245303 0.039952 -0.0194582 -0.00922183 -0.0120357 0.0131146 0.0270677 -0.00941018 0.00482842 -0.0103126 0.0266168 -0.012373 -0.0366759 0.00131987 0.00257592 -0.0244616 0.00156775 0.0197124 -0.0167979 0.00605091 -0.0483623 -0.0554851 -0.0263713 0.00616439 0.0312135 0.020467 -0.00683004 -0.000480195 -0.0211095 -0.0182471 0.0284462 0.000705737 0.0154157 0.0250519 -0.0113107 -0.00883162 -0.0321371 -0.0166345 0.00800797 0.0125093 -0.00372441 -0.0231117 -0.00640458 -0.00424317 -0.0157879 -0.000614378 -0.0519093 -0.00125853 0.021534 0.0348133 -0.0317804 -0.03168 0.00639847 0.00677252 0.00664479 0.0106763 -0.0259234 
-0.0150506 -0.00912119 0.0202839 -0.0193 0.0295327 0.0106976 0.0390218 0.0294152 0.0153405 0.0158377 -0.0334961 -0.0268352 0.0132823 0.0070577 -0.00813922 -0.015827 0.00847462 0.00985751 -0.0202781 0.000521935 0.00484376 0.00385112 -0.0328242 0.00983772 0.0223546 0.0212785 0.00706873 0.0101295 -0.0265268 0.0257397 0.0216111 -0.00228054 0.0126723 0.0255147 0.01358 -0.0256713 -0.00400971 0.0348267 0.00855756 0.00630983 -0.0197495 0.0110438 0.00700377 0.0197677 0.0186679 -0.0337328 0.046966 -0.00941069 -0.0302956 0.00404954 -0.0127917 0.0266486 0.000790341 -0.00325817 -0.000827906 -0.00559992 0.0146622 0.0110225 0.0100426 0.0129471 0.021308 -0.0170705 -0.0234334 0.0118203 
0.00515622 0.00558116 0.00878851 -0.00787486 -0.00792634 -0.0370081 -0.00354584 0.00805397 0.0111761 0.0263983 -0.000306651 -0.0202833 -0.00400332 0.00401365 -0.0453728 -0.0238359 -0.0102904 -0.000159784 0.0190013 -0.0335489 -0.0183464 0.014102 -0.0145256 0.0121051 -0.0123969 -0.0101839 0.0100207 0.0114813 0.0123467 -0.0219147 0.0208822 0.0472175 -0.0142244 -0.0217947 0.00427835 -0.00150653 0.0156434 0.0255475 -0.042204 -0.0283237 0.0200678 0.0347247 -0.0097409 0.00651205 -0.00130618 0.0241694 0.00829405 0.0129209 0.0231164 0.0100743 -0.00825652 -0.00715156 -0.0033315 0.00849201 0.0251251 0.00564014 -0.0112083 0.00560677 0.0177172 -0.000956914 -0.00140848 -0.0178712 0.00149693 -0.00647322 
0.0099421 0.035423 -0.000322835 0.00498582 0.0277005 0.0122009 -0.00606045 0.0122413 -0.0286806 -0.00474417 -0.000566401 -0.0350882 0.0327213 0.0172067 -0.032863 0.0119399 0.00338692 0.0378701 0.0183258 0.0137816 -0.0101086 -0.00452866 0.0294541 -0.015869 0.0151042 0.00399314 0.0105683 0.00863708 0.0031648 0.0122409 -0.0341673 0.016779 -0.00908295 -0.00203524 -0.0143745 0.0257106 0.0286282 -0.00910021 -0.0142512 -0.0169607 0.0121905 0.00568676 -0.022701 -0.00606612 0.00091973 0.00356056 -0.0336057 0.00115858 -0.0146148 -0.00641709 0.0011355 -0.0163867 0.0146527 -0.0188736 -0.00656873 0.0408855 0.0057469 0.00711559 -0.0100238 -0.00176414 -0.0115553 -0.00593517 0.033888 0.0146453 
0.0159218 0.0162825 0.0101086 -0.0227694 -0.015384 0.0248531 -0.0138445 0.0235356 0.0365468 -0.0121051 0.0379967 -0.0239688 0.0133119 0.000141761 0.0202285 0.0354132 0.0198533 -0.0275845 0.0135212 -0.00925391 0.00832114 -0.00911689 -0.0149489 -0.010043 -0.00538687 -0.0115779 -0.000436006 0.0137669 0.0264515 -0.0162409 0.000328649 0.020528 0.00756448 0.00444027 0.00467078 0.00241476 -0.0218064 0.000506126 0.00324688 -0.0266922 -0.0153273 0.0131798 0.00124653 0.0158306 0.0124513 0.0222013 -0.00937806 0.00328324 0.00518102 -0.0471042 0.00220204 -0.0344796 -0.0231451 -0.00216908 -0.0300983 0.00977384 0.0301325 0.00739046 0.0109273 0.0286154 0.0101635 0.011582 -0.0162526 -0.0446277 
0.0329067 0.0379216 0.0113934 -0.0303954 -0.00658865 0.0090711 -0.00961776 -0.021925 0.00204469 0.0064764 0.0170389 0.0214912 0.0174657 0.0125328 -0.0204102 0.0369119 0.0170235 -0.015716 0.0171135 0.0126473 -0.0126506 -0.0387164 0.00844259 -0.0105929 -0.00563474 -0.0236601 -0.0235362 -0.0221947 -0.00154773 -0.01049 0.0171804 0.0162752 0.0193168 0.0056066 -0.0412351 -0.0389166 -0.00919103 -0.00815175 -0.00786415 -0.0104761 0.0256145 -0.00796207 0.0138476 -0.0127362 -0.0036226 0.0326777 -0.0251351 -0.00422368 -0.0397228 0.00988338 -0.0006373 -0.0240704 0.0103814 -0.0144336 0.00369255 0.00993159 -0.0103066 0.0287891 -0.00114947 -0.00106109 -0.00360557 -0.0208778 -0.00709065 -0.041378 
0.00889487 -0.037556 -0.0132531 0.0104825 -0.0185142 -0.0154046 -0.0333323 -0.00794491 -0.0309182 0.0126478 0.0220577 -0.0121056 -0.013623 -0.00560094 -0.00929877 -0.00287582 0.0024638 -0.011143 0.0414102 0.00732701 0.0291478 -0.00208656 -0.00876939 -0.0330754 0.00520941 -0.0112274 -0.0163253 -0.000832662 -0.0174712 0.0120456 -0.0396133 0.0146887 -0.0258085 -0.00415998 0.013514 0.010812 0.03003 0.0275431 -0.000363302 -0.00710068 0.00278894 -0.0114169 0.00824475 0.00264045 -0.00593944 0.000469481 -0.000852179 -0.004652 0.0268425 0.0268335 0.00211308 -0.0151716 0.0164463 0.003243 0.0126846 0.000385314 -0.011496 0.0054386 -0.00979732 0.0307386 -0.0187338 0.0212186 0.00261268 0.000961572 
0.00222456 -0.0214619 0.0194402 -0.0229383 0.0213276 -0.0451812 -0.000854579 -0.0054111 -0.0265178 0.00526416 -0.0176737 -0.0142375 0.0214589 -0.0134642 0.00224814 0.0158716 0.0185379 0.0146329 -0.00834273 -0.0314267 -0.01445 -0.00389105 0.00999412 -0.0291735 -0.026121 -0.0330322 0.00624013 -0.0229236 0.0334905 0.0381401 -0.0194432 0.00883241 -0.0332211 0.00716835 -0.00764356 -0.00118478 -0.00341636 0.00844967 -0.00639354 -0.00742658 0.00693707 -0.0295379 0.000421262 0.00591037 -0.0142907 -0.0122299 -0.0208186 0.0235526 -0.0149581 -0.00212106 0.00376822 0.00217863 0.0192563 0.00320062 -0.0057146 0.0183484 0.0035599 -0.0162301 -0.0378991 -0.00144862 -0.0279319 -0.00893185 -0.0118504 -0.00182399 
-0.0221742 0.0361771 -0.0138036 0.0221182 -0.000526369 -0.0216034 0.0193248 -0.000476204 0.0344588 0.0147772 0.0325452 0.0140228 0.0111909 0.009407 0.0134035 -0.00309234 0.0125773 0.0137457 0.0239569 -0.0185774 0.00232303 -0.0211005 -0.0158147 -0.0236974 -0.0110544 -0.0317671 -0.0344633 0.00247547 -0.0168668 -0.0234554 0.034316 0.0103845 0.0136384 0.00494999 0.032673 0.00594036 0.00879007 0.035008 0.00624439 -0.0193465 -0.0302092 -0.0117526 0.0142943 -0.00406873 0.0271645 -0.0216047 -0.040731 -0.0356818 0.0214054 -0.0156791 0.00880764 -0.00539948 0.00342677 -0.0263963 -0.0131719 0.00466132 -0.012728 -0.0232352 0.0364623 0.0103156 -0.00812725 0.0055021 -0.0334025 0.000996348 
0.0270994 0.00908106 -0.0207338 0.00137579 -0.0135501 -0.0153128 -0.0396021 0.00386654 0.00515183 -0.00701566 -0.0184604 -0.00734545 -0.0140424 -0.0118729 -0.0404739 0.0378463 -0.00763441 0.0128202 -0.0284781 0.0346573 -0.00573288 0.00153783 -0.0105182 -0.00631543 0.0100632 0.015759 0.00485524 -0.00996419 0.0265258 0.0353615 -0.0066002 0.0209407 0.0195473 -0.0151018 0.0209712 -0.00809871 0.0207264 0.0169648 -0.011528 0.0178524 0.0256765 -0.0239062 -0.0178692 0.0196393 0.00164098 -0.0189144 0.00287179 -0.0021548 0.0160534 -0.00311584 0.0341599 0.00635098 -0.00241676 -0.0155317 0.0260638 -0.014675 0.000580074 0.025273 0.0106083 -0.0222237 -0.00109456 -0.0363747 -0.0186301 0.0163407 
0.0217186 -0.0241697 -0.0207067 0.00503929 0.00305992 -0.010143 -0.0279001 -0.0264919 0.0299506 0.0305528 -0.0207976 0.0171433 0.0015768 -0.0137797 -0.0128617 -0.00441584 0.0350922 -0.00719366 0.0244505 0.0185361 0.0159492 0.0212668 -0.0187936 0.00741408 0.00110211 0.0233305 0.0511599 0.0313021 -0.00889323 -0.0096461 0.0116462 0.00617821 -0.0439181 0.0363312 -0.00444338 0.0225419 -0.00247256 0.0226965 0.00713274 -0.0191553 -0.0266942 0.00181401 -0.00822095 0.000315786 0.000472838 0.00919465 -0.0318066 0.0138063 -0.0254501 0.0492208 0.00357967 0.00974508 -0.00775862 0.0451599 -0.00424034 -0.0150932 0.0291668 -0.00620025 -0.030435 -0.00441613 -0.0226726 -0.00472152 0.0287921 0.02242 
0.00544491 0.0508815 0.00113312 -0.010054 -0.0220223 -0.00473335 -0.0164012 0.00276728 -0.0270868 0.00763098 -0.00891727 -0.019051 -0.0175344 -0.000795478 0.0220084 -0.00252122 -0.0330893 0.00573125 -0.013924 0.00326189 0.0187301 0.0125951 0.0102226 0.00130024 0.00303199 -0.00693606 0.00206911 -0.00679542 -0.0124188 0.00639761 0.0148822 0.0111185 0.00741529 0.0089712 -0.0109318 0.00668975 0.00487394 -0.0433659 -0.00385921 0.0094158 0.0231941 0.0141388 0.0144261 0.0258422 0.000525887 -0.00285353 -0.0252919 -0.00737384 -0.00509812 -0.00636614 -0.00928677 0.0221921 0.0154079 -0.0105956 -0.0253036 -0.00984106 0.00951575 0.0109016 -0.00563412 -0.0183341 0.0141007 0.0395738 -0.0157775 -0.00867016 
-0.00864872 0.009939 -0.00605511 0.0582703 0.0222805 0.00759607 -0.0200052 0.00907264 -0.00870676 -0.0121913 -0.0138332 0.0135274 0.000849547 -0.026052 -0.0411539 0.00705643 -0.0210646 0.0308504 0.0245102 0.0258188 0.0422537 0.00825203 -0.00370849 -0.0167017 -0.0331565 -0.0131771 -0.0156297 -0.0157886 0.00472687 -0.0132515 -0.0133418 -0.0129089 0.0179125 -0.0142837 -0.0265623 0.0071087 0.00637836 0.0208415 -0.013319 -0.0103187 0.00200068 -0.0409466 -0.0139941 0.0163219 0.0118564 -0.0139115 -0.0350032 -0.0215136 0.0226635 0.0189984 -0.00109969 -0.0330983 -0.0125848 -0.0178482 0.00418107 -0.00919562 -0.00732685 3.92821e-05 -0.00213919 -0.00677551 -0.00247954 -0.042876 0.00208792 -0.0170938 
-0.0060059 0.0157542 0.00569428 -0.0160949 0.0297235 -0.0120893 0.0392128 0.0117103 -0.010155 0.000171862 0.00650376 0.00811028 -0.00825301 0.0420512 0.0212997 -0.0153705 -0.0199675 -0.0120187 -0.0303094 0.0324827 0.0437494 0.028291 -0.0293668 -0.0207149 0.00106231 -0.000444618 -0.0392349 0.00794997 0.0230018 -0.000537389 0.0019416 0.0279219 -0.00667192 0.00713169 -0.000967425 -0.0193338 -0.0530755 -0.000625432 -0.000445821 0.0127316 -0.0194988 0.0235754 0.0212152 -0.0136398 0.0176122 0.000420511 0.0141986 0.012462 0.00809476 0.0278198 -0.00866771 0.0134767 -0.00955042 -0.0319539 0.0275941 -0.0428142 -0.0434436 0.0305153 0.00564568 0.00879562 -0.0410705 -0.00364659 -0.00470193 0.00798322 
0.00130704 0.00679969 -0.0103755 -0.0196139 -0.00337369 0.0422987 0.0178529 0.00246972 -0.00254 0.0207739 -0.022017 -0.0247741 -0.0170413 -0.00852992 0.0215341 -0.0159485 0.00747972 -0.0156608 -0.00597086 -0.0143851 -0.00943068 -0.0274081 -0.0195477 -0.0158131 -0.0172686 0.000465676 0.00768668 0.0258922 -0.0141088 0.025053 -0.0236134 -0.00486545 -0.00562839 0.0216011 -0.00718196 -0.00467018 -0.0028658 -0.00981073 -0.0290562 0.0186029 0.00752726 -0.000129688 0.00516023 0.0176147 0.0557665 -0.00388319 -0.000462213 -0.0210775 -0.0241583 -0.0157929 0.0200593 -0.0378313 -0.00208289 -0.0159346 0.0195888 -0.0212031 -0.00688943 -0.0384229 0.00400396 0.0193994 -0.0122486 0.0346665 -0.00333345 0.00207106 
-0.0383234 -0.00333778 0.00922194 -0.0305889 -0.00424461 0.0258594 0.0112275 0.0302592 0.00311969 0.0154239 -0.0253308 -0.0334816 -0.00987571 -0.00725786 0.0138177 0.0412856 0.0203404 -0.00126801 -0.025611 0.0195977 -0.00421572 -0.00308737 -0.0247182 0.0183639 0.0226225 0.0097781 -0.00104585 0.00452914 -0.00791299 0.0142781 -0.0169392 0.00455177 -0.0045698 -0.0072743 0.0218231 -0.00292878 0.000739798 0.0101057 0.0219364 0.0152068 -0.00571253 -0.0164102 0.0279132 0.000106593 0.0152135 -0.00334676 0.00241508 0.00151958 0.00647631 -0.0289543 0.0310308 0.00863946 0.0103956 0.000182643 -0.0105852 -0.0268548 0.0287479 -0.0176232 -0.0109934 0.00871675 -0.019089 0.00640193 -0.0287532 0.00337506 
-0.00608678 0.0422589 0.0386708 0.0109279 0.0142085 -0.00602137 0.0101067 -0.0118519 -0.0153541 0.0197585 -0.0148939 0.000901845 0.0422363 0.00257431 0.0184549 -0.00406558 -0.0391288 0.0148999 0.0171844 0.0380265 -0.0260681 -0.00337121 -0.00216206 -0.00914064 -0.0437868 -0.0134813 0.0157133 -0.039277 -0.0475927 -0.0403668 -0.0163652 -0.0144874 0.0158096 -0.0127541 0.00164623 -0.0233323 -0.01352 -0.00112194 0.0226373 -0.0088219 0.043786 0.00305728 0.0132219 0.00702076 0.0164866 0.0360409 -0.0264175 0.0272032 0.0474775 0.0206769 -0.000178552 -0.0190231 0.00959554 0.0265916 -0.0278512 0.00496967 0.0190748 -0.00376894 -0.0187022 0.0199223 0.0395199 -0.00427155 0.00104286 0.0276716 
-0.00502969 0.00439047 0.010616 -0.0127374 0.0258293 -9.57079e-06 0.032341 0.0104369 -0.0118343 -0.013072 -0.00532525 0.000168096 -0.0313505 0.018987 0.000685146 0.0129473 0.00333288 -0.00568292 0.0310533 -0.0332733 0.0211985 -0.00224747 -0.0132204 0.00956116 -0.0215186 0.0223076 0.0272953 0.00307 -0.0100517 -0.0189405 -0.00654325 0.00451006 0.00427702 0.0244563 0.00519098 -0.0278553 0.023989 0.0148132 -0.0288257 -0.00308212 0.0114394 0.016753 -0.0205985 -0.0341175 0.00857487 -0.00692526 0.000490501 0.00348599 0.0131546 0.0177715 -0.00957557 0.00575778 -0.0226853 -0.0129837 0.0181896 0.00161702 -0.000514094 -0.0421495 0.02252 -0.00922558 0.00490388 0.00505087 0.00964032 0.0101922 
-0.0311025 -0.0170833 0.00669206 0.0233943 -0.0412852 -0.0138413 0.0105405 -0.0271238 0.00499898 -0.00096475 -0.0313366 -0.0210582 0.0180845 0.0149453 -0.0111151 0.0154832 -0.011081 0.0240707 -0.0353405 0.040212 -0.0095305 0.0196981 0.0316026 0.00779965 -0.0100062 -0.032867 -0.00993328 -0.0360236 -0.00880392 0.0304241 -0.0123586 -0.00977172 -0.00629826 0.0137584 0.0072953 -0.00839509 0.00238207 0.0348292 -0.00208024 0.0309571 0.0360445 0.021207 -0.0253705 -0.00406983 0.00733787 0.0150201 -0.0104211 -0.021704 0.00171787 -0.00327791 0.00409941 -0.0104654 0.00872182 0.0150401 -0.0233709 -0.00692453 0.0032386 0.00313367 -0.0228223 0.0150235 -0.0252593 -0.00736956 0.0337396 0.0232116 
0.0343114 0.00612003 0.0319979 -0.0227905 -0.015318 0.040749 0.010392 0.00105255 0.00258747 -0.0302328 -0.00286058 -0.00290812 0.0510953 0.0232375 0.0392275 0.00498148 0.00503328 -0.00426316 -0.00520264 -0.00535279 0.00331416 -0.000828554 0.00826398 -0.010602 0.0313331 -0.0045554 0.0232504 0.00493193 -0.0132043 -0.0167557 -0.0323957 0.00343965 -0.0123221 -0.00919724 -0.0269397 0.0389434 -0.00573024 -0.0174883 0.00819802 -0.00358449 -0.0264721 0.0108937 0.0310638 -0.0206961 -0.000952384 -0.0400457 0.00590432 0.0527818 0.0166362 -0.0326139 0.0321288 -0.00697299 -0.0319293 -0.0126219 -0.0072454 -0.0127164 0.00335091 -0.0178289 -0.0366455 -0.0257103 -0.0109501 -0.0109537 -0.00464301 -0.00323443 
-0.0143099 0.0125035 0.00404387 -0.017691 0.0316704 -0.0341156 0.0028882 -0.00601845 0.0332703 0.00975274 -0.00556227 0.00767756 0.00703721 -0.018037 -0.0119359 0.0188513 -0.0144698 -0.00996759 -0.00136244 -0.0154153 0.0152454 -0.0272662 -0.0111064 -0.0103464 -0.0164952 -0.0521675 0.0150914 -0.0450276 0.00616678 -0.0217644 0.00893584 0.00923393 -0.00438646 -0.0554158 -0.00623227 0.00451423 -0.0195426 0.0046902 -0.00789012 0.00812468 0.000267486 -0.0285345 -0.0329937 -0.00331395 -0.00993695 0.0297315 0.00262828 -0.000228753 -0.0199385 -0.0562186 -0.0218349 -0.0076654 -0.0147185 -0.00224912 -0.035106 -0.0113653 0.00252871 0.0224441 -0.036814 -0.0159146 0.00942614 -0.0122226 -0.0201518 0.00109456 
-0.0222099 -0.00892649 0.00292054 -0.0291617 0.0195013 -0.00468202 0.0177967 0.00900675 0.00759135 -0.00325154 0.0282426 0.01551 0.0017477 -0.026329 0.0167969 0.0150781 0.0375525 -0.0796459 0.0497757 -0.0574513 -0.0277056 -0.0156313 -0.0364917 -0.0158402 -0.00270319 -0.0329276 -0.00411401 0.00195614 -0.0150715 0.0139469 0.0146471 -0.00708634 0.00528237 0.0181627 -0.0212163 -0.0122817 -0.000707538 -0.0170425 -0.0111796 -0.0070612 -0.000882797 -0.00792147 -0.0211053 0.00409962 -0.00431832 -0.00900525 0.00437502 -0.0192529 -0.00122174 -0.00916116 0.00205391 -0.0219248 0.023479 -0.0246232 0.00648039 0.0157946 0.0212503 0.0569772 -0.0491368 0.0106131 0.00469479 -0.00892288 -0.00517882 0.00182209 
-0.00327245 0.00181611 0.00355668 -0.0246461 0.0101501 0.0265422 -0.00841279 -0.041275 -0.041061 -0.0103062 -0.00402433 0.0384354 0.0244949 0.00632199 0.00930363 -0.0301349 -0.0131473 0.0269284 -0.0156179 0.00587932 0.0221448 0.00978859 0.0244349 0.00592621 -0.00707592 -0.00271499 0.012632 0.0147749 0.0452453 -0.00160043 0.0210206 0.0234383 -0.0109622 -0.030441 -0.0266262 0.00513511 -0.00364783 -0.0505227 -0.0264489 0.00531807 0.0142915 0.00509248 -0.0310442 -0.00875554 0.0133612 0.000349375 -0.0177258 -0.040536 -0.030244 0.0108022 -0.0416009 0.00761901 0.015524 -0.0191947 -0.0102399 -0.014408 -0.0167628 -0.00361569 0.0499571 0.0157909 0.0250794 0.0463431 0.0277894 0.0415966 
-0.00381573 -0.0468371 0.0159857 0.00198893 -0.00297726 -0.0250831 -0.00717486 -0.00759064 -0.0033386 -0.0126077 0.00963457 -0.0287216 -0.0163102 -0.0145518 0.00470942 0.0144239 -0.0242448 -0.00862686 0.00747644 -0.0180616 0.0117454 0.0188717 -0.0132719 -0.0216184 0.00551553 0.0127491 0.00757971 0.00161787 0.00873563 -0.00480371 0.00758072 -0.0132349 -0.0128365 0.00980612 0.0264221 -0.0148358 -0.00821246 0.00245456 -0.0109173 0.00780338 -0.0252754 -0.0117349 -0.0217269 -0.00686386 0.00761313 -0.00310805 0.00576278 -0.00130514 -0.00877271 0.0175677 -0.0133878 -0.00960332 5.95243e-05 -0.041544 0.00709998 -0.0243841 0.0145575 -0.0197633 0.0178044 0.00579886 0.00910141 0.00793509 0.00528416 0.015503 
0.00966951 -0.0259223 0.0413007 -0.0426253 -0.0164695 0.0342755 0.0124383 -0.00773018 0.0109071 0.0183552 -0.0244646 -0.0250652 -0.00523296 0.00749569 0.0485918 0.00329989 -0.0374631 0.000824015 0.0522573 0.0013643 0.0247413 -0.0205166 -0.0182971 -0.0214659 0.00606868 0.0290301 0.010098 -0.0289236 0.00678076 0.0258142 0.0163752 -0.00343954 0.0034544 -0.0175527 -0.00118414 -0.0132516 -0.00749699 -0.0269296 0.0127863 0.00955097 0.0388342 0.00456927 -0.026453 -0.00079564 -0.0281828 0.0173014 -0.00698724 -0.0164089 -0.0311236 -0.029708 -0.00994302 -0.0038483 0.019543 0.0219448 -0.0235411 -0.0361171 0.0149973 0.0280179 -0.0225569 -0.021252 0.0161173 0.021497 -0.0123922 -0.0160575 
-0.0120324 -0.00968071 0.010312 0.00662963 -0.00689612 -0.0487626 0.0115045 -0.00106403 -0.0125557 0.0364257 0.00269591 -0.0261826 -0.0186498 -0.00931517 -0.0125203 -0.000837054 0.0101395 -0.0507039 -0.0163922 0.0153033 0.0223828 -0.0298053 -0.02411 -0.0012149 -0.00619044 -0.00188 0.00284233 0.0243675 0.00394641 0.0113282 0.0556778 0.00583805 -0.0116171 -0.00234975 -0.0167094 0.00991964 -0.00175646 0.00381106 -0.0227629 0.00859449 -0.0190038 0.0206239 0.0250645 -0.0115724 -0.00314802 -0.0128902 0.0307623 0.00317911 0.0113731 0.0163366 -0.0052933 0.0120693 0.00185202 0.00777514 -0.0067288 0.00151303 0.00676064 -0.0305227 -0.0086618 -0.0429224 -0.00790478 -0.0044857 0.0401722 -0.0239009 
-0.0105943 0.00779079 0.0502226 -0.0080193 -0.0113611 -0.00884286 -0.000886454 0.0261628 -0.00960026 0.0099086 -0.0231181 -0.0216725 -0.0181263 -0.0179782 0.0272419 0.0263585 -0.00971746 -0.0392119 0.00959639 0.00550124 -0.00307411 -0.0392143 -0.00303525 -0.00891056 -0.016943 -0.0143233 0.0170114 -0.000272774 -0.0228425 -0.00313759 -0.0223187 -0.00303619 0.0129889 0.0224297 0.0235981 0.00917185 -0.0177673 0.0411322 -0.00549765 0.0252708 -0.0217949 0.0175928 -0.00371645 0.0125553 -0.0148525 0.00645023 -0.0171251 -0.033339 -0.00486647 -0.034287 0.0205114 -0.0120284 -0.0176532 0.02814 0.0102695 -0.0294215 -0.00857312 -0.0156869 0.015071 -0.0315485 -0.00906912 -0.011791 -0.00782203 -0.00154558 
-0.0205048 -0.0483846 0.0196348 0.00487369 0.0437995 0.0451205 -0.0336732 -0.00134496 0.00549017 -0.0285724 0.00490843 0.0149288 0.0179506 0.00856619 0.00964817 -0.0150377 0.00639276 -0.00367605 0.0129193 -0.0143029 0.00199579 -0.00883566 -0.0343504 0.00205435 0.0133721 -0.0110647 0.0136629 0.010405 0.0302177 -0.00732766 0.00835409 -0.00848542 0.0294904 -0.00839717 4.2912e-05 0.00589399 -0.00628674 -0.00608615 -0.01829 0.0176914 0.00137494 -0.0345166 0.000449925 0.00910805 -0.000638279 -0.00538482 0.00928718 -0.00734918 -0.00312055 -0.0206573 -0.0457683 0.00424686 -0.0165739 0.0158894 -0.0302186 -0.0220797 -0.0169132 -0.0440417 -0.00956703 -0.0150127 0.00596463 -0.0286742 0.0110883 0.0101175 
-0.00359893 -0.0615158 0.0191644 0.00144161 0.0225358 -0.00131801 -0.000992213 0.0136937 0.00806808 -0.00762092 0.0313917 -0.00152405 0.0166226 0.0162691 -0.0171709 0.00436272 -0.0031846 0.00151212 0.0181097 -0.0116605 0.0202425 -0.00104436 0.0200201 -0.00275715 0.018164 0.00692068 0.00813341 0.0404566 -0.00677865 0.0182833 -0.0294601 -0.00288578 0.0182531 0.00556829 0.0132985 0.0131531 -0.00305382 -0.00901002 0.0234102 -0.0101551 0.0117655 -0.00571457 0.0478411 -0.0274501 -0.058592 0.0124383 0.014769 0.00168725 -0.00723317 0.0278059 -0.010854 -0.00965762 -0.0228352 0.0587483 0.00658214 -0.000671537 0.0136408 -0.0225272 -0.0201871 -0.0110194 -0.00381178 0.0133621 -0.0172887 -0.0120089 
0.0376456 -0.0191771 0.0296419 0.00800431 -0.0086133 -0.00351743 0.00161994 -0.014235 0.0099759 -0.00834305 0.0209446 0.00194015 -0.0288934 0.0148283 0.0181519 -0.0137138 0.0255419 -0.00209947 0.00996363 -0.0356031 -0.0324797 0.016202 0.0303118 0.0166596 -0.017677 -0.0202225 -0.0178206 0.0210447 -0.00264777 0.0224721 -0.00623203 0.0147162 -0.0269746 -0.0100908 0.0341278 0.0216552 -0.00564905 -0.0344328 0.0280269 0.0291815 0.0326672 0.0329519 -0.00116437 0.0251049 0.00997463 -0.00271061 -0.0282696 0.00493619 -0.00654417 0.0200228 -0.0352983 -0.0235716 0.00187866 -0.00732006 -0.00979587 -0.0235015 0.0140494 0.0121713 -0.0248947 -0.0244062 0.002374 0.00859712 -0.0218696 0.0184656 
-0.00361209 -0.0343079 -0.0258184 -0.0257532 0.0245092 0.0448884 0.00145223 0.00437007 -0.0136933 0.0298262 0.00520675 0.00670009 -0.000740591 -0.0188681 -0.00253314 -0.00324237 -0.00393608 -0.0149147 0.0212721 0.0159249 -0.00269038 -0.0245331 -0.00194543 0.0251076 0.0020299 0.00806713 0.016371 0.0286459 -0.0300757 0.0125438 -0.00647596 -0.0236423 -0.00965041 -0.0220229 0.00758176 0.0115977 -0.0120001 -0.00283393 -0.0244028 -0.0224715 -0.00389268 -0.0426795 0.00962229 0.00156216 -0.0122207 -0.0225314 -0.00154525 0.0107078 -0.00367668 0.0115985 0.0198464 0.00690641 0.00496933 -0.0143105 0.0150261 0.0135932 -0.0057209 0.0310749 0.00316074 0.0452029 -0.00560604 -0.00417466 0.0121577 0.00878448 
0.0183626 0.0324024 0.00889413 0.0195657 9.36096e-05 0.028376 0.013262 0.024539 -0.0045077 0.0027291 0.000794132 0.00854256 0.0218064 0.00807968 -0.00414348 0.0268905 -0.00558609 -0.0178092 0.0106101 -0.0132793 0.0157867 0.000586404 -0.00640882 -0.00177593 -0.0141755 0.0221785 0.0191841 0.000251967 0.0141352 -0.00391532 -0.0468361 0.0135504 -0.012759 -0.019431 0.0290817 -0.0240423 0.0383198 -0.0104696 -0.0302862 0.0258069 0.0105512 -0.00382918 0.00902834 -0.0047026 0.00877652 0.0104722 0.0272761 0.0139941 0.0299877 -0.00994559 0.0439734 -0.0316369 -0.018024 -0.0148012 -0.0077433 -0.0270528 -0.000327793 0.0106353 0.0251034 -0.00835448 -0.0433554 0.0253669 0.0185859 0.0102905 
0.00775929 -0.00947061 0.00076438 -0.0286939 -0.00233022 0.0304235 0.0266953 -0.0392063 -0.00243442 0.0493024 -0.00038412 -0.0260587 -0.000821792 0.00261404 0.0104189 0.00713411 0.000545411 0.0148763 0.0307806 -0.00523469 -0.00717729 0.00840979 0.00623518 -0.0153074 0.0334208 0.00728418 0.0241956 0.0335441 0.014742 -0.00988383 -0.0166166 -0.0267557 -0.00452528 -0.0528215 -0.00832133 -0.0395173 -0.0277717 -0.00535163 0.00329883 0.0145646 0.0187464 0.000945162 0.00810372 -0.0393361 -0.00553691 -0.0113019 0.0154937 0.0155028 0.00109069 0.00211421 0.000855476 0.0358819 -0.0167728 -0.00392713 0.00667833 -0.0267697 -0.0145642 -0.00104883 -0.000187774 0.0020108 -0.000402563 -0.00976046 -0.00125709 0.0241452 
-0.00482607 0.00941 0.0180255 -0.0262682 -0.0165039 0.0173515 0.00455458 -0.00335311 0.0221646 0.0134075 -0.00499118 -0.0122069 0.0178351 0.0190494 -0.0206826 -0.0214544 -0.0381593 -0.0310291 0.00227791 0.00253157 0.000321029 0.00245213 0.014833 -0.0494554 0.0211741 -0.0370777 -0.00608087 0.0238248 0.0222206 -0.0199538 -0.00537517 0.0372091 0.0043692 0.0258706 -0.00191977 -0.0146408 0.00935082 -0.00769363 -0.0155156 0.00876358 -0.00601321 -0.00389274 -0.00363624 0.00217887 -0.00743259 -0.0264029 -0.0258422 -0.0197305 -0.0300415 0.0100545 -0.00631749 -0.0144096 0.0449765 -0.0258154 0.0148069 0.00129274 0.0258381 -0.000609373 -0.00447616 0.0223309 0.0126957 0.00499058 -0.0132061 0.00599831 
-0.0351297 -0.00753563 0.0238976 0.0120567 0.0203806 -0.0175585 0.0293427 -0.023878 -0.00572468 -0.0306921 0.00296546 -0.0405086 0.0267428 0.0382176 0.00045579 0.00784363 -0.00759876 -0.00193687 -0.0150968 0.00289777 0.015402 0.00811812 -0.00710778 -0.00700513 -0.0249011 0.00767563 -0.0262293 0.000354156 -0.0480187 0.0304107 -0.00621157 -0.0026629 -0.0264536 0.0499525 0.00455737 0.0333997 0.0332541 0.0152831 -0.0272741 0.00738767 0.0134771 -0.0358282 -0.00362451 -0.0405336 -0.000289878 0.0083763 0.00577337 0.00317376 -0.00865221 0.0138306 -0.00762291 0.0447508 -0.0326121 0.0168172 0.0123594 -0.0113659 -0.00681383 -0.0193979 -0.0356942 -0.0120932 0.0327897 -0.00693522 0.0150126 0.00722351 
-0.0401394 0.0162776 0.000906043 -0.0239877 -0.0348385 -0.0018854 0.00833592 -0.0141535 -0.0123733 -0.00818095 -0.0191954 -0.0126376 -0.0501154 -0.00751493 -0.000784926 0.0200344 0.00284504 0.00435995 0.00829968 0.00824163 0.0275993 0.0177504 -0.0038425 0.0229293 -0.00471314 -0.0309338 -0.0414457 -0.0092419 -0.0239876 0.0248426 -0.0153933 0.0177522 0.00363077 0.00191638 -0.00290874 0.00455085 0.0106272 -0.0141835 -0.00496335 0.0151468 0.0220666 0.0233024 0.00705756 0.0182397 0.024102 -0.00843227 0.00853215 0.0102643 0.017692 0.0289644 0.00184066 0.0109756 -0.0482863 0.0179119 -0.00611235 -0.00903998 -0.0164621 -0.0716444 -0.0138536 0.00619302 0.00982995 -0.00641361 -0.00503394 -0.0410874 
0.015705 -0.00910824 0.00363327 -0.00911885 -0.02148 0.019306 -0.000483098 -0.0250491 0.00448816 0.0227249 -0.0154288 0.041142 0.0153208 0.00851795 -0.00166108 0.00180474 0.0112436 -0.0120227 -0.000118828 -0.0160249 -0.0146104 0.00542511 -0.00349845 0.0122304 -0.0062854 -0.0123343 -0.0014937 0.0130262 0.00171527 0.0108016 -0.0253482 0.00518002 0.0239835 0.0566825 -0.00253609 -0.0202701 0.00551944 -0.0031895 -0.0161456 0.0186454 -0.0265205 -0.0145782 -0.0121489 -0.0507862 0.0148778 0.0236094 0.00532613 -0.000953402 -0.0247507 0.0161063 -0.00994269 -0.00910969 -0.000131878 -0.0220482 0.0127738 0.0174944 0.0109996 -0.00251658 -0.0209972 0.00326974 -0.0391595 -0.0079827 -0.00590054 0.0246948 
-0.000756418 -0.0137411 -0.00232699 0.0101234 0.0186782 0.00989803 -0.00758511 -0.00403803 -0.0141564 0.00786567 -0.00852793 0.00276235 0.0293624 0.0145789 -0.0265622 -0.00456128 -0.0337545 0.0204813 -0.00618767 -0.00122112 0.0291108 -0.00212842 -0.00938851 0.00527336 0.00663036 -0.000712317 -0.0258703 0.00557893 -0.00148479 0.0371719 0.0103587 -0.00801985 0.0190155 0.0286319 -0.0193028 -0.011882 0.0221839 2.89551e-06 0.0227757 -0.00883687 -0.00707034 0.00233917 -0.0136099 0.00430798 -0.00996998 -0.0261623 -0.0126183 -0.020355 -0.0182206 0.0119354 -0.0130588 0.00638094 -0.04246 0.00308424 0.00478589 -0.0163448 0.0257747 0.00422179 0.00212656 0.0123704 -0.0148453 0.0299067 -0.0332052 0.0185321 
-0.0089067 -0.0278608 0.0212355 0.00370682 0.0231516 0.00170517 -0.001793 0.00674408 0.00352837 -0.00254581 -0.0126117 0.00157583 0.0114346 -0.0265976 0.00675838 -0.00489431 0.00993441 0.020301 0.00881784 0.00736835 -0.0271041 0.00543617 -0.00911971 0.0129888 0.0516021 -0.00748066 -0.013133 0.0331296 0.0281061 0.0073959 -0.00131734 -0.0301158 -0.0219939 -0.0158195 0.00789716 0.0436719 -0.012876 0.00492546 0.0115749 0.00440009 -0.000633999 -0.00900359 -0.00328946 0.0185635 -0.00570533 0.00994333 0.0331693 -0.00879504 0.00359931 0.0176235 0.0162428 -0.0332667 -0.0279108 -0.0158425 -0.0246392 0.0131925 0.0271389 -0.0158763 0.0130217 0.015639 0.00777972 -0.0215112 0.0215421 0.0037394 
0.00570007 0.0153699 0.0156272 0.00295785 -0.0233833 -0.0100677 0.0383181 0.00391256 -0.0138699 -0.0300298 0.01633 0.0305349 -0.0150615 -0.0263983 -0.0423825 -0.0111094 -0.0240809 -0.0493627 -0.0083674 -0.015839 0.00919165 -0.0356191 -0.0171868 0.0150858 0.00344221 0.0154733 -0.0279332 -0.00921919 -0.000749514 -0.0152628 -0.00579652 -0.00685301 0.0378963 -0.0228411 0.0344211 -0.0135693 -0.00713578 -0.0417761 0.0341166 -0.00363145 -0.0247791 0.00602854 -0.0272295 -0.0215338 0.0210994 0.00774961 -0.0283599 -0.00833017 0.00308834 0.0221542 0.0324699 0.0169944 0.00864252 -0.0170925 0.0210801 0.0205852 0.0268142 0.0126595 0.02247 -0.0316434 -0.0233895 0.0120895 -0.0139222 -0.0563778 
-0.0252238 -0.00559689 -0.0274218 0.0238436 0.0204088 0.0234421 0.0068492 -0.0205439 0.0149382 0.00201358 0.0205558 -0.0045394 0.00851376 -0.00873758 0.0155036 -0.0145347 -0.0415589 -0.0104169 0.0452086 0.0261851 0.00212398 -0.0226885 -0.0136251 -0.0123054 -0.0116572 0.000375803 -0.0215915 0.00982153 -0.0230146 0.0145916 -0.0156335 -0.0108587 -0.0149498 -0.0287226 0.0204131 -0.00494053 0.0198141 -0.000799306 -0.00310873 0.00688173 0.0301156 -0.0013676 0.0327601 -0.0356391 0.00768405 0.0137432 -0.0614204 -0.0405137 -0.0189075 -0.0294627 0.0145159 -0.0354077 0.00286921 0.0101021 0.0373248 0.0285684 0.0154126 0.00114694 0.0186231 -0.0183636 0.0583596 -0.00542201 -0.00219018 -0.0143919 
0.00373087 0.0110986 0.0294479 -0.00351336 -0.0143918 -0.0160758 0.000809694 -0.0127203 0.0217652 0.0570769 -0.0273738 0.00775168 -0.0150837 -8.68448e-05 -0.00999647 -0.0159168 -0.0179636 -0.015108 0.00583524 0.0222569 -0.000819884 -0.000928134 -0.0338263 0.02143 -0.0148313 -0.0240148 0.00151029 0.0264199 -0.0177475 0.0141598 -0.0134596 0.0358723 0.0175516 -0.0201322 0.00672002 -0.00724596 -0.0142982 0.0186225 -0.0182277 -0.00621077 -0.000871182 -0.0275982 -0.00690435 -0.00573733 -0.0362691 0.000569879 0.0332644 0.0135085 -0.0116128 -0.0255258 0.00116733 0.0332175 0.00400545 0.00387038 -0.0415742 -0.0233227 0.000119 1.05839e-06 0.00664844 -0.000483966 -0.013378 0.00690694 -0.0122641 0.0283575 
0.0382959 -0.0199864 0.0193234 0.0241808 0.0230176 0.0257901 0.00965099 0.0243428 -0.00271742 0.025279 0.0103491 -0.0484879 0.0129181 0.0202619 -0.0166597 0.00353701 0.0280221 0.0179694 0.00274612 0.0242693 0.0289994 -0.0274036 0.0183077 -0.0060467 0.0337581 0.00577305 -0.0128714 -0.0332296 -0.0351174 0.026606 0.00826559 -0.048445 0.000829053 -0.000635113 0.0112857 0.0150891 -7.91752e-05 0.00205505 -0.00283673 0.00856945 0.00297886 0.0268237 0.0527873 -0.000133256 -0.0471192 0.0324787 -0.0155805 -0.0365905 0.0268116 -0.00264949 -0.016205 -0.0179034 -0.0278907 0.0224961 0.000852362 0.0602133 0.00491837 -0.0541269 0.00898173 -0.0224433 -0.00268542 1.27309e-05 0.00174629 -0.0199654 
0.0225638 -0.0220878 -0.000250668 -0.023284 0.000987962 0.0128654 0.00234655 -0.0227456 -0.0217556 -0.026887 -0.035519 0.00216404 -0.0013691 -0.0179538 -0.0266296 -0.00286847 -0.02067 -0.000633841 -0.00253975 -0.00541336 0.00588773 -0.0217012 -0.00354208 -0.0135784 1.00743e-06 -0.00595921 -0.00535849 -0.0190002 0.0116688 0.0138573 -0.0195738 0.0311309 -0.0260001 -0.00619976 -0.0176472 0.000367377 0.0282342 0.0154213 -0.0320963 -0.0245779 0.0111377 -0.0280844 -0.0154103 0.0104044 -0.00204295 -0.0453066 0.011344 0.00440176 0.0346402 -0.00437752 0.0266897 -0.0159376 0.000643748 0.0512828 0.0127318 0.0407847 -0.00692733 -0.0122245 0.0196517 -0.0174532 -0.0233603 0.0181989 0.00761437 -0.0157548 
0.0495717 -0.0128241 0.00962005 0.0456294 -0.0134668 0.0154498 -0.00173707 0.018641 0.0212758 -0.0110576 0.0371206 0.0140141 -0.0220536 0.00103193 -0.031276 0.0181188 -0.00251039 -0.0160992 -0.0124356 0.014345 -0.000747679 -0.00578507 0.00444457 -0.0255509 -0.0167603 -0.000362871 -0.0203144 0.00627053 0.0350009 -0.00230078 -0.00737881 0.010268 -0.000822169 -0.0299473 -0.00609326 -0.00659579 0.0432205 0.000569242 -0.0249842 -0.0138374 0.0179201 -0.0173793 0.00124118 -0.0177578 -0.00114092 -0.00959687 -0.0109115 -0.0169135 0.0377238 0.0282427 -0.0150355 0.0149643 0.0328025 0.00470169 0.0131939 0.0468562 -0.0243075 -0.00621881 -0.0255521 0.00283455 0.0139427 0.00311018 0.0152721 0.00483955 
-0.00332252 -0.032199 -0.0168995 0.00246699 0.00241561 -0.0416571 0.0209712 0.00637916 -0.0247126 -0.0249137 0.0054069 0.00776481 0.0156844 0.00586395 0.00425576 0.00341566 -0.000202362 0.0202599 -0.0241979 -0.00526297 0.00692995 0.00578095 -0.0021583 -0.00890444 0.00541247 0.0334712 -0.0487139 -0.010531 0.0196768 -0.00705786 -0.00263438 -0.0158013 0.0105342 -0.00125851 -0.0206353 -0.0187421 0.00091567 0.00929131 -0.00950996 -0.0037376 0.00451772 -0.0297768 -0.0104712 -0.0099971 -0.00475707 0.0027696 0.0148735 -0.0150792 0.0059256 -0.0174162 -0.000120635 -0.0216885 -0.0404225 0.00769022 0.0129586 0.00940291 0.0289911 0.0249871 -0.0333903 0.0073535 -0.00326642 0.0151035 -0.0338071 0.0187267 
-0.0100681 -0.00752334 -0.0323225 -0.00938724 0.00507084 0.00319473 0.0281618 -0.00242155 0.0133254 0.00996227 -0.00651978 0.0110134 0.0100236 0.0176843 0.0142636 -0.019056 -0.0205635 -0.0253761 0.0106996 0.00776343 -0.0247653 -0.030055 -0.000222032 -0.00196404 9.36161e-05 -0.00905303 -0.0116491 0.0151791 0.00967413 -0.00176686 -0.0203494 -0.0438077 0.00439697 0.0273657 0.0320509 0.00113093 -0.014465 -0.00924677 -0.0120205 -0.0410221 0.0274458 0.0377238 0.0055983 0.013245 0.0222275 -0.0112897 0.0217366 0.0130719 -0.0124649 0.0245537 -0.00198565 -0.0359288 -0.0136713 0.0163987 -0.0144851 0.00599461 -0.0358009 -0.000246664 0.00912066 -0.00748871 0.0127272 -0.00210417 0.000796165 -0.0351693 
0.0181561 0.021324 0.00053413 0.00289404 -0.0062528 -0.0027248 -0.0115935 -0.0186903 0.0556765 -0.0128142 0.00260147 -0.0435905 0.0343364 -0.015576 0.0377956 0.049556 0.00171547 -0.0259627 -0.0336104 0.0379674 -0.0199216 0.00158064 -0.0170293 0.0169115 0.0131956 -0.0331244 -0.0105888 -0.0183288 0.0174976 -0.0374937 0.0178048 -0.00631874 0.00246321 -0.0287696 -0.0175274 0.0131235 0.0275239 0.00194817 -0.0128816 -0.0124801 0.00949036 -0.00081916 -0.0115625 0.0221241 -0.0131511 -0.0240334 -0.00383838 0.0237737 0.0388096 -0.0152121 -0.0104296 -0.0155161 0.0252432 -0.0177102 0.0113445 -0.0355384 -6.42558e-05 0.00282822 0.000430444 -0.00901515 0.0142546 -0.0396718 0.0313951 -0.00398725 
0.012902 -0.0337038 0.027151 0.0276459 -0.0312606 -0.0190962 -0.0339406 0.025225 -0.00239805 0.000832609 0.00995132 -0.0127357 0.0121455 0.0178756 0.0109898 -0.0113281 0.029483 0.0261314 0.00210185 0.0161474 0.0317451 -0.00277732 0.0134411 0.0445408 0.021001 0.00921163 -0.0256697 -0.035015 -0.00548668 0.0435008 -0.00661972 -0.0348713 -0.000890441 0.0188242 -0.0140376 -0.0165854 -0.0317214 0.00588146 -0.00824083 -0.0168647 -0.000757456 -0.0331696 0.0051606 0.021392 -0.00133414 0.0128809 -0.0124715 0.0192658 0.000792977 0.0221417 0.00626977 0.0120653 -0.0261691 0.0155394 -0.00266778 -0.0102503 0.0174845 0.0100802 -0.00369316 -0.0293387 0.00470774 0.0161912 0.00818574 0.00487044 
0.001822 -0.0121545 0.0267397 0.00267076 -0.0101378 0.000619511 0.00437109 0.0293438 0.014158 0.0104037 -0.0129028 0.00617568 0.0258048 -0.02254 0.00516707 -0.0128548 0.0155621 -0.0229705 0.0257006 -0.00855024 0.0272476 -0.0180624 0.015142 0.0213673 -0.000491241 -0.0287363 0.00219544 -0.0164585 0.00117642 -0.000739386 -0.0135088 0.0111162 -0.0173096 -0.00026372 0.00689723 -0.00456777 0.0232298 0.00994311 0.00610065 -0.00506666 -0.0124891 -0.0164177 -0.00552927 0.0122931 -0.0042927 0.00518742 -0.0263163 -0.022229 -0.0336438 -0.00117941 0.0169825 0.0208366 -0.0208413 -0.0339603 -0.0095825 0.0392968 0.00455343 -0.0596838 -0.0161415 0.0264629 0.00319063 -0.035629 0.00533001 -0.0248114 
-0.00238215 -0.00250721 0.0208635 0.0223578 0.0136831 0.0122282 -0.0196012 -0.00112206 0.00310344 -0.00123263 -0.0034677 0.014794 0.00848057 -0.0172781 -0.00799351 -0.0462259 0.0100924 -0.00912042 -0.0212701 0.0060144 -0.00415053 -0.000527146 0.00276403 -0.00799311 0.0130863 0.00107487 -0.0126544 0.0232235 -0.00235547 0.0134706 -0.00942636 0.00641313 0.0105679 -0.00116329 -0.0306334 -0.00385722 -0.0123834 -0.0114216 -0.00243852 -0.00177118 0.00758944 -0.0101024 -0.000948526 0.0146822 0.00169625 -0.00706835 0.0181794 -0.0124308 0.00293454 -0.0015741 -0.0300011 -0.00701524 -0.000512718 -0.0115437 0.0221635 -0.0251518 -0.0207652 0.00479111 -0.00458352 0.0211873 0.00859427 -0.0291915 0.0114923 0.0152901 
-0.0144237 0.0382371 0.0337053 0.000494304 0.0121559 -0.012023 0.0149898 -0.0258691 0.0120647 -0.0359104 0.00662105 -0.0238817 0.0447411 0.0157497 -0.0123845 0.0129866 0.00263898 -0.00036377 0.00121471 -0.0321687 0.0192277 -0.0236133 -0.01529 -0.0268906 0.00854714 0.0261572 0.0222781 0.00190004 0.00648603 0.0245744 -0.000402889 0.0135149 0.0290929 0.0235694 0.0169528 0.0236967 0.0312825 0.0177916 0.0450594 0.0191322 0.0369438 0.0168905 -0.00743795 0.0406554 -0.00118027 0.00905598 -0.0255127 0.021583 0.00261082 0.0385288 -0.0546763 0.00172146 -0.00212068 -0.0326025 -0.0243406 0.00769612 -0.0096892 0.0298787 0.0162092 -0.00528189 0.00876349 -0.0209437 0.0375618 -0.0158235 
0.0224165 0.0404559 0.0236476 -0.00121263 -0.0104696 -0.00951353 0.0125174 0.00354835 -0.013996 -0.0433866 -0.00716688 -0.00917119 0.0473168 -0.00775474 -0.0252106 -0.0190355 -0.000352192 0.029652 -0.0167741 -0.00569862 0.00135244 -0.0166386 0.00596019 0.0311878 -0.0203907 -0.00476957 0.0476352 0.00212922 0.0231134 0.0134537 0.0215515 0.0392291 0.0103257 0.0042719 -0.0204263 0.0277026 0.0124247 0.00742204 -0.0204792 0.00871247 -0.0112724 -0.00667069 -0.0276186 -0.0222536 -0.0114821 0.00196838 -0.00764707 -0.00490999 0.020131 -0.00177124 -0.019471 -0.00280177 0.0107989 -0.0132432 -0.0311095 -0.00033189 -0.0239254 0.0195349 0.021929 0.000728623 0.00318222 0.0250184 -0.00936473 0.0228598 
-0.00119714 0.00128486 -0.033817 -0.00474979 0.016871 0.0400564 -0.011669 0.0154073 0.0201096 -0.00104873 -0.0106104 -0.0117499 0.0110192 0.00268937 0.0178867 0.0224729 -0.0167471 -0.00884872 0.000631903 -0.0169855 -0.00185352 -0.00359242 -0.0161178 0.00619985 0.0248447 -0.00884812 -0.00354813 0.0208374 0.0154877 0.0274241 -0.00590714 -0.00669339 -0.0165881 0.0106114 -0.0115713 0.0402276 -0.0349504 0.0271664 0.0012274 -0.0430561 0.00625738 0.0204871 0.0328018 -0.0012453 0.00743186 -0.0391384 -0.026932 0.0338835 -0.00037328 0.000371471 0.00419293 -0.0125671 -0.00744889 -0.0110032 -0.0287484 -0.0128642 -0.0106349 0.0131379 0.025119 -0.00935813 -0.0104 -0.000880006 0.014402 -0.0186166 
0.00475481 -0.0188991 -0.0192144 -0.0237457 0.0111275 -0.00429555 0.00367487 0.00857282 -0.0214736 -0.0251037 0.00467524 -0.0127954 0.0157495 0.00507472 0.0118101 -0.0339124 0.00455796 -0.00706524 0.0064525 -0.0326528 0.000256523 0.00431227 -0.0206139 -0.0438324 0.00326512 -0.0314313 0.0199529 0.0119118 -0.0426316 -0.0104567 -0.0126385 -0.00935057 0.00180857 0.000933789 0.022176 -0.00855057 -0.0190708 -0.0201748 -0.00951816 -0.012879 -0.00331968 -0.00452781 0.0217409 0.0124071 -0.00426698 -0.0216812 -0.00931015 -0.0204242 0.0285703 -0.0109757 -0.0339484 -0.0247897 0.0454719 -0.0122509 0.0206071 0.00970985 -0.00169053 0.0194498 -0.0194273 0.0264999 0.00698626 -0.0200672 -0.0502244 0.00898286 
0.00737486 0.00334605 0.0440761 -0.0163211 -0.0181294 0.00326121 0.0158709 0.0115556 -0.00108158 0.0597284 0.0286165 0.018119 0.00213899 -0.0164353 0.00290228 -0.043975 -0.00848211 0.000572951 -0.00105203 0.0269085 -0.0219641 -0.00331359 -0.0172554 0.0110879 0.0147188 0.00206503 -0.00178459 0.000428769 -0.0111222 -0.0335063 0.0298183 -0.0121996 0.0117324 0.019381 -0.00347581 0.0086974 0.00905748 -0.001537 -0.0377353 0.0294772 0.0075965 0.00906069 -0.00366404 0.00699421 -0.0275408 -0.0321756 0.00863981 0.0113097 -0.0176053 -0.014517 -0.00960106 0.000530843 -0.0280749 0.0334528 0.00675252 -0.0286861 0.0289609 0.0270673 -0.00900818 0.0401833 0.00140685 0.00638404 -0.00286648 -0.000638601 
-0.02583 0.0278267 -0.0411972 -0.00455684 0.0392762 0.00831003 0.0134753 -0.0189256 0.000880141 -0.041846 0.0167871 -0.0281231 -0.00143626 -0.00276272 -0.000551101 -0.0344726 0.0256644 0.00200722 -0.00430949 -0.0239763 0.0308324 -0.00268268 0.0130161 -0.0138201 -0.0241009 0.0232726 0.00197951 -0.00686844 -0.00610888 0.00288476 -0.0314183 -0.0218766 -0.0350735 0.01568 0.00894144 -0.0323637 -0.00755466 0.0152938 -0.0267132 0.00946862 0.035364 0.0277583 -0.0233436 0.00127698 0.0288826 -0.00340087 -0.00590897 0.00642937 0.0259088 0.0118548 0.0188703 -0.00571341 0.00866458 0.00493726 -0.0088318 0.003591 -0.000326229 0.000742276 0.0326714 -0.00865743 0.00894359 -0.0172945 -0.00974211 0.00499323 
-0.00628784 0.0424379 -0.0353787 -0.0378278 0.010278 -0.0282256 -0.0455932 0.0182567 0.0270168 0.00904912 -0.0456252 0.0026141 0.0260116 0.00783361 -0.00371197 0.0461633 -0.0125038 0.0116381 -0.00291264 -0.0445922 0.0219992 -0.00949233 0.00600863 -0.0053488 -0.0221272 0.0309885 -0.0236735 -0.0200928 -0.00462464 -0.000176173 0.0109361 0.0354604 -0.00228335 -0.00823105 -0.0151101 0.00975869 -0.00832965 -0.00277834 0.00983675 0.0241813 0.0162331 -0.0261338 -0.0481136 0.0154907 -0.00282524 -0.0114315 0.0392752 0.0575925 0.000149697 -0.0148305 -0.00136846 -0.00918471 0.0129474 0.000613486 -0.0139071 -0.00516779 0.00746434 -0.015158 -0.0051888 0.0126917 0.0211612 -0.0128321 0.0101463 -0.0104868 
0.0146674 -0.00305194 -0.0121028 0.00426418 0.0174399 -0.00515487 -0.00303835 0.02212 0.00590328 0.0381674 0.0250756 -0.00170212 -0.00199183 0.00582376 -0.0168429 0.029848 0.00593763 0.0219132 0.00841803 -0.007626 -0.00418767 -0.022156 -0.0468426 -0.0102701 -0.0282482 0.0186377 -0.0167851 0.0397249 0.000884988 -0.00225877 0.000425539 0.0359223 0.00377099 -0.0192118 -0.0204101 -0.0193563 -0.0298023 -0.011412 0.0107985 -0.0104244 -0.00400062 0.0086648 -0.0543782 0.0265059 0.0208905 0.0265024 0.00273923 -0.00095531 -0.0219883 -0.0137484 -0.0230543 -0.00173753 -0.00169124 0.00846837 0.0238144 0.00474086 0.00332309 0.0296398 -0.0161942 0.0318222 -0.00470286 -0.0083469 -0.0104359 0.046078 
-0.00115665 0.0244862 0.0125296 0.0106268 -0.0417087 0.0149489 -0.0297813 -0.0135816 0.00363426 -0.00579797 -0.0328118 -0.00276038 -0.00935273 -0.0194341 -0.037118 -0.0231408 -0.0180917 0.00624283 0.0131773 -0.0242186 0.01079 0.0148379 -0.0259002 -0.0295917 0.0140696 -0.0305585 0.0189924 0.0255144 -0.0189582 0.00514084 -0.0165738 -0.0016447 0.00963596 0.00813132 0.0343811 0.0162554 -0.0076981 0.0205508 -0.0238783 0.00516693 0.00528998 -0.000868975 -0.0453362 0.0139596 -0.00620653 0.0270588 -0.00171018 0.000959719 -0.00276471 -0.0357477 -0.0102535 0.00401314 -0.0234666 -0.000286479 0.00404801 2.69365e-05 0.0276883 0.000871853 -0.0570949 0.0228839 -0.0116547 -0.0211097 0.0142525 0.00700884 
-0.045227 0.00392543 -0.0160114 -0.0177333 -0.0177527 0.0421496 -0.000485207 -0.0124582 -0.0157585 0.00318451 0.0115715 -0.0272121 -0.0114497 0.00392253 0.0523331 0.0125237 -0.014633 -0.0121254 0.00724028 0.0193336 -0.00303717 -0.0188582 -0.0109032 0.0361899 0.0231632 -0.0160264 -0.0481369 -0.0204476 0.00583326 0.00915098 -0.0337129 -0.0248877 0.0291093 0.0236179 -0.0037512 -0.0303519 0.00312986 -0.0187802 -0.0268022 -0.0208621 -0.0041028 0.0239639 -0.0072817 -0.0209381 -0.0458855 0.0320611 -0.00640555 -0.0277296 0.0134662 0.0145574 0.0314793 0.00121085 -0.0114684 -0.00141741 7.62137e-06 0.0100088 -0.00113122 0.0273451 -0.00971605 0.0243859 0.0098997 0.00427388 -0.00763306 0.0199887 
0.00337771 0.00569444 0.00861811 0.00957579 -0.00194129 0.00846696 -0.00172425 0.0426412 0.0258758 0.00470735 -0.00127089 0.0146825 -0.0215412 -0.0115678 -0.00340481 -0.0266884 -0.00841904 -0.00935289 -0.0142146 0.0115873 0.00569489 0.0234571 -0.0234761 0.0125326 -0.00106374 0.0428164 -0.0306936 0.0183505 0.0371503 -0.0507906 0.00572619 -0.000390052 -0.0275599 0.0256848 0.0234561 0.00278828 0.0197985 0.0199032 0.0129296 -0.0015724 -0.00686409 0.00770441 -0.0101309 0.000344906 0.00840515 0.018102 0.024845 0.0114202 -0.0173764 0.00446981 0.0263722 -0.0320388 -0.0066748 0.0199501 -0.0142875 0.0134331 0.00636703 0.0323425 -0.0295703 -0.00601417 0.0108828 -0.0270251 -0.025964 -0.0177819 
0.0334226 0.0385792 -0.00646266 0.0100118 0.0276402 0.0274115 0.0187031 -0.00167632 -0.0229527 0.00279523 0.0118659 0.019541 -0.0382961 0.0271587 0.00128311 -0.0300248 -0.0111419 -0.0197964 -0.0366568 0.0144976 -0.013455 -0.00830237 -0.00202279 0.0034197 0.000883314 0.0352694 0.00713429 0.0284353 0.000509423 -0.0208701 0.00822411 0.0251775 -0.0156829 -0.015481 -0.00243599 -0.00507854 0.00601817 0.0118604 0.0120979 0.00351498 -0.0263872 0.011058 0.0186628 0.00350788 -0.0104448 -9.52582e-05 0.00211385 0.000786845 0.00453839 -0.0126162 -0.0323614 0.0221985 0.0336399 0.00646497 -0.00969176 -0.00513486 -0.0120726 0.0170009 -0.00776077 -0.0145081 0.00208918 -0.010945 0.0208996 -0.015868 
0.0332961 -0.00782315 0.0349606 -0.0312243 -0.0143313 -0.00978164 -0.0212964 0.011908 0.0126836 -0.0254902 -0.000102243 0.0334481 -0.0205602 0.0128075 -0.0560858 0.0102268 0.0015789 -0.01317 -0.00675075 0.0442453 -0.00858375 0.0412474 0.0084451 -0.00421727 0.00934998 0.00747897 -0.00925272 -0.0117232 -0.0181551 -0.00617001 0.0243729 -0.0160021 -0.0163043 -0.0331301 -0.00149602 -0.00544779 -0.00221228 -0.0615214 0.0169273 -0.0120356 0.0197095 0.0256181 0.0204304 -0.0134312 0.0153225 0.0385703 -0.00248027 -0.00876367 0.00487597 0.0059327 -0.0273164 0.0225439 0.0116265 -0.0311342 0.0062336 -0.0187109 -0.0385532 0.00257121 -0.0180735 -0.00400124 0.00115264 -0.0175545 -0.0133661 0.0205717 
-0.0127625 0.00826942 -0.0196879 0.0116459 -0.0112083 0.0137152 0.0433086 0.0208055 0.0122625 -0.0323513 -0.0372733 0.0211377 0.0140876 -0.0418698 -0.0120625 -0.0300591 0.0251409 0.0215175 0.0417304 -0.0113931 -0.00896709 0.0068017 -0.0216643 -0.00934152 0.0026066 -0.0269437 -0.0211469 -0.0042568 -0.0251943 -0.0125124 0.00247834 0.0410159 0.0254222 -0.00241392 0.021134 0.0294939 0.0053516 -0.0259945 -0.0151817 -0.0620346 -0.0151492 0.0118101 -0.0161717 0.0103518 0.00152738 0.0223725 -0.0208413 -0.0166018 -0.00490392 -0.000873333 -0.0425831 -0.00565075 0.00585818 0.0119091 -0.00592204 -0.00744642 0.0288649 -0.0232625 0.00794588 -0.0334365 -0.0206699 0.00419223 0.00362495 -0.01028 
-0.00327709 0.0176188 -0.0322374 0.0174842 0.025785 0.00291311 -0.0303569 0.00891612 0.00629587 0.0123366 -0.00990039 0.0272811 -0.0318881 0.0399952 0.0182509 0.0040513 0.0118408 -0.00235071 0.0144997 -0.0209734 -0.019076 0.0180714 0.0125276 -0.01079 0.0185139 0.00948135 0.0314352 -0.024692 -0.0246959 0.00863668 -0.0276301 0.0179036 0.0159974 -0.011971 -0.0199879 -0.0156339 -0.0182744 0.0170482 2.54258e-05 -0.00572479 0.00442339 -0.00590636 0.00934 -0.0103703 -0.039028 0.00491309 -0.0304895 0.00226289 -0.00976712 -0.000463602 -0.0130919 0.00153009 0.0277746 -0.0257994 0.0164739 -0.0109233 -0.0194469 0.0119298 0.00251294 -0.00709537 0.0390423 0.0253127 0.00127566 0.00679575 
0.0274482 -0.00945938 -0.0281863 0.00246414 -0.0108306 -0.0141447 -0.0200713 -0.0131585 -0.00416219 -0.00104354 -0.0107486 0.0311063 0.0163899 0.00968629 0.0103731 -0.0197018 -0.00173656 -0.00206315 -0.00768286 0.000523451 -0.0268439 -0.00384572 0.013087 -0.0145429 0.010342 -0.0204148 0.00148682 -0.0154178 0.0224143 0.0136931 0.00434055 -0.0118995 -0.0246371 0.000838035 0.0351584 0.0118046 -0.0384517 -0.0209551 0.0249852 0.00615115 0.00527806 -0.0147072 0.0265132 -0.0121061 -0.0153364 0.0209846 -0.0210735 0.0417009 0.00701611 -0.00777757 0.00499837 -0.000489273 -0.035796 -0.00279926 0.0131347 0.00830593 -0.0227235 -0.0207225 -0.0153932 -0.0402046 -0.0356398 -0.00451113 0.000879004 -0.0274672 
-0.0158715 -0.0219988 -0.0223594 -0.0301734 -0.00134722 0.00627467 -0.0288062 -0.00882258 -0.0255606 -0.00851054 -0.0217709 -0.027472 -0.0157963 0.00354494 0.00935263 0.00605601 0.0106687 0.0165857 -1.30342e-05 -0.00833171 -0.0133321 -0.0205966 -0.00602668 0.0205417 -0.00348315 -0.0373379 0.0174187 -0.00924331 0.020088 -0.00889668 0.00591208 -0.0246179 -0.020181 -0.0169642 0.0130439 0.00202489 0.00975797 -0.0300084 -0.0194144 0.00965637 0.0166181 -0.00314914 -0.00710536 0.00276834 0.017091 -0.0112037 0.00930601 0.00977827 -0.0091283 0.00223453 0.0232392 -0.00180669 -0.0492581 0.0135883 0.0311588 -0.0112321 0.0112735 0.00179953 0.0197732 -0.0337721 -0.0105255 -0.00623785 0.0479648 0.00135592 
-0.000622573 -0.0413983 -0.00205001 -0.00453646 0.0189898 -0.0207755 -0.00400607 -0.0062141 0.0306383 0.0209941 3.89343e-05 0.0229343 0.027134 -0.00946371 0.00369863 0.0100899 0.0201694 -0.00266625 -0.00158766 0.00793677 0.00586041 0.00695374 -0.00298854 0.00328341 0.0173836 -0.00160063 -0.00575523 -0.0214019 -0.00153234 0.000136219 0.00150127 0.00926662 -0.000637667 -0.0105209 0.0361434 -0.00632783 -0.00624787 0.0154724 -0.00619646 0.00832814 -0.0206654 0.00874945 0.00263431 -0.0141699 -0.00654497 -0.0108063 0.00728661 0.0326799 -0.0277754 -0.00338118 -0.00596866 -0.0224104 0.00202293 -0.0179205 0.0141449 -0.0218707 -0.0119171 -0.0121638 0.0124871 -0.017287 -0.0207216 -0.0446479 0.029395 0.0327187 
-0.0331472 -0.00745584 0.0166168 -0.00487801 0.0291936 0.0215572 -0.00841046 -0.0221741 -0.021287 0.0073634 0.00131581 -0.00403732 0.00318498 0.0299078 -0.0147166 -0.00601018 -0.032734 -0.00694295 0.00011691 0.000726414 0.0413219 0.0204128 -0.0459171 -0.0181803 -0.00733119 0.0195426 0.0207852 -0.0210208 -0.0221668 0.0148346 0.0223519 0.000403716 0.0073811 -0.00969016 -0.00376174 -0.0150468 -0.0408159 0.00609272 -0.0160051 0.00326971 0.0225776 0.0119652 -0.0170311 0.0398987 -0.00944147 -0.0303616 0.00383031 0.00991662 0.0245951 -0.0207535 -0.00637599 -0.00409376 -0.0254905 0.00848897 -0.0443501 -0.00305324 0.032016 0.0418873 0.0389916 0.0229902 -0.00910704 -0.00207127 0.0482344 0.00424704 
0.000412996 -0.00190056 0.0318051 0.0198538 0.00729687 0.0099621 0.0428418 0.0165471 -0.00607641 -0.00447606 0.00689988 -0.017851 -0.00991899 -0.00768807 -0.0246893 -0.0369223 0.02001 -0.0366943 0.0294286 -0.0131762 0.0296674 0.0231932 0.0185487 0.0145571 -0.0368839 -0.0102154 -0.0166338 -0.0341847 -0.0418663 0.00609676 0.00389221 0.00644243 -0.00400923 0.0260082 0.00432704 -0.0384557 0.0243004 -0.0115755 -0.0240509 0.0321475 -0.0134939 -0.0180136 0.00443217 0.0328903 0.00494813 -0.0213319 0.00250375 -0.0158447 -0.00850658 -0.0120758 -0.0150111 -0.0313517 -0.0183621 -0.0250286 -0.0195871 0.00608811 -0.0176374 0.0156107 0.0282475 0.00508816 -0.00608472 0.00948094 -0.00737095 -0.00344438 
-0.0113758 -0.0308998 -0.0118022 0.00245931 -0.0145076 -0.0235886 -0.00890583 0.0115606 0.0254609 0.00414686 0.00392667 -0.00592616 -0.00269356 0.0145096 -0.0104783 0.005088 -0.000546864 0.0187263 -0.0167642 -0.0197594 -0.00974814 0.00312912 0.0265024 0.0167642 0.000137594 0.0385741 -0.0189629 0.00952083 -0.00409331 -0.0148426 -0.000967285 0.00729142 0.0101346 0.00787317 -0.0055084 0.0309669 -0.0348275 0.012139 -0.00190793 0.00664403 -0.0304656 -0.00823034 -0.0276622 -0.00173228 0.0239539 -0.0256789 0.000272839 -0.023257 -0.0214001 -0.00154217 0.00507276 -0.0207306 0.00498035 -0.0306228 -0.00389104 -0.0133708 0.00924345 0.00921683 0.00452339 0.00954936 -0.0253939 0.0161259 -0.034484 0.00896166 
-0.0191401 0.0483963 0.0013083 0.0413701 0.00960376 0.0174405 -0.0228895 -6.57468e-05 0.017779 -0.0198868 0.00711667 0.0391926 0.00973519 -0.0197132 0.0197333 0.00192695 -0.0166052 -0.0268824 -0.00584602 -0.00852846 -0.0371585 0.0386864 0.0130295 -0.0351104 0.0342988 0.000501956 0.00743823 -0.000519156 0.0237201 -0.00486744 0.00357021 0.0267697 -0.0227979 0.0199191 0.0192792 0.0109393 0.0209336 0.00566847 -0.0187178 -0.0050346 0.00741694 -0.0233725 -0.0048598 -0.0102105 -0.0114825 0.021779 -0.00814899 0.0144334 0.0310328 0.0365935 0.0233728 -0.00990527 -4.72287e-05 0.015319 0.00415354 -0.0119228 -0.00264785 0.00676079 0.0124073 -0.00440156 -0.0224339 -0.0243406 0.0159483 0.0441151 
0.00814211 0.0607577 0.00398442 -0.023407 0.0205608 -0.0348905 -0.000753964 0.032154 0.0483129 0.0137951 -0.00394055 0.00950787 0.0137592 -0.0339266 -0.0245025 -0.0199792 -0.0206115 0.0419825 0.00682863 -0.00334747 -0.00489626 -0.000657432 -0.00308961 -0.0575449 -0.0357185 -0.0146018 0.00806568 0.0221239 0.0102406 -0.0215414 0.0124533 0.0155951 -0.0169968 0.0576532 -0.00271801 0.00282985 0.0066327 0.0212648 0.00733164 -0.000289253 -0.00967458 0.0115621 0.0213659 -0.0164483 0.00471491 -0.0277226 0.00862038 0.050069 -0.0167293 -0.0022721 0.00636815 0.00989285 -0.00357925 -0.00732285 0.0100886 -0.0135708 0.0170539 -0.0241449 0.0193465 -0.0349099 0.023391 -0.00735472 -0.0190327 -0.0189459 
-0.0399657 -0.0311987 -0.0120016 -0.0396704 -0.00409061 -0.00515315 0.000157228 0.0257532 0.00302938 0.00480492 -0.00275962 0.0193692 -0.00363155 0.00220988 0.0126112 -0.0184131 0.0255954 0.0278978 -0.00815113 0.0169018 -0.0046388 0.00201214 -0.00880193 -0.00838694 -0.0152939 -0.00536649 -0.00732336 -0.0259109 -0.020032 -0.0276955 0.0292957 -0.0120146 -0.0255992 -0.0100996 -0.0244262 0.0272813 -0.0421461 0.0142754 -0.0218673 -0.01453 0.00381284 0.00434876 -0.0140432 0.00765635 0.000536888 0.0106303 0.00149824 0.0134522 0.0083979 0.00921735 -0.000876674 0.0231081 0.00491948 0.00505784 0.00998363 0.0217133 0.0140876 -0.0147638 -0.0423399 0.0142525 -0.0128736 0.00770921 0.0294542 0.00449348 
-1.04738e-05 -0.0287387 0.0125215 -0.00201722 0.00551124 -0.00501259 -0.00981736 0.0216913 -0.0109626 -0.00655586 0.00143106 0.00619599 0.00474629 -0.00542035 0.00761518 0.00957789 0.0259 -0.00501182 -0.00747629 0.0103322 -0.00274286 -0.010871 -0.00736701 -0.0133437 -0.0174534 -0.0120443 -0.0254866 0.00245699 0.000319085 0.0246284 0.0155196 0.0191424 -0.0304875 -0.0275417 -0.02944 -0.0261124 0.0563193 0.00566225 -0.00895162 0.0190146 -0.00353842 0.0136696 0.0324396 0.0415183 -0.00485596 -0.00391249 -0.0115475 -0.00769865 -0.0135851 -0.000573451 -0.00948224 -0.00637696 -0.0279683 -0.0219772 -0.00554256 -0.0317779 -0.0250754 -0.0260908 -0.00539158 -0.0226053 -0.0191328 -0.00885433 0.00983414 0.0105244 
0.00362709 -0.0344983 0.0402706 0.00679983 0.0387006 -0.00352709 0.00353681 -0.00233819 0.00214445 0.0158074 -0.00160106 -0.00581647 0.0295135 -0.0151512 -0.00592155 0.00169896 0.00662093 0.0201492 0.00825741 0.0439128 0.0153895 -0.0213665 0.0179808 -0.00712559 0.0329087 -0.00800208 0.00546124 -0.0109027 -0.000377315 -0.0229781 0.0295072 0.0347659 0.0121422 0.0316368 -0.0259915 -0.00674218 0.00397863 0.0106807 0.0120602 0.00125094 -0.0361238 -0.0157731 0.0118408 0.0159689 0.00108532 0.00343074 -0.0281028 0.0109344 -0.0187753 -0.0283339 0.0144814 -0.0174917 -0.0053374 -0.0146224 0.0151557 -0.0568027 0.0138744 -0.00521452 -0.00257508 -0.0200812 -0.0379584 0.0207195 -0.0118733 -0.0253725 
-0.0017722 0.00179006 -0.000892216 0.0161641 0.0144503 -0.00961459 0.0252699 0.0137759 0.0137757 0.0296479 0.00716902 0.0102811 -0.0146554 0.0112019 -0.0221004 -0.0199992 0.00937736 0.0218199 0.00544573 -0.0194941 -0.025394 -0.000782142 -0.0355551 -0.00922107 0.00933817 0.0264118 0.0256577 -0.0193071 -0.0267634 0.00795484 -0.0195435 0.0146888 -0.013381 0.00896555 -0.0111374 0.0606189 0.00820578 0.00563481 0.0243265 0.0138883 0.00216037 0.0271724 -0.00757812 -0.0194754 -0.0218794 -0.0345229 -0.00172796 0.00728622 -0.00979449 0.0171763 0.00446255 0.00567719 -0.0132967 0.00408246 0.0121229 -0.0116351 -0.0187854 0.0216488 -0.00769112 0.036645 0.0292519 0.0254352 0.00977014 0.0325725 
0.00547885 0.00867593 0.0297864 0.0155611 0.00673114 -0.0283936 -0.021113 0.0112397 -0.0331553 -0.0224209 0.00361619 0.010145 0.00192044 0.0112397 0.0303437 -0.0106513 0.0271254 0.0197728 0.0199275 -0.034609 0.00318312 -0.0434846 0.00216273 0.0071379 -0.00232754 -0.00304182 0.00110945 0.00499582 -0.0406833 -0.00694908 0.00181985 0.00997866 0.00613848 0.00530453 -0.00236393 -0.0216039 0.0326334 0.0102295 -0.0136858 0.00263927 0.0109352 -0.0113202 -0.023867 -0.0223727 0.00965225 -0.0124019 0.0356585 -0.00745498 0.0192784 0.00302466 0.00276324 -0.00485328 -0.024017 -0.0134084 -0.043139 -0.0216098 0.0231809 -0.00816987 -0.0168698 0.000919148 -0.0226076 0.00327176 -0.00481854 -0.011909 
