64 64
-0.0116579 -0.00291805 0.0258455 -0.00908518 -0.00904857 0.00542733 0.00217263 0.0111318 -0.00462229 0.00757517 -0.031235 -0.0168056 -0.00441938 0.0165893 0.00631434 0.0219416 -0.00053505 -0.0203483 0.00316591 -0.00140822 -0.0191875 0.00710737 -0.0133497 0.00494978 0.0112272 0.00599275 0.015758 0.0199615 -0.00198977 -0.0174142 0.0158496 -0.0093839 0.0212754 -0.0193209 -0.00735118 -0.00938961 0.0108439 -0.000981759 -0.0549589 -0.00582455 0.0102615 0.0334137 0.0166141 0.0184044 -0.00646028 -0.0271544 -0.0190497 0.0338185 0.0113344 -0.0197202 -0.0343249 0.00536988 -0.00416333 0.0130171 7.77372e-05 -0.0353901 0.0431806 -0.00988984 0.00985169 0.000731262 -0.000215814 0.000348974 -0.0133689 -0.00266205 
-0.00821998 -0.00671117 -0.00844456 -0.00700277 -0.0116129 -0.0231759 -0.000955006 -0.0182726 0.0303013 0.0132749 -0.0163026 -0.015355 0.0268541 0.0223747 -0.00606023 0.0684207 0.041682 0.0119456 0.0161053 -0.0116079 -0.032013 -0.00558528 -0.0063025 0.0102127 0.037593 -0.0144225 0.00409788 -0.00734845 0.0140678 0.00715294 0.0189372 0.023782 0.0420214 -0.00259724 -0.0116193 0.0141714 0.0088893 -0.00207913 0.0357421 -0.00945697 0.0299738 -0.0304361 0.0312547 -0.0318169 0.00109626 0.000170342 -0.011249 -0.0276894 -0.00613366 0.00977485 -0.0200254 0.00405535 -0.0173963 0.0119664 -0.0133328 0.00835201 -0.00577619 0.0295729 0.0357392 0.0257571 -0.0144361 0.0333939 0.0169655 -0.017857 
-0.00839889 0.0174669 -0.00919519 0.00363836 -0.00842503 0.0281803 -0.0228535 -0.00209622 0.00188265 -0.00878876 -0.00785798 -0.0573463 0.0377998 0.0235409 -0.00779968 0.0196567 -0.0135407 -0.034648 -0.0330392 0.0136106 -0.00706059 -0.0248924 0.00373494 0.0291532 0.0430049 0.0160214 0.0139399 0.0112543 -0.00273652 0.0199571 -0.0444479 0.0178816 -0.0319888 -0.0353397 0.0159065 -0.0126324 -0.0367702 -0.0195507 0.0253999 -0.00912934 0.0322229 0.000874303 -0.038071 -0.0458722 0.0140419 -0.0116257 0.00545554 -0.00821347 -0.0412779 0.014188 -0.0156162 0.0234604 0.0398527 0.00690873 -0.0185367 -0.0175048 0.0304807 -0.0166747 0.00843754 -0.00750339 -0.0150187 0.00442377 -0.00345346 0.00670777 
-0.0168799 0.00801248 0.00211854 0.00765923 -0.00378423 0.0112767 -0.0327808 -0.0196034 -0.0185898 0.00869914 -0.00153005 -0.00676557 -0.0127349 0.011382 0.0254412 -0.00291648 -0.0402276 0.02414 -0.0243901 -0.0271954 -0.00579753 -0.022313 0.0065008 -0.0170068 0.0230998 -0.00552019 -0.0258332 0.0132344 -0.00211256 -0.0120587 0.0318733 -0.00749286 -0.0179762 0.00694428 0.00294102 0.000909868 0.013025 0.0225778 -0.0126278 -0.0240658 0.0150122 0.0282032 -0.00591762 -0.00365536 0.0306627 -0.0110005 -0.0351801 -0.00440578 -0.0134849 -0.0119208 -0.0302747 0.00255168 0.0111277 -0.00506561 -0.0173836 0.0189624 5.87639e-06 0.0074739 -0.0281707 -0.0100063 0.028601 0.0411316 0.0159265 -0.00282177 
0.0121725 -0.038362 0.00136216 0.0230809 -0.01441 -0.00488502 -0.0364019 -0.0175521 -0.0349822 -0.00351294 0.00269425 0.0113609 0.0178796 -0.019889 0.00306765 -0.0150233 0.0125551 0.00550867 -0.0289685 0.0104631 -0.0121955 -0.00295683 0.013377 0.00464041 0.0127626 -0.00310329 0.0168305 0.0190541 0.000952129 -0.00516201 -0.013323 -0.00426751 -0.000520651 0.0289292 -0.0249144 0.0133219 0.0145471 -0.00872643 -0.0013805 -0.032444 -0.00315993 0.0154295 0.0165777 -0.0152246 0.00368724 -0.00388056 -0.00356926 0.00690795 0.010377 0.0230403 -0.00513096 0.011397 -0.0141898 -0.010378 -0.00913314 0.00315592 0.0600372 0.000831161 0.025127 -0.00588355 -4.31626e-05 -0.00943709 0.0271425 0.0186322 
0.0159408 -0.0339963 0.00150994 0.00614458 0.000878241 0.0088386 0.01911 0.0146992 0.023704 0.0194455 0.0117721 -0.0252227 0.0216027 -0.0348363 0.0220053 -0.0222972 -0.0161373 0.0021828 -0.0273139 -0.0138151 0.0234672 0.0340117 0.0215413 -0.0380581 -0.0162971 -0.00357455 -0.00223465 -0.028246 -0.0320904 0.0214999 0.00479617 0.00845955 -0.0226559 -0.0190058 0.00781013 -0.0246855 0.0147371 0.00147683 -0.0091944 0.0250567 -0.018866 0.0455606 0.0340846 0.0158563 -0.0607245 0.0200954 -0.00965025 0.0116668 -0.00621509 0.0179339 0.00703575 -0.00724955 -0.00663274 0.0303539 -0.0175766 0.0309734 -0.00321237 0.0068145 -0.00193564 -0.0126873 0.00368468 -0.00369767 0.0152447 0.00873589 
-0.0324729 -0.00610634 0.0154285 0.0307739 0.0218446 -0.0191147 -0.00843165 -0.0207466 -0.00905982 0.00822714 -0.0190159 -0.000599278 -0.0216387 0.00460015 -0.0152439 -0.00619055 0.0199797 0.00798013 0.0180537 0.0148863 -0.0109798 -0.00754745 0.0140007 0.0160676 -0.0185932 -0.00653667 0.0194245 0.0221265 0.013085 0.000518876 0.000725113 -0.0247174 -0.0111107 0.0139891 0.0102945 -0.0236828 0.0109347 -0.0292887 0.0178496 0.0187022 -0.0179239 -0.0245989 0.003485 0.0376788 -0.0240281 0.0309307 0.0141523 -0.0268543 -0.00258901 0.0357901 -0.00832178 0.0172712 0.0217608 -0.0267757 0.00419959 0.00274565 -0.0308603 0.0210485 -0.0152782 0.0185339 0.00429513 0.00338096 0.0117168 -0.0154016 
-0.0315703 0.0378211 0.00111234 0.0184231 -0.024641 0.0175378 0.00453934 0.0563139 0.00984378 0.00124397 0.00288925 0.0228202 0.00987994 -0.0270602 -0.032648 -0.00897606 0.0239896 -0.0135251 -0.0241042 0.00240923 -0.0383118 0.0245432 0.0106856 0.00597152 -0.000178348 0.0115758 0.0130949 0.00470571 0.00898436 -0.0154173 -0.024835 -0.0136613 -0.00787516 -0.0595004 0.0128153 0.0779371 0.0047415 -0.0397608 -0.0227472 0.00495275 -0.04514 0.00192979 0.00303314 0.0153449 0.0237789 0.0237722 0.0182888 0.00345788 0.000516039 0.0129602 -0.0192847 -0.0128563 0.0139671 0.0126397 0.020918 -0.0078861 0.016514 -0.0195995 0.0155724 0.00326738 0.0328032 0.0122513 -0.00790343 0.00188881 
-0.0139505 -0.00949391 -0.00233443 0.00395218 0.00620252 0.0185 0.00782934 -0.018204 0.0107335 -0.00337806 0.00354512 -0.0192874 -0.00775792 -0.00296465 -5.2306e-05 -0.0193038 -0.00544984 -0.0190969 -0.00482047 0.0288154 0.00819259 0.0103914 0.000338283 -0.00338532 0.0163592 -0.0175466 0.0225705 0.00103913 0.00930315 0.00534582 -0.012568 -0.00191954 0.00571643 0.0283589 0.0139463 0.024698 -0.0182226 -0.0219941 0.00159132 -0.00878661 -0.00937207 0.0042891 0.0101984 0.0280699 0.0117177 -0.0451434 -0.0272032 0.0260578 -0.0145365 0.00665312 0.0257029 -0.00459815 -0.00195583 0.0308678 -0.0158455 0.00616196 -0.00747677 0.0427671 -0.00347043 0.0414957 0.0234469 0.0041772 -0.00751176 0.0102725 
0.0258151 0.00890092 -0.000774473 2.91504e-05 -0.00545062 -0.00641197 0.0139511 0.0244115 0.023544 -0.0500755 0.0305569 0.00285498 -0.0180585 0.0385556 0.0110525 0.0200643 -0.00533671 -0.007323 0.00224809 0.035987 -0.00542736 -0.0034055 -0.000232771 -0.0162146 0.0143359 0.00343459 -0.00189807 -0.00361547 0.00199247 0.0222378 0.0263033 0.0174232 -0.00858528 -0.015758 -0.00693632 0.0010371 -0.00267956 -0.0459278 -0.0190037 -0.0420763 -0.02979 -0.0131592 0.00444402 0.0192719 0.0227431 0.0144511 -0.0163703 0.0034173 -0.00116454 0.0163572 0.00225542 -0.00423752 -0.020986 -0.0140733 -0.0197006 -0.0200251 0.0226474 0.0351347 -0.0039733 -0.0155139 0.0136891 0.00978036 -0.0269058 0.0178033 
-0.0134077 0.0258603 -0.00727107 0.00826606 0.000278841 0.0131908 0.00678131 -0.038802 0.000638131 -0.0156426 -0.00970799 0.0501944 0.00451075 -0.00652953 0.012059 0.00204211 0.0499786 -0.0036937 -0.0300801 -0.0150386 0.0199485 0.00648755 0.00896434 0.0192156 0.0143793 0.0184899 -0.0188684 0.034167 0.00491038 0.0153609 0.0239476 -0.0292404 0.00934117 -0.0051728 0.00183604 -0.0449385 0.00221473 0.0104204 -0.0302432 0.0191928 0.000269852 -0.023038 0.00694976 0.00490475 0.00351143 0.0079397 -0.015182 -0.0174284 0.0172595 0.0164258 0.0222105 -0.0190672 -0.0052686 0.015714 -0.0014984 -0.00439921 -0.00145774 -0.00114147 0.0460118 -0.0102882 0.0266097 -0.0251734 -0.00191536 -0.0263965 
-0.00673746 -0.00411227 0.00590848 -0.0118526 0.0226315 -0.00660349 0.0269047 -0.0140422 -0.00184841 0.0253354 -0.0179225 -0.0404107 -0.0443548 -0.00932078 0.0180427 0.00216744 -0.0349906 -0.00919981 -0.0218853 0.0291124 -0.00153216 -0.00526047 0.0092507 -0.011142 0.0059561 0.0301088 -0.0351661 0.000802944 0.00267002 -0.0239843 -0.00606489 0.026144 0.0258834 -0.021875 0.0113191 -0.00302085 0.0133403 0.026152 -0.0248527 -0.0335011 0.00143979 -0.0167258 0.0278831 0.0117455 -0.0106139 -0.0271664 -0.0194405 -0.0179623 -0.0228206 0.00581589 -0.0196968 -0.0328731 0.0109262 -0.00540756 0.014653 -0.0116219 -0.0144324 -0.00246695 -0.00819589 0.019192 0.0224914 0.00105886 0.0243269 0.0259093 
-0.00141602 0.0257893 -0.00202866 -0.0233104 0.0168568 -0.025436 -0.000848688 -0.012708 0.0164854 -0.00278823 -0.006196 0.0180727 0.00890192 -0.0219824 -0.00618338 0.00893435 -0.0329926 -0.00729722 -0.00663064 -0.0175299 -0.0119756 0.0258228 0.0147643 0.0106623 0.00334033 0.0144919 -0.0228951 -0.0159942 -0.00714525 0.0113529 0.0024372 -0.0240953 -0.00110172 -0.00960445 -0.0164879 0.00905402 -0.000521369 0.0212298 -0.0238476 -0.0204226 -0.0189431 -0.0110486 -0.0329485 -0.00643654 -0.0122339 -0.00879646 0.010836 0.00562173 0.00468823 -0.00563108 -8.80937e-05 0.0228813 0.00400579 -0.0371071 0.00983792 0.0450936 -0.00859765 -0.00236249 0.0131759 -0.0123597 -0.0211251 0.00205939 -0.0123556 -0.0167385 
0.0195276 -0.00361713 0.0143232 -0.0169118 -0.025534 -0.0131434 0.0072288 -0.00737146 0.0411618 0.0173688 -0.0129371 -0.012481 0.0230855 0.00440816 -0.0108888 0.0028997 0.00441342 0.0253805 -0.0236614 -0.0343866 -0.0166897 0.012555 0.00617888 -0.0214622 0.0272779 -0.005099 -0.0287449 0.01666 -0.0412399 -0.0209787 -0.00785222 0.019412 -0.00271999 -0.0132792 0.019503 -0.00133682 0.0113956 0.00340001 -0.00619126 -0.00467659 -0.0026084 -0.0191214 0.0298652 -0.0263198 -0.0325752 -0.0180276 0.00251126 0.00759531 0.0418528 0.0180303 -0.0185638 -0.0375355 0.0117018 0.00818032 -0.0142216 0.0284267 -0.0423907 0.00680897 -0.0197346 0.0544815 -0.00239807 0.0211658 -0.0448981 -0.0117751 
0.00548045 0.00924907 -0.0277118 0.00110729 -0.0071417 -0.000712686 0.0115367 -0.00344393 -0.00653853 0.00534595 -0.00215192 -0.00263549 -0.0121842 -0.0200306 -0.0167046 -0.0192477 0.0133699 0.00195526 -0.0264772 0.0287431 0.000883204 0.0145152 0.0191357 -0.0113795 -0.0271133 -0.00369402 0.0124993 -0.0221472 0.0168341 -0.0189961 -0.00931509 -0.00291207 -0.0523544 0.00276951 0.020929 -0.00775035 0.0118998 0.00129394 0.00424248 0.0244136 -0.0072234 0.00491108 0.0374188 0.0180509 -0.0353051 0.0233253 0.00715388 0.0220178 0.0127733 0.0203864 0.0053701 0.0116632 0.0156916 -0.00907286 -0.00226892 0.0266944 -0.0176018 -0.00734029 -0.00708417 -0.0496306 0.0390892 0.00278038 0.0137637 0.0245501 
-0.0106663 -0.0138753 -0.0173838 -0.00883426 0.0181243 -0.0301045 0.0248122 -0.00563094 0.0288498 0.00402432 0.0132215 0.00940975 0.0178172 0.042112 -0.0151044 0.000798106 0.00909381 0.0130557 -0.011151 -0.0164489 0.0265301 0.00298271 0.0204916 0.00271047 -0.0151376 0.00554547 0.00667432 0.0214958 0.0218235 -0.00824589 0.00538787 -0.00665744 0.0320373 0.0221408 0.016578 0.00144865 -8.14033e-05 0.0346896 -0.0151924 -0.00870025 0.0262272 -0.0304726 0.0274841 0.00129625 -0.0184218 -0.0159206 0.0305193 -0.0381072 0.0403857 -0.00849882 0.014778 0.00384032 -0.0154964 0.00851672 -0.00529977 -0.00235122 -0.0204416 -0.00125896 -0.00618901 -0.0213406 -0.0073301 0.0270645 -0.0122261 0.0326705 
-0.0258991 -0.0192445 -0.00742333 0.00621148 0.016287 -0.0019637 0.0240329 -0.0652965 -0.00438943 0.0112242 0.00245658 -0.0379038 -0.0274056 -0.000703272 -0.012638 0.0160431 -0.0616829 0.0222839 0.041236 0.0124562 0.00236435 -0.00157573 0.0199793 0.00829817 -0.0144128 -0.0261692 -0.0129067 -0.00262039 0.00707698 -0.0162743 0.00210465 0.0145067 0.00254773 0.0160744 -0.01475 0.0137088 -0.000311105 -0.0329839 -0.00348831 0.0267598 -0.0270995 0.0230912 -0.0391456 0.00310989 -0.0222995 0.0161911 0.0214166 -0.0363828 -0.0204849 -0.0191504 -0.00163595 0.0406676 0.00798767 -0.00403406 0.00216756 -0.00788895 0.0137118 -0.0295335 0.0256666 0.023562 0.039611 -0.0210556 0.0121962 -0.0206428 
0.032595 0.0031183 -0.0224022 -0.0252586 -0.0268651 0.0092303 -0.00350843 0.0219035 -0.0248989 0.000439402 -0.00338186 -0.0151982 0.02442 -0.0247535 -0.00620902 -0.043128 0.0200944 0.0213009 -0.00307081 -6.51272e-05 0.0105264 0.0227472 0.00623856 0.00787111 0.0267592 -0.0054053 0.0258195 -0.0201517 -0.00774287 0.018449 0.0372632 -0.0222602 -0.00510132 0.000135233 0.00756929 0.0185296 -0.0153635 0.00373236 0.0076809 -0.00458462 0.00896132 0.00256404 0.00189326 -0.00938763 -0.00404455 -0.00287872 -0.00147103 0.0219352 -0.0199871 0.0238309 -0.00852471 0.0137128 0.00070916 0.0424044 0.0181405 0.0258995 -0.0215211 -0.00655773 0.021814 0.000154042 -0.0166225 -0.00710026 0.00810907 -0.018603 
0.00712092 -0.0177506 -0.00971768 0.0107829 0.00426881 -0.0415544 0.00195615 0.00836592 -0.00276192 -0.0387945 -0.00542683 -0.00862782 -0.026077 0.00620903 0.0105475 0.0124018 0.0150625 -0.00714461 -0.0302507 -0.000127317 0.0173353 0.0257245 -0.00713691 -0.00808063 0.0222586 -0.00125868 0.0123023 -0.0128447 -0.0121373 -0.0140227 0.0182586 0.00797346 0.00457267 -0.00660317 0.0264088 0.00727145 0.011014 0.00957893 -0.00627199 -0.0159763 0.00609073 -0.0116023 0.0154088 0.0282202 -0.0215662 0.0309284 -0.021355 -0.00033863 -0.00968886 -0.0129033 0.023727 -0.00100617 0.0185816 -0.00466782 0.0283249 0.0278149 0.019715 -0.030199 0.030194 0.018104 -0.00577069 -0.0103493 -0.00889635 0.00318675 
0.0140639 0.0196975 0.0405934 -0.00671485 0.054307 0.0252976 0.0214023 -0.0424479 -0.0175352 -0.0300154 -0.00211143 -0.0218454 0.0453078 -0.0330837 -0.0230957 -0.0443277 -0.0352616 0.0233874 -0.0150281 -0.0480197 -0.0365637 0.00852976 -0.00458519 -0.0101041 -0.0189919 0.0108629 -0.0154204 -0.0297103 0.0175606 -0.00218505 -0.0111881 0.00195239 -0.0148354 -0.0107785 0.0332534 0.00550102 -0.0101847 -0.0332501 -0.00337079 -0.00699044 -0.0111223 -0.00760271 -0.00491648 0.0273246 -0.00386152 0.0140218 0.0266963 -0.0110283 -0.00404159 0.0185826 -0.0174974 -0.0131471 -0.0123294 0.0252261 0.0116447 0.0217173 -0.00864408 -0.0313899 -0.00228745 -0.013745 -0.0328782 0.0449775 -0.0117536 -0.0184565 
-0.0177837 -0.00636656 0.00115488 -0.0261253 0.0340474 0.00826863 -0.0463409 0.0071182 -0.00197686 -0.023925 0.00144832 -0.00719384 0.0161842 -0.0407302 -0.0096273 -0.013513 -0.0332691 0.0353401 -0.0183035 0.0298485 0.0129435 0.00692227 -0.0100424 0.004702 -0.0392951 0.0147922 -0.00336368 0.00762082 0.0117776 -0.00931135 0.00579092 0.00624766 0.0175202 0.0195694 0.0387703 -0.0368503 -0.0249018 -0.0383398 0.0027503 0.00946962 -0.00142199 0.022889 0.00271955 0.00529054 -0.0174791 0.0174693 -0.0448781 0.0200359 -0.0113903 0.0108504 0.0154633 0.0386589 -0.035377 -0.0165986 -0.0105752 -0.0191316 0.0157766 0.00987368 0.0230547 -0.0107942 0.0209591 0.00547025 0.00503849 -0.00725709 
-0.0211851 0.00435116 0.0164763 0.0176068 0.00703472 -0.029179 0.043225 0.0214299 0.0028275 0.00967354 -0.00614522 -0.00413038 0.00289622 -0.00907979 -0.0228887 -0.00104687 -0.000983708 0.0369903 0.0236282 -0.0157639 0.0136064 0.0179592 0.0449284 -0.0355169 -0.0166154 -0.00804103 0.00632143 0.0210479 0.00725824 -0.0352566 0.00689394 -0.00752058 0.024734 0.0279447 -0.0165844 -0.0278595 -0.000308354 0.0155994 -0.0100026 -0.012929 -0.0151362 -0.0180522 0.0357717 0.0247068 -0.00774546 0.0312702 -0.00230796 0.006717 -0.00261651 -0.0107372 0.0341268 -0.00159127 -0.00237771 0.00234442 -0.0013839 0.0370085 0.00609753 0.00619466 0.0230693 -0.0265481 -0.022313 -0.00514969 -0.0361237 0.0134765 
-0.0159572 0.00849656 0.000303775 -0.02511 -0.000716688 -0.0268754 0.00164559 -0.00094202 -0.000872682 0.0176283 -0.0003617 -0.0146691 0.0111046 -0.00253623 -0.00505997 0.0224574 0.00572856 -0.0142615 -0.00649944 0.0232399 -0.0342924 0.00445048 -0.0221929 0.00480464 -0.0270483 0.0193259 0.0237744 -0.0115159 -0.00169869 -0.00982994 -0.0192526 0.00615941 -0.0284423 -0.00873012 0.0288939 0.0346265 0.00916304 -0.0134323 -0.0120792 -0.0340574 -0.039214 0.0341499 -0.0184224 -0.0195646 0.0102672 -0.00447066 0.00155621 -0.0130501 -0.028828 0.00214116 -0.00316488 0.0231839 0.00544975 -0.00983222 0.0135965 0.00778457 0.0124106 0.0155508 0.00488566 -0.00330508 0.0267714 -0.0390043 -0.0335217 0.0128656 
0.0129866 -0.0103014 0.0152499 0.00672041 0.0261803 -0.00801406 -0.0203627 0.0115486 -0.00872401 -0.0490886 -0.00769104 0.0495308 -0.0131565 -0.00429661 0.0395323 -0.011979 -0.0106114 -0.00174242 0.000387182 0.0186905 -0.0476978 0.0135268 -0.0176775 -0.0442161 0.0175982 0.025669 0.0153991 0.00656763 0.00761423 -0.024174 0.00396562 0.0268806 -0.0100573 -0.0314145 0.0110045 -0.00118091 -0.0390466 -0.0378515 -0.00881506 -0.00292306 0.0273433 0.00523244 -0.0215917 0.00438919 -0.01037 -0.00403511 0.00490974 -0.000640138 0.0195545 -0.014465 -0.01836 0.0227254 0.00210341 0.0251274 0.00343801 -0.00729464 0.00132402 0.0138922 -0.0295748 0.0285701 -0.0435804 0.0120618 0.00116933 0.00356137 
-0.00595227 0.0108213 -0.0296187 -0.0331024 0.00548842 0.00195698 -0.00326514 -0.0110051 -0.0123571 -0.00117161 -0.0220184 -0.0405649 -0.00458289 0.0198813 -0.00898276 0.0279142 0.0257617 0.00157674 -0.0188973 0.00285436 0.0249671 -0.00120298 -0.0261921 -0.0289782 -0.0221156 -0.0176976 0.0139382 -0.0325355 0.0159574 0.00242285 0.0551447 0.0330777 0.0226032 -0.0335099 -0.00738447 0.0400026 -0.0165747 0.0244332 -0.0325475 -0.0139617 0.0152058 0.0338289 -0.0364846 0.0331064 -0.0060253 -0.0200351 -0.00136933 0.00737509 0.00617731 0.0176715 -0.00656574 0.0138498 -0.00869846 0.00731708 0.0153432 0.0194077 0.0335357 0.0293456 0.0343021 0.000113882 0.00992876 -0.000474096 0.0375354 0.014425 
-0.00902591 0.0171878 -0.010216 -0.00204431 -0.00501796 0.0334706 0.00721067 -0.00515774 -0.00754667 0.0199459 0.013576 -0.000103956 -0.0249835 -0.0123978 0.00967249 0.0172503 0.0430808 0.0235049 0.0219771 0.045064 -0.0211448 -0.00531483 0.0192844 -0.0104708 -0.00350796 0.0403808 -0.00697593 0.0101388 -0.00890412 0.0302663 -0.00803528 0.0119377 -0.0100813 0.0399793 0.0121368 -0.00810514 0.0171409 0.0124414 0.000965868 0.00873464 -0.031841 -0.032977 -0.00632226 -0.00295443 -0.00198431 0.000913229 -0.00175662 -0.0014428 0.0134887 0.00879728 0.00930059 0.00952892 -0.0142659 -0.0149181 0.0292744 -0.00167642 0.00944907 -0.053346 0.0316684 -0.00525839 -0.0273382 0.010847 -0.0226891 0.032708 
0.00301333 0.0122506 0.0270372 0.006316 -0.0144199 0.0261429 -0.0127994 -0.0339427 -0.0259737 -0.00724065 0.020001 -0.0322753 0.0370418 0.0183342 -0.0202873 -0.0148122 0.00727602 0.00888305 0.0138273 -0.0244488 0.0323908 -0.0420494 -0.013856 0.00753549 -0.00542677 -0.0243539 -0.00550929 -0.016913 -0.0306912 0.0171186 -0.00162881 -0.0088044 0.00376791 -0.0370357 0.0144283 -0.00668116 0.0151156 0.024109 0.0345511 -0.0281769 -0.0221939 -0.000816763 0.00960748 -0.0201594 0.000543531 0.0176999 -0.0241676 0.0132397 -0.0160846 0.000983166 -0.00535998 -0.0096058 -0.00798015 -0.0113585 -0.00518609 0.0223153 0.0159226 0.0137335 0.0197543 -0.00545956 -0.0180454 0.0155572 0.0215956 -0.00177268 
0.0131024 -0.0294652 -0.000348995 -0.0160478 -0.0224286 0.00719504 0.00728239 -0.0125895 -0.0059554 -0.0196887 -0.0275324 0.0130026 0.0107614 0.0273043 -0.0252494 -0.00669902 -0.0278113 -0.0202353 0.0131308 0.00377588 -0.0377505 0.0434479 0.0300677 -0.00550861 -0.00791106 0.041744 0.0175864 0.0248086 -0.00210605 0.000496234 -0.0102291 -0.0611492 -0.0272211 0.0211592 0.0118323 -0.00374249 0.025272 0.0372602 0.0125535 0.0361753 0.00619126 0.00316691 0.00841911 -0.0192442 0.018859 -0.0454793 -0.0218844 -0.0196762 0.0209506 0.0182745 -0.0158731 -0.0328555 -0.0284359 0.018249 -0.0147382 0.0487633 -0.00176703 0.00560595 -0.00317254 -0.0154182 -0.0163644 0.0210359 0.0121204 0.00146161 
0.00229575 0.0156738 -0.00560484 -0.0361156 -0.000367556 -0.00687229 0.00225218 -0.0100503 0.0168144 -0.00642714 0.0040314 0.018638 0.015557 0.0183468 0.000536144 -0.0339329 0.00025982 -0.0247797 -0.0351513 -0.0137826 -0.0373449 -0.000160818 -0.0543986 -0.0202819 0.0226924 0.0058181 -0.0362009 0.0189328 -0.0155948 0.0052713 0.0229971 -0.018155 0.00391721 0.0135448 0.00515717 0.0105148 0.00106971 -0.00633643 -0.027625 0.0323344 0.0156065 -0.00928166 0.0197352 -0.00113605 0.00432439 0.0069715 0.0155555 -0.0030297 0.00414419 -0.022767 0.0183865 -0.00577674 -0.0138769 0.00749599 0.0147667 0.0256863 -0.0177484 -0.0150455 -0.000439986 0.0256072 0.0135746 0.0141642 0.00976958 -0.0264025 
0.0133131 -0.0330137 0.00124409 0.0281854 -0.0362366 -0.0126512 0.00157158 -6.13923e-05 0.00177128 0.0214739 -0.0073834 -0.00340776 0.00659301 0.0564728 0.0152414 -0.0363817 0.00379115 0.0103118 0.0160409 0.0261207 -0.0176379 -0.00738051 -0.0426239 -0.0437529 -0.0149687 0.00687085 0.0187508 0.00956611 0.00610458 -0.0552947 0.00378743 -0.0299527 0.0271417 -0.0195518 0.0064162 0.00185009 0.000876288 0.0545405 0.00212237 -0.0136491 0.00549064 -0.0289188 -0.00247941 -0.0445653 -0.0026806 0.00796252 -0.0186798 -0.0335498 0.0509763 -0.00486276 -0.0259015 -0.0171905 0.0238181 0.0182036 0.0246593 0.00223973 0.0176166 -0.0209073 -0.00384887 0.0469823 0.0515887 -0.00560528 0.000932704 -0.0165974 
0.00782294 -0.0326542 0.00806302 -0.0299502 -0.00976826 -0.00767234 0.0029562 0.00339339 -0.00881833 -0.0130129 -0.0186834 -0.0152833 0.0242356 0.00617538 0.0227247 0.00575518 -0.0382346 -0.00337932 0.0321479 -0.00891243 -0.0443119 -0.0252349 0.00498957 0.00608069 0.0292888 0.0310496 -0.014256 0.00812176 -0.0294353 -0.00703319 0.00442108 -0.00052626 0.00717796 -0.00637527 -0.0206018 -4.70776e-05 -0.0287756 -0.00263661 0.00581591 -0.00486289 0.0145713 0.0142489 -0.0206417 -0.0205081 -0.0303346 0.00436894 0.0214851 -0.000224274 -0.000118704 -0.0105158 -0.0113991 0.0120621 -0.00227457 -0.00761013 0.00773611 0.00521805 -0.0157196 0.00928055 -0.019097 -0.00596825 0.00100432 0.00804137 0.0203855 -0.0327234 
0.0308045 -0.0122218 -0.00964205 0.0090407 -0.0280242 -0.0349727 -0.0152748 -0.00320669 0.0198021 -0.00707254 0.0314582 0.0280284 0.0268164 0.00455731 -0.00776727 0.0051549 -0.0267824 0.00218984 0.04482 -0.00662619 0.0177753 -0.0188266 0.00188349 0.00518764 0.0229863 -0.0235081 -0.00232953 0.00789895 -0.0121336 -0.0339723 -0.00146878 -0.0430583 0.00752331 -0.0149417 0.00540848 -0.0286876 -0.0210507 0.0249906 0.012467 -0.00211144 -0.0377192 -0.0286178 -0.00586177 0.0246577 -0.022378 -0.0317376 0.00180723 0.0208361 -0.00345934 0.00212105 0.011887 -0.0114057 -0.0379468 -0.00110066 0.00241544 -0.0188052 -0.00642934 -0.0375385 0.00204988 0.0292256 0.0104617 -0.00948088 -0.0330536 -0.00611756 
0.00595273 -0.00627662 -0.0144366 0.0134947 -0.0218619 -0.0172074 -0.0219945 -0.00226081 -0.0321222 0.0171842 0.0168043 -0.0421652 -0.0331415 -0.0238462 0.0350209 -0.0173606 -0.0012742 -0.0239882 -0.00917793 -0.00440331 0.0103717 0.00288961 -0.0170254 -0.000817162 -0.00589388 -0.0307423 0.0416232 0.0116192 0.00487265 0.0495034 -0.00379711 -0.0214668 0.0167813 0.00771787 0.00708879 0.0128575 -0.0110259 0.00217863 0.0180485 -0.0194296 -0.00321913 -0.0531856 0.00317741 0.0245807 -0.0241956 -0.0167325 -0.0019514 0.00930182 -0.0017929 0.0171771 -0.00423352 -0.0197174 -0.0119116 -0.00732138 -0.0101524 -0.000840002 -0.0033199 -0.0383822 0.0403001 -0.0329337 0.0179094 -0.00772894 0.0102748 0.00729686 
-0.0490537 -0.0100785 -0.0256135 0.00541762 0.0326309 -0.0111771 0.0334052 0.000766726 -0.0232822 0.00506144 -0.000352535 -0.00640083 -0.0272558 -0.0140708 0.0103805 0.0163508 -0.0164082 0.0117553 0.00767113 0.00895209 0.0156327 -0.0380362 0.00138682 -0.0374852 -0.0371678 -0.0142053 -0.0249418 0.00295819 -0.00291302 0.0109987 0.0203661 -0.00946516 0.00122274 -0.024647 -0.0240277 -0.0075757 0.0241574 -0.0186924 0.0206135 0.00905513 -0.00635962 0.0302654 0.0083317 -0.0132317 0.0169262 0.00826357 0.0265025 -0.0198236 0.0417095 -0.00692473 -0.021425 -0.0365131 0.0119529 0.0105904 -0.0211652 0.00344565 -0.000291994 0.00826818 0.0135994 -0.0135918 0.0129816 -0.0124541 -0.0205535 0.0183213 
0.0182757 0.00138746 0.00504262 -0.0502066 -0.0159033 -0.00648893 -0.00616529 -0.00340317 -0.00388219 -0.0257721 0.00252654 0.012267 -0.0169447 -0.00986759 0.00442003 0.0370829 0.00780504 -0.0201844 -0.012808 -0.00642413 -0.0257439 -0.0107734 0.0401568 -0.0177775 0.00312441 0.0173991 -0.00765986 0.0341573 0.0168524 -0.0382988 0.0027258 0.0257977 0.0533895 0.0125916 0.06121 0.0118556 0.00644096 -0.00909272 -0.0110773 0.0206415 -0.00373379 -0.00395573 -0.00832584 0.0285524 -0.0258882 0.0471615 0.00531009 0.0287306 -0.00734604 0.0305733 0.00889169 -0.0048241 -0.000823387 0.0119687 -0.012564 -0.00213191 0.0388648 -0.00504452 0.0186175 0.00422042 -0.00975607 0.00294523 0.0159485 0.0154646 
0.0122614 -0.016648 0.00613184 0.00508101 0.0136996 -0.00689914 0.00265433 -0.000611155 -0.0355464 0.00578978 0.0130127 0.00924373 0.019934 0.0203581 0.0242025 0.0367352 0.0106976 -0.0243199 0.00215604 -0.00467851 0.0331116 0.017344 0.0156926 -0.0303123 -0.0240144 0.0340228 -0.00166295 0.0395351 0.0230421 0.00692144 -0.0485043 0.0220739 0.0139741 -0.0244678 0.00959519 -0.0128475 -0.0131129 0.00237734 -0.0157702 0.00929521 0.00239355 -0.0322122 0.0106347 0.0259177 0.0205521 0.0126218 -0.00792751 0.0106572 0.0313158 0.00562227 -0.00895836 -0.0112194 -0.01549 -0.0115576 0.024799 -0.00959679 0.0208367 -0.00433771 -0.0404724 0.0398108 0.0136873 -0.0113812 -0.0158945 0.0135245 
-0.0444489 -0.00617975 0.0208315 -0.0298949 -0.0392384 -0.0122442 0.00584889 0.00324461 0.0272661 -0.00799781 -0.00140128 -0.00516094 0.0159886 -0.0186622 0.0294937 0.0372607 0.0194134 -0.00145762 0.0122566 -0.0261427 0.0103555 0.0207166 0.00127721 0.0101116 -0.0186822 0.00801172 0.00362889 0.00510907 0.00564707 -0.0200624 0.0203696 0.00539108 -0.0154075 0.0140741 -0.00346906 -0.0327876 -0.0146522 0.0266001 0.0403167 -0.0167499 -0.0272339 0.0115943 -0.000418424 -0.00164395 0.00975901 -0.0265203 -0.00214924 0.0273468 -0.000969882 0.0238813 0.0368673 -0.00784581 -0.0502419 0.00877546 -0.0133425 0.0134737 0.0319108 -0.0355439 0.0188794 -0.0223627 -0.0211572 -0.00818231 0.00606767 0.0059919 
-0.0043762 0.0214275 0.0286627 0.0114479 0.00413152 0.0230385 -0.0127056 -0.0151309 -0.0390068 0.000213908 0.0132807 -0.0146123 -0.0172399 0.00820465 -0.0195564 0.0167076 -0.0223439 0.00989317 0.0305394 -0.0227154 0.0603759 0.0102974 -0.0038593 -0.0180467 -0.00767991 -0.00225047 0.00207541 0.0021192 -0.0309589 -0.0232841 0.010484 0.00271361 -0.0168106 -0.00989244 -0.00814912 -1.31886e-05 -0.0279056 0.00190432 -0.0084936 0.0519243 -0.0321287 -0.00748006 -0.00349291 0.0182014 -0.0272622 0.000974032 0.000691588 -0.0127225 0.0367179 -0.0148824 0.0024659 -0.00757213 -0.0165138 0.00968573 -0.0301196 -0.00896333 -0.0167799 0.00828954 -0.0143963 -0.0140958 0.0281937 -0.018629 0.0392801 0.00477243 
-0.0188171 -0.00360648 0.0273811 -0.00744264 0.0364985 0.0286353 0.0190036 -0.000474249 -0.0260405 -0.00499299 -0.02276 -0.00652153 -0.0438766 0.00336246 -0.0216101 0.00465317 0.00662908 -0.00367754 -0.0166403 -0.0255785 -0.0230435 0.0115577 -0.0246601 0.00180195 0.0296696 0.00603001 -0.0058215 -0.0326323 -0.0158544 -0.0152949 -0.00729124 0.0142824 0.00454761 -0.0325188 0.00357277 0.00640004 0.00146016 0.0193652 -0.0157711 0.013874 0.00370491 -0.00768178 -0.00895325 -0.0130024 -0.00359807 0.0195599 -0.0157538 0.00325782 0.00252404 -0.00909215 -0.0213894 0.0127174 0.00747253 0.00059674 0.00897763 -0.0244715 -0.00573896 0.0241466 0.018408 -0.00887613 -0.012808 0.0164694 -0.0212687 -0.0372671 
0.0213002 -0.0184978 0.00633375 -0.010259 -0.0221505 0.00685702 0.000155446 0.00627857 0.0155858 0.0342335 -0.00422078 -0.00907808 -0.0265251 -0.0176068 0.00931073 -0.0062622 0.0155308 0.0133972 0.00845137 -0.0128852 -0.00515461 0.0179605 0.00839666 0.0202196 -0.0355337 0.00928492 0.019352 -0.00198385 -0.00434291 0.00114145 -0.0446536 0.00524444 0.0217263 -0.00397122 0.0108359 0.0110064 0.00958289 -0.0277877 0.010528 0.00399525 0.0266623 -0.00770372 0.0131196 -0.0268616 -0.0202206 -0.0336315 -0.0198033 0.0198247 -0.00808787 -0.00205519 0.00527534 0.00128401 -0.00536201 -0.00502197 0.0154915 0.022951 -0.0128237 -0.00900258 -0.015639 0.0172373 -0.0439227 0.0011635 -0.000310662 -2.83419e-05 
-0.0105445 -0.00105975 0.00682686 0.00953496 -0.0259899 -0.0359348 0.0361744 -0.0297593 0.00523017 0.00721572 0.0290774 0.000606785 0.0146 -0.0170724 -0.00028381 -0.00624129 -0.00780969 -0.0148536 -0.0137551 0.0138265 0.0370604 0.00751621 -0.0322652 -0.00817831 0.011535 0.0151508 -0.0273181 -9.69075e-05 0.000753122 0.0207965 -4.61284e-05 -0.00224431 0.0128409 -0.0175263 0.0208539 0.00905687 0.00187814 -0.00661831 0.0058452 0.00290963 0.00662114 0.0119569 -0.043823 0.000650002 0.0163469 -0.0203382 0.00127102 -0.00108378 0.0108309 -0.0232027 0.0270948 0.00327804 0.00305982 -0.0186288 -0.00792459 -0.0143654 0.0210131 -0.013469 -0.00691813 0.0452986 0.00422415 -0.0297673 -0.0204296 -0.00904921 
-0.00999422 -0.00835732 0.011197 0.00436872 -0.00272392 -0.020474 -0.0194219 -0.00890841 0.023379 -0.0174555 -0.0079062 0.018903 -0.0300393 0.00746754 0.00712995 -0.0282869 -0.0259839 0.0283583 0.0183894 0.0327487 0.0282735 -0.00656351 0.0113104 -0.000544644 0.0168746 0.0117393 -0.00654655 0.00521317 -0.0208604 -0.044267 -0.0412575 -0.0473975 0.00297408 0.0210007 0.0180581 0.00114136 -0.0118308 -0.00948972 -0.0163583 -0.0331915 0.0275025 0.0314692 0.00184128 -0.0293467 -0.0035434 -0.00651627 -0.0141931 0.0196895 -0.0056849 -0.00926452 0.00976231 -0.0112399 -0.00322157 0.00416478 -0.00066629 0.00045906 0.00389031 0.0212585 -0.0271908 0.0190672 0.0387299 0.0447181 0.0125947 -0.0168052 
0.00205112 -0.0184784 -0.000779793 0.0375502 -0.0149197 -0.0225575 0.0235671 -0.0347927 0.00518319 -0.0123611 0.0113832 0.0223916 -0.0168041 0.00433159 0.00277592 0.0167017 0.0106576 0.0231302 0.00376978 0.0222436 0.0182016 -0.000610491 -0.0220484 -0.0198078 0.0119318 0.017252 0.000680049 -0.0164265 0.00809893 0.00223808 0.0329536 0.0105709 -0.00339853 -0.00292046 -0.0145526 -0.00511556 0.0311384 0.0221414 0.0349811 -0.0419457 -0.0202395 -0.0444893 0.00394623 0.000119334 0.0170205 0.0248246 0.0116151 0.0236273 0.00699167 -0.00268195 -0.0345453 -0.0234003 0.0143134 0.0240103 0.00450512 -0.0191006 0.0348973 -0.0583526 0.0159284 -0.0221915 0.00533425 -0.00744746 0.00988458 -0.0188953 
0.00932856 0.0219025 0.0183043 -0.0130774 0.000642931 -0.00656675 0.00640073 0.000989895 -0.00213969 -0.0218448 0.0129685 0.0132485 0.0275107 0.0282594 -0.00760223 -0.0459845 -0.0229029 -0.0222772 -0.0340713 -0.0148654 -0.0229681 0.0171074 0.00361187 0.0332538 0.00860007 -0.0182582 -0.011945 -0.0278549 -0.00292302 -0.00958878 -0.0215571 0.0359693 -0.0427763 -0.0247463 -0.0285402 0.0217622 0.0058698 -0.00346628 0.0120664 -0.0104224 0.00674934 0.0274918 0.00506397 -0.0177717 0.0120256 -0.00172741 0.0186714 0.0116295 0.0132651 0.0315966 0.000116459 0.00682821 0.0415261 -0.0343135 -0.0313129 0.000297928 0.000465386 -0.0207073 -0.0141749 -0.0221504 -0.011665 0.0127892 0.00287378 0.0213855 
-0.0102375 0.0175696 -0.00572003 -0.0112452 -0.020889 0.00187666 -0.0165727 0.016338 -0.010293 0.00905759 -0.0358634 -0.0196513 -0.00396742 0.0120632 0.0195369 0.0167988 -0.0149951 0.0295798 -0.0292921 0.0169433 0.0336388 0.0329302 0.0012867 0.00657535 0.00233788 0.0257357 0.00700236 -0.00732359 -0.0348297 -0.00446437 0.000636296 0.0190824 -0.0113767 0.00235752 -0.00543214 0.00383644 0.0106321 -0.0263479 -0.0102865 0.0063581 -0.000220272 -0.0191483 0.0187665 -0.0240591 0.00669244 0.00747814 -0.00975299 -0.00146384 -0.0298763 -0.015645 -0.0104789 0.00540787 0.0208698 -0.00497833 -0.00868669 0.00358187 0.0204935 -0.0125258 0.024217 0.0304126 0.00312674 -0.0102064 -0.0252615 -0.00776446 
-0.0117034 0.0154079 0.00920436 0.0164868 0.0197282 0.00539005 -0.0193919 -0.0079559 0.00897183 0.0326599 0.0112118 0.0233584 0.0152833 -0.00560821 -0.00192797 -0.00621723 0.0244928 0.0011285 -0.0348185 -0.000354931 -0.0100113 -0.00233906 0.0202316 -0.0047591 -0.0103676 0.00394302 0.00629581 -0.0304387 0.0383234 -0.00765974 -0.0225297 -0.0291814 -0.00351023 -0.00852035 -0.0145244 -0.00297105 0.022561 0.0149348 0.000648475 -0.0419886 -0.0345791 0.0440261 -0.0131838 -0.0245669 0.00364078 0.00760524 0.0107313 -0.00397742 -0.00973244 0.00467656 0.0040429 0.0476566 -0.00487649 0.0139957 -0.0340609 0.00492483 -0.0338235 -0.0370971 -0.0317024 -0.00567317 -0.00252875 0.0252071 -0.0318089 0.0274225 
-0.0226769 -0.00532265 0.0368713 0.001766 0.00725423 -0.0251235 -0.00507915 -0.0266961 -0.0175598 0.00570636 0.00974127 -0.0211246 -0.00726621 0.00706074 -0.0350374 -0.00200757 0.00608171 0.0217784 -0.00355963 0.013254 -0.0225749 0.0141765 -0.0147698 0.0166223 0.00589612 -0.0111134 0.0049633 -0.0307222 0.0121334 0.0389356 -0.0190328 -0.0101693 -0.0153003 -0.0190872 -0.00814084 0.0288042 -0.00526915 -0.0218298 -0.0296449 -0.0139449 0.00330796 0.0156821 0.0161176 -0.00771695 0.0218049 -0.0482316 -0.00417328 -0.0184616 -0.00454775 -0.00225765 0.0157339 0.0209916 -0.00102305 -0.00289036 0.00483282 0.000931837 -0.00978564 0.0124889 0.00708562 0.0196827 -0.0173206 0.0341618 -0.00236853 -0.0207787 
0.00728971 -0.0137315 -0.0248075 0.00510402 -0.00562091 0.0178182 0.0201057 -0.00192097 -0.0371744 -0.0127611 -0.000464164 -0.00535047 -0.0214057 0.0156407 -0.0178141 0.0130994 -0.00819912 0.0120296 0.0184997 -0.0106474 0.00657345 0.0279347 0.0222622 0.00349024 -0.0193622 0.0115919 0.029844 0.0208259 -0.0373153 0.0145093 0.00631294 -0.020933 -0.006429 0.0162261 0.00361866 0.00779582 0.0439161 0.0272245 0.00330302 0.0611257 0.00589851 0.0158922 0.000399638 -0.00778077 -0.0159586 -0.0425832 0.00901764 -0.00333169 -0.00184624 0.0208034 -0.024803 -0.00640731 0.00925059 0.0133486 -0.0101596 -0.0164859 0.0306395 0.0115428 -0.0104509 0.0140117 0.0115569 0.018846 -0.00178822 0.0378201 
0.0038753 -0.00401075 0.00406501 0.00147421 0.028525 0.00965697 -0.0107299 -0.0171761 -0.0148621 0.0228036 -0.00606152 -0.0210576 0.0187748 0.030967 -0.0129434 -0.0268711 -0.0133161 0.0455399 -0.00725058 -0.0158314 -0.0218401 -0.029485 -0.0317571 0.00387408 0.000427702 0.0256752 -0.00129056 -0.0203613 0.0167505 0.0302785 -0.00751738 -0.0210783 0.00491278 -0.00823126 0.0151959 -0.00970207 0.0108018 -0.00249006 0.00749128 0.0324629 0.019467 -0.0215015 -0.0221014 0.00382607 -0.00376399 -0.0297487 -0.0435442 0.014031 0.0128177 -0.024639 0.0139114 0.00445417 0.00544143 -0.00364831 0.0116824 -0.0106475 -0.00919425 0.0220573 -0.0041835 -0.0127997 -0.0248656 -0.015397 0.0174518 0.0203887 
-0.00409877 -0.018282 0.017594 -0.0171353 -0.0137699 0.0183845 0.00202132 0.0175544 0.0243127 -0.00946377 -0.00280944 0.0184585 -0.0387297 -0.0167234 0.01981 0.032136 0.0272817 0.0192855 0.013597 0.00148545 -0.0391922 -0.00371934 -0.00934155 -0.0199428 -0.0077861 0.0482631 0.00681047 0.00458789 0.00435907 0.0131333 -0.0320066 -0.00687332 -0.00289665 0.011511 0.00837898 0.0113949 -0.0301456 0.0258354 0.00698504 0.002321 -0.0051185 -0.0231842 -0.0123733 0.00395788 -0.035545 0.00670892 -0.00665558 0.0082415 -0.0315168 -0.0174291 -0.00342826 0.00188076 0.00097002 -0.0338418 0.040329 0.00315706 -0.010925 -0.0107566 0.0146885 0.000112031 -0.0474719 -0.00823606 -0.00515776 0.012007 
-0.00630303 0.043788 0.00591413 0.0392095 -0.00394077 -0.00399354 -0.00445143 0.0182789 0.0271825 -0.0279236 0.0169487 0.0140486 0.018401 -0.00346948 0.0221027 -0.0237846 0.0266266 -0.0164239 0.0177443 -0.0200866 0.0493681 -0.00217385 -0.00218787 0.00934559 -0.0103624 -0.000844516 0.0223704 -0.0149647 0.0177893 -0.0169551 0.0204218 -0.0123415 0.00492181 -0.0213906 -0.011917 0.00847837 -0.0316863 -0.00986111 -0.000795852 0.00159561 -0.0476176 0.0013151 -0.0126488 -0.0180042 -0.00540785 0.0132121 -0.0249419 0.0129236 -0.0283808 -0.00354028 0.00315087 0.0122117 0.0254996 0.00980836 -0.0117906 0.00622509 -0.0119653 -0.00121777 0.00682967 -0.0142455 -0.0116958 -0.000613496 -0.0275951 -0.000896749 
-0.0188453 0.0295772 -0.0186973 0.0285263 -0.0234521 0.0222474 -0.0217472 0.00711487 0.00315755 0.0104791 -0.0337938 0.00423676 0.00522342 -0.00665556 -0.0145088 0.0016486 -0.0129667 -0.0308842 0.0178299 -0.00487695 -0.0105471 -0.00111489 0.0176108 0.00727522 -0.0385143 -0.0182101 0.049929 -0.0425861 0.0152959 0.0162976 -0.00817326 0.00453773 0.00865564 8.26434e-05 -0.00303098 -0.0217665 0.00588823 -0.00582462 0.00603561 -0.0130516 -0.0150381 -0.012187 0.0468867 -0.0202198 0.0146006 0.0294347 0.0089496 -0.0011803 -0.00613683 0.0264088 0.026506 -0.0189936 -0.0267908 -0.0342727 -0.015981 0.0514516 -0.00165487 -6.24236e-05 0.001714 0.0232766 -0.0045888 0.01629 0.00481474 0.0155058 
0.0365236 -0.0232937 0.0397389 0.00203801 0.00802276 0.0121555 -0.0280214 -0.00275574 0.00464133 -0.031489 0.0322992 -0.021899 -0.0512668 0.00353208 0.00913146 0.00261307 -0.0142726 -0.0252119 -0.0122639 0.00574016 -0.000375816 0.00150306 0.00399062 -0.0263596 0.0011187 0.0101182 0.019412 0.000820433 -0.00431851 -0.0315886 -0.0251283 0.000477034 0.0126929 -0.0365709 -0.0107044 0.0179297 0.030875 0.00887155 -0.0332105 0.00156941 -0.00941069 -0.0202644 -0.0191534 0.0118063 -0.000783894 -0.00161518 -0.00809639 0.0178229 0.0160159 -0.00647389 -0.0189056 0.0340268 -0.00641589 -0.0334489 -0.00381478 0.00686739 0.00578696 0.00661679 -0.00353745 0.0110187 -0.00990157 0.038239 0.0134735 -0.0343415 
0.0200776 -0.0071449 -0.00323942 -0.0177877 -0.010648 0.050684 -0.0223493 -0.00211852 0.000447007 0.00661635 -0.00696243 -0.0108451 -0.0109742 0.0335548 0.0179016 -0.03073 -0.0147024 0.00890873 -0.0311624 -0.00292612 -0.046772 -0.00887851 -0.0152347 0.00784208 -0.0258687 0.0144869 -0.0111226 0.00176891 -0.0326641 0.00066476 0.0280722 -0.00586906 -0.0565818 0.0138227 -0.00719064 0.00299045 0.0201929 0.037865 -0.0156815 -0.0308857 0.00292155 -0.00972864 0.0249777 0.0126647 -0.00521368 -0.0145954 -0.018058 0.00307419 0.00931723 0.0219796 -0.0103494 9.14149e-05 0.0129833 0.0190544 -0.0162584 0.0295464 0.00626636 -0.0348935 0.00909144 0.0210224 0.000270698 -0.00701383 0.00872119 0.00717565 
-0.00869703 -0.0124009 0.00970227 0.00658991 0.0173708 -0.0403796 -0.0341139 0.0252054 -0.007029 0.00303939 -0.0305847 -0.0268534 0.00236913 0.00722477 0.0192058 0.00707518 0.0130095 -0.0192706 -0.00492732 0.000973526 0.00850413 0.0107913 -0.00561995 0.00476536 -0.0152291 0.0220053 0.0127286 0.00842538 0.00752796 -0.00612584 -0.00696304 0.00781451 -0.00474007 -0.00146303 -0.00916771 -0.00230632 -0.00211382 0.0232411 0.00577582 0.000341265 0.000948812 0.0285446 -0.0166468 0.0109133 0.00933022 -0.0171371 0.00407011 0.0444103 0.00140038 0.022947 0.0248367 -0.00525946 -0.00209419 -0.0175424 -0.00409961 0.000196472 -0.00503684 0.0108746 0.0175633 0.0139449 0.0056002 0.0130058 0.00835869 0.0276435 
-0.0207303 0.000935927 0.0146546 0.0108677 -0.00845714 -0.00953762 0.0323544 -0.00863077 -0.0141932 -0.0207486 0.00251873 0.0179135 0.0431195 0.0212762 0.0175677 0.00387493 -0.0112732 0.0281417 -0.00338823 0.059689 -0.0292417 0.00402046 -0.00380885 0.0158829 0.022174 -0.0123046 -0.00635063 0.0253141 -0.0098497 0.0237782 0.00251449 -0.0053442 0.0288601 -0.0126459 -0.0335229 0.00975356 0.0284252 0.0361849 0.0114996 -0.00506915 -0.0201774 0.00677517 0.0289993 0.00644999 0.0287262 0.00704316 0.0191228 0.000136807 0.00459792 0.0280801 -0.0273554 -0.022308 -0.000956598 0.000535744 -0.00149949 -0.00461492 -0.00436586 0.00617089 -0.0113618 -0.0201005 0.0135356 -0.00554329 -0.00570409 0.00245232 
0.0153584 -0.0222554 0.0189496 -0.00468487 0.0423155 0.00564314 0.0191346 0.00764044 -0.00594608 0.00233007 0.0224202 0.00551036 0.0166432 0.0403524 0.00855686 0.0148397 0.0376134 -0.027667 0.0294041 -0.0164074 -0.0214 -0.0126565 -0.00970687 -0.00725666 -0.0110065 -0.00155941 -0.0219777 0.0223531 0.00143107 -0.0180382 -0.00175536 0.0196564 0.0070354 0.00461666 0.0065902 0.00583137 -0.00761784 -0.0244848 -0.0512813 0.00404456 -0.00326935 0.0242001 0.00234257 -0.0203473 -0.00246996 0.0107422 -0.00830822 0.0110011 -0.00254767 -0.0104898 0.0201695 -0.0189538 -0.00604436 -0.0322141 -0.00289222 -0.00361059 -0.00265348 7.65695e-05 -0.00500641 -0.000112044 -0.0436021 -0.0118326 0.00878232 -0.0155714 
-0.00356077 -0.0070407 -0.0339012 -0.00915758 -0.0226843 -0.0379207 -0.0159497 -0.0100563 -0.00900833 0.03564 -0.010756 0.0114613 -0.0188748 0.0041326 -0.00599552 0.0193369 0.0251591 0.00827475 -0.0239787 -0.00361153 0.00245958 0.00975084 -0.0280858 0.023542 -0.00129423 -0.0155557 0.0243806 -0.0265843 -0.0155801 0.0202145 0.0351004 0.0303532 -0.00199852 0.0269408 -0.022453 -0.0147183 -0.0146141 0.0192346 -0.00201561 0.0152022 -0.0199071 0.0193308 -0.00327245 -0.0231544 0.003192 -0.0226247 0.00779305 -0.0231451 -0.00399472 -0.0183628 0.0205566 0.027344 0.0117288 0.00293118 0.00470296 -0.0334 0.000423978 0.00273416 -0.0208331 0.0436252 -0.0111337 0.0099993 -0.0214794 0.0282401 
-0.00884365 -0.0185905 0.0223134 -0.00623216 0.0221349 0.00430119 0.0031851 0.041385 0.0122802 -0.0273966 -0.026702 0.0166329 0.0252428 0.0139117 0.0375605 0.00545884 0.0029409 0.00146717 -0.002377 -0.0211954 -0.00930098 0.026336 -0.0412256 -0.0260557 -0.00433089 0.0147118 -0.023398 0.00608668 -0.00772786 -0.0126494 0.000251568 0.00024136 0.010783 0.00540495 0.00265011 -0.0243226 0.00723561 -0.00643695 -0.0150792 0.0056048 4.10778e-05 -0.00524007 0.00570202 0.0489006 -0.0177676 -0.00802086 0.0252389 -0.0314532 -0.011075 -0.0138332 0.0368528 -0.0481495 -0.0120194 -0.034846 -0.0051031 -0.00822666 0.00195917 0.0270177 -0.00971163 0.00678727 0.016149 -0.0196493 -0.0137894 -0.00426219 
0.00274702 -0.0185512 -0.000639378 -0.0203857 -0.00639616 -0.00995758 0.00918664 -0.0172024 -0.00309192 0.0121068 0.00109185 0.0340612 -0.0176543 -0.0159974 0.0329349 0.0220158 -0.0127562 0.00932502 -0.000653469 -0.000849098 0.0281791 0.00652357 0.00349686 0.00915294 -0.0208392 -0.0413495 -0.023139 0.0237798 0.00602124 -0.016402 0.002327 0.00398424 0.0038042 0.00699183 -0.00533961 0.00204269 -0.0148019 0.0390774 0.0421323 -0.00583344 0.0183892 -0.0272736 -0.00552046 -0.049729 0.0132229 -0.00457388 -0.00844257 0.00328956 -0.0081743 0.0152247 -0.0240379 0.0240922 0.00407994 -0.0178234 -0.018896 -0.0062964 0.0171483 -0.0176537 -0.00785386 0.00975665 -0.00852967 0.0228103 -0.0291785 -0.0311816 
0.0227694 0.0110985 0.00588602 0.00811345 0.000261062 0.0200802 -0.0177105 0.0138996 -0.00755894 -0.0275146 0.00570581 0.0111289 0.0361903 0.00388545 -0.0226538 -0.0238509 0.012362 0.021417 -0.0139342 -0.00739272 -0.0271563 -0.0526526 0.0409076 -0.0208854 -0.0281121 0.0216239 0.00115738 -0.00783293 -0.0140004 0.00616658 0.0239366 0.0102254 -0.0154032 -0.0294155 -0.0109189 -0.0229812 0.0328061 -0.00143784 0.0319633 -0.0246329 0.00249172 -0.0067141 0.0268475 0.00931595 -0.0197175 -0.0137747 -0.0243057 -0.0246025 0.0104085 0.0516756 -0.0350508 -0.0136638 -0.0201616 -0.0198405 -0.019411 0.00288184 -0.00878661 -0.00544648 0.00145665 -0.037397 -0.0157688 -0.00894717 0.00479579 -0.00238209 
-0.0288729 0.00227962 0.0266546 0.0216844 0.045143 0.0190672 0.0322399 -0.0242919 0.0117522 0.0204106 0.00162132 0.0236252 0.0148506 0.00211416 -0.0106519 0.00798075 0.00190604 0.0189514 0.0505231 0.0117877 -0.0257478 -0.0658435 -0.025477 0.0109234 0.0305778 0.00115907 -0.00781625 0.0172844 0.0215383 -0.0288502 0.00210812 0.00737014 -0.00127395 0.000497827 -0.031044 0.0311139 -0.00844076 -0.00389075 -0.0459004 0.0272155 -0.0181245 0.0234365 0.0207312 0.0231371 -0.00533495 0.0262288 0.0225127 -0.0284546 0.0137902 -0.0613788 0.0287121 -0.0101008 -0.00196022 0.0130211 -0.044379 0.0104226 -0.00902148 -0.0264907 -0.0106016 0.000180002 0.00868901 0.0098471 0.0270505 -0.00135275 
-0.0155277 0.0245776 0.0079541 0.0115142 -0.0183772 -0.0331842 -0.0317558 -0.013095 0.0212425 -0.0185989 0.024025 -0.0265886 -0.00949311 0.0515758 -0.0155818 -0.0339835 -0.0150339 -0.0192684 0.0302827 -0.0205945 0.0497377 0.015787 0.00963732 -0.0056723 -0.0135633 -0.00222941 0.00228843 -0.0189261 -0.00334763 0.00851553 0.0161497 0.015974 -0.0150427 0.0282893 0.0155666 -0.021197 -0.0308127 -0.0053553 -0.015924 0.0301321 -0.0227685 0.0260729 -0.0517303 0.00287485 0.00902737 -0.0538783 -0.0230548 -0.0200775 -0.00574496 -0.00563262 -0.0170441 -0.0174846 0.00258201 -0.0680181 0.00972867 -0.00970642 0.0498592 -0.0422638 0.0112597 0.0206816 -0.0261423 -0.00305787 -0.0292377 -0.0227953 
0.0325605 0.0149943 0.0147045 -0.0152367 -0.00112961 0.0217227 -0.0155534 -0.011345 0.00223269 0.00135868 0.00968542 0.029354 -0.0289962 0.0148622 0.00981145 0.024558 0.0046816 0.0101248 0.0340645 0.000874606 -0.020689 -0.00587519 6.15922e-05 0.000919215 -0.025738 -0.00938353 -0.0131916 0.0181738 0.0308816 -0.00627595 -0.0209883 0.0091918 -0.0587558 0.0231851 0.0427705 0.011731 -0.0194312 0.00537284 -0.0268577 -0.00924993 -0.0190508 0.012462 0.0029746 -0.0358314 0.000915749 0.0212364 0.030619 0.0185953 -0.045916 -0.00533856 -0.000552123 0.0563767 -0.00582566 0.00510244 0.0106921 0.00887654 0.0252192 -0.0134309 0.0222818 -0.00787132 -0.0103935 0.0246263 0.0356018 -0.0437819 
