64 64
-0.0184801 0.0261476 -0.00730484 -0.0197568 8.45612e-05 -0.00495711 -0.0147872 -0.0232142 0.0229277 0.0271106 -0.02416 0.0152939 -0.00357206 0.0174446 -0.0150242 0.00703465 0.00177109 -0.0114069 0.0115658 0.0484848 0.0197272 -0.0197014 -0.00662389 -0.01262 -0.00593908 -0.00276319 -0.0148236 -0.0166106 -0.0121723 0.0211947 0.0213429 -0.0146186 -0.0151743 -0.0311684 0.00417068 0.017383 0.0311248 -0.0516087 -0.0118125 0.0235282 0.0306629 -0.0141704 0.0318825 0.023277 -0.00592404 0.0023325 0.00158214 -0.0388773 0.0288572 0.00139095 0.00119528 0.0306063 0.000872877 0.00911747 0.00462572 -0.00278118 0.0302963 0.0071562 -0.0286507 -0.00382639 -0.00299947 -0.00409912 -0.00164866 0.0364566 
-0.0354702 0.00537901 0.0379372 -0.00677126 -0.0168247 -0.0222801 0.00367814 0.00750193 0.00402898 -0.0142265 -0.0137146 -0.0260636 0.0226419 -0.0236615 -0.0237332 0.0493374 -0.00500076 -0.00332782 -0.0112109 -0.027864 -0.0126091 -0.0238037 0.0217622 -0.0113926 0.0220835 -0.0156269 0.0164482 -0.0519949 -0.0145784 -0.0166391 0.0203877 0.0130045 -0.00960134 -0.0130478 -0.0107027 0.019965 0.0142675 -0.0221367 0.017642 0.00473216 0.00471564 -0.0296162 -0.00394176 0.0103801 0.0237108 0.0167498 0.0112969 0.00964308 0.0281816 0.0141689 -0.0178624 -0.00252823 0.000988983 -0.0251712 0.0429638 0.0166291 -0.0111153 -0.00201824 0.00331856 -0.0138855 0.00802891 0.0275407 -0.0172385 0.0476873 
0.0141966 0.00492337 0.0139777 0.031273 -0.0197533 -0.000269572 -0.0243571 0.00723058 0.0356647 0.00105754 0.00712056 0.00747538 -0.0592499 -0.0043424 0.0421866 -0.000606855 0.00782698 0.0240976 -0.0214989 0.0180287 -0.0278041 0.00218814 0.00216244 0.00186244 0.0140026 -0.0103125 -0.0119677 0.00148525 -0.0386445 0.00138821 0.0327392 0.00359631 -0.0224637 0.00140993 -0.0196363 -0.00180963 0.00447009 0.0207531 0.0238989 0.0147781 -0.0197008 -0.00498709 0.00250688 0.000673506 0.00875098 -0.0377258 0.0169297 0.013251 -0.0227799 -0.00960461 0.030434 0.00731025 -0.00506937 0.0296107 -0.00601043 0.0082514 -0.00209178 -0.00268445 0.031367 -0.00782528 -0.0346521 -0.0250671 -0.0135475 -0.0243461 
0.0302249 -0.0191532 -0.000235439 -0.00478904 0.0230855 -0.000326997 -0.000884913 0.0205705 0.0134466 -0.00558527 -0.0084139 0.0442124 -0.00212451 -0.0269178 -0.0300615 -0.000763998 0.0167932 0.025828 0.0121962 0.00493173 0.00693371 0.00137678 -0.0503589 0.0335801 0.00932865 0.0104597 -0.00757966 0.0220557 0.0228971 -0.00474051 0.00370554 0.00564779 0.0406468 -0.0314781 0.0202315 -0.00124616 -0.0111782 0.0544891 -0.0361715 -0.0247711 -0.000845117 -0.00973256 -0.0344818 -0.0115902 0.0161647 -0.0274768 -0.014901 -0.00926064 0.00710444 -0.00670577 -0.0135705 -0.00689911 0.0278757 0.00332302 0.0282675 0.0053452 -0.00475457 -0.00827925 -0.0101229 -0.00107 0.0172915 -0.0336009 0.00495493 0.0438274 
-0.000424073 -0.0180608 -0.0323553 0.0140986 0.040278 0.00112548 0.0456645 0.0414309 0.00182849 0.0105065 0.019502 0.0102147 0.00643345 8.0079e-06 -0.0105077 -0.0184156 0.019632 0.010347 0.0149814 -0.0288824 -0.0049413 0.0116452 -0.0101557 0.00234954 0.00963365 0.0185414 -0.0287368 0.0247542 0.0303461 -0.0499366 -1.74459e-05 0.0207261 9.7787e-07 -0.0223964 0.0326887 0.0429812 -0.0276039 0.0108085 -0.0194776 0.0331519 -0.00810437 -0.00824872 0.0237457 0.0262363 -0.0249616 0.0330391 0.0381951 0.00239768 -0.0139288 0.0369629 0.00101461 -0.0125837 0.000996284 -0.00703721 0.00878248 -0.0121435 0.0245023 0.0196856 -0.0445846 -0.00128531 0.019418 -0.00641803 -0.0149613 0.0145936 
0.0104688 -0.025687 -0.0253084 0.0134257 -0.0004503 -0.0271468 0.00773467 -0.00548585 0.0164954 -0.00324918 0.00998364 -0.014131 -0.0119765 0.0215638 0.0123195 0.0252222 -0.0115002 -0.0189954 0.0155251 -0.033181 -0.0148053 -0.00996981 0.00816636 0.0177038 -0.00807285 0.00523176 -0.00600434 -0.0053255 0.0396533 -0.00684902 0.0277357 0.00390247 -0.00183913 0.0119637 -0.0408117 -0.0286288 0.0433912 0.0144357 -0.0247574 -0.0358858 -0.00832644 -0.0209252 0.013057 -0.0328202 0.00506401 -0.00691551 -0.00441942 -0.0068874 0.0414485 -0.0378712 0.00139706 -0.0145388 0.028886 -0.0147373 -0.0104738 -0.0124773 -0.027843 -0.0114751 0.00819345 0.00179108 0.0240543 -0.00405575 0.0275254 0.0118715 
-0.00157814 -0.0229187 0.000532658 0.0157404 -0.00844964 -0.0175357 0.00052918 -0.0224605 0.00539215 0.0106408 -0.00411311 -0.000487017 -0.00605638 -0.0120938 -0.00735095 -0.0109793 -0.0126955 0.0299709 0.0330016 -0.0113848 -0.00683967 0.00653708 0.0472571 -0.0157948 -0.0671145 -0.0337208 -0.0131665 -0.000115626 0.00737965 -0.00613333 0.0224156 0.022663 0.0209426 -0.0132986 0.00763162 0.000178248 -0.0253367 0.0225847 0.0184174 0.0405316 0.0318403 0.00732396 0.0250239 -0.0206181 -0.0397446 0.0191532 -0.010621 0.00511651 0.0158091 0.0226122 -0.00338054 -0.00181016 -0.00847563 0.0115071 -0.0168697 -0.0148973 -0.00498279 0.00467228 -0.0140396 -0.00263951 -0.0309744 -0.00686042 -0.00903641 0.00778374 
-0.00985199 -0.0190002 -0.0480721 -0.00209653 -0.0233178 0.0126972 -0.0175755 -0.0273994 0.0274585 -0.0090026 0.0337711 -0.0217482 0.0178174 -0.0131943 0.0025221 -0.0113227 -0.0114589 0.0453182 -0.000579395 0.0217192 0.0203929 0.0350169 -0.0184635 0.00595413 0.0253328 -0.0125988 0.0276109 0.0204301 0.0326442 -0.0107892 0.0284445 -0.0140494 -0.0320749 -0.0259133 0.0172432 0.0242927 0.0155961 -0.00183402 -0.0111747 -0.0250699 -0.0247684 0.00925759 0.0307704 -0.0215077 0.0108758 -0.0134201 0.0396557 -0.0114369 -0.0301513 0.00752968 -0.0119007 -0.0101619 0.00421374 -0.0164251 0.019263 0.029917 0.0344233 0.0171456 -0.00918243 0.00434431 0.04842 -0.0246374 -0.00776502 -0.0136298 
-0.0185238 -0.0298107 -0.00445842 0.000126102 -0.0246158 0.0243463 0.0170592 0.00835459 -0.00742839 -0.0131133 0.00840875 -0.006119 -0.0177654 -0.0176908 0.0118812 0.0167551 -0.0095285 -0.0109366 -0.0107715 -0.0167199 0.00451657 -0.00392928 0.0205438 0.0416924 -0.00152653 -0.00496802 0.0273536 0.0244307 0.00281726 -0.0145652 0.0230431 0.00612694 0.00786276 0.0135936 -0.0368985 -0.0231962 -0.0206985 -0.0276074 0.0205039 -0.00217861 0.000812212 -0.014893 0.015434 0.00649742 0.0622455 -0.0126529 -0.0291545 -0.0234342 -0.0467748 -0.0385421 0.0344799 0.0201934 0.00471492 -0.0321183 -0.0199156 -0.00503964 0.0172036 -0.032285 -0.00251213 -0.0132961 0.00422718 -0.0633426 -0.00827427 -0.0174327 
-0.00129271 0.00452581 0.005261 -0.00770775 0.0133154 -0.0082612 -0.0224546 0.0124327 -0.0149928 -0.0220922 0.0246334 0.0462063 0.00154947 -0.00522445 -0.00712651 -0.0032247 0.0147545 0.0295798 0.00415872 -0.00131887 0.0206616 0.00776939 -0.00279575 0.027061 -0.0150808 0.0123266 -0.00213399 -0.0152497 -0.0234493 -0.0348717 0.00953049 -0.00525248 -0.00652612 0.0123198 -0.0173298 -0.00122123 -0.0146864 -0.0236047 0.0165373 0.0374335 -0.00273998 -0.01035 0.0415899 -0.00881598 -0.0258742 0.00936859 -0.00155356 0.00819877 -0.0037378 0.00881889 -0.0426342 -0.0468679 0.0309764 -0.0312854 0.0143173 -0.023039 -0.0334162 0.0352891 0.00999244 -0.0142107 -0.0170385 -0.00185187 0.0144836 0.0106621 
-0.0191567 -0.00266949 0.00326081 0.0417326 0.0422826 0.00308123 -0.00508552 -0.00410778 -0.0326316 -0.00482627 0.0240945 -0.017206 -0.00965665 -0.0242684 -0.0183337 -0.000269835 0.0452511 -0.0137831 -0.000173189 -0.000112 0.0132824 -0.0128414 -0.0259718 0.00955056 -0.00677804 0.00927975 -0.0186508 0.0141969 0.0336256 -0.035565 0.00351973 0.0111782 0.0201263 -0.0174881 0.0235312 0.0242054 -0.0121949 0.00111906 0.0111712 0.0067709 0.0309399 -0.00282191 0.00952338 -0.00688052 -0.00180393 -0.0362998 0.00251792 -0.019085 0.0161905 -0.00143831 -0.00497977 0.0106025 -0.00597048 0.0110791 -0.00352117 -0.0187134 0.00683583 -0.0241512 0.00535913 0.0214175 -0.0195376 -0.0026011 -0.0272614 0.0156052 
0.00234255 -0.0231482 0.00364623 -0.00546619 0.018704 0.0272409 -6.35867e-06 -0.0033701 -0.00694868 0.0158457 0.0248088 0.0185248 0.0254713 0.0377062 -0.00210782 0.023381 -0.0269427 0.0224661 0.034239 0.0328668 0.00213645 0.0242455 0.0253542 0.0246477 0.0106763 0.00198636 -0.023561 0.0248028 0.000874347 -0.0199797 -0.0246743 -0.0471091 -0.00303581 -0.0262204 -0.0046048 0.00189044 0.0293147 0.0237215 0.00372779 0.025256 0.0145518 0.00589949 -0.00453134 -0.00792358 0.00746153 -0.0351267 -0.0118623 -0.01827 -0.0283202 0.0229813 -0.00614276 0.0393819 -0.0137356 0.00583267 0.0269379 -0.0118735 0.0172071 -0.0187307 -0.00975444 0.00846106 0.00471551 0.0412783 -0.00139267 -0.00285143 
-0.0310008 0.00602723 -0.0104132 -0.0216432 -0.0208001 0.00847998 0.0105743 0.00725577 0.0111549 -0.0302121 -0.00245093 0.0119343 -0.00606164 -0.000456009 -0.01569 0.0156128 0.0114941 0.000666617 -0.0226769 -0.00744057 -0.030297 -0.00483113 -0.0152893 -0.00381528 0.00829395 0.0234884 -0.00871903 0.0302308 -0.0225271 -0.000762425 -0.0138508 0.0141934 -0.00878934 0.0177183 0.0363203 -0.0321036 0.0282712 -0.00701567 -0.00915221 -0.0212516 -0.0151101 0.00335432 -0.0118453 -0.0221097 -0.0165491 -0.0025124 0.00984812 -0.0265917 -0.0292037 0.0193954 0.0282996 0.00636587 0.00845814 -0.0263853 0.0114375 0.00302523 0.062292 0.00555451 0.023638 -0.0417478 0.0103321 0.00515692 -0.0105866 0.00805117 
0.0354214 -0.0315464 0.000305865 -0.0414598 0.0186019 -0.0331334 0.00175114 0.0184973 -0.00294287 -0.00321271 -0.00146512 -0.0118531 0.0120378 -0.0258834 -0.00961918 0.0303393 -0.000494016 0.00153751 -0.0203235 -0.00492996 -0.035232 0.00806631 0.0153667 -0.0188428 0.00565255 -0.00114492 -0.0091233 0.0215547 -0.0325467 -0.00889706 0.0158333 0.00623757 0.0145193 0.0134398 0.0285064 0.00446505 -0.013132 0.00800363 0.027433 0.00933095 -0.0157475 -0.00222685 0.00245724 0.0258023 -0.0201065 0.0300004 -0.00149253 -0.00927498 -0.0233042 -0.00788333 -0.000517047 -0.0278904 -0.00246123 -0.00283894 -0.0311828 -0.0149544 0.00255753 -0.000461844 -0.000800338 0.0189348 -0.00949347 -0.0057678 0.00334161 -0.0118734 
0.00226796 -0.000961485 0.0567597 0.00399743 -0.00583091 0.0203679 -0.0350208 -0.0118906 0.0199102 0.0262997 0.0385261 0.0166058 0.00412506 -0.00194274 0.00302144 -0.0212348 -0.0225277 0.00280926 0.0119824 -0.0201513 0.0228921 0.00670781 0.00733985 -0.0193458 -0.00953947 -0.00714027 0.00849968 -0.000996494 0.0328374 0.0073938 0.0361545 -0.0177355 -0.0155952 0.0273584 0.000205542 0.000838557 -0.0023463 0.00695087 -0.0127576 0.00033721 0.00797826 -0.0266537 -0.0127683 0.0153358 0.00919116 0.00322905 0.0454149 -0.00911313 0.0731088 0.0469894 -0.0023002 0.00832366 -0.0241111 -0.000363199 0.0289619 -0.0087325 -0.0031372 -0.0147428 0.00784165 0.0317734 0.00623268 -0.0177216 -0.0172168 0.0103049 
0.00173531 -0.00419938 -0.0198054 0.0371228 0.0274931 0.0196377 -0.0014972 -0.00314532 -0.0232552 -0.00253993 -0.0101957 0.00815711 -0.0321119 0.00140515 0.0073987 0.0155162 -0.011042 0.00571364 -0.0148039 0.0181074 0.0174584 -0.00447482 0.00148473 -0.0152502 0.0416563 -0.0234633 0.00649499 0.015708 -0.0147215 0.0328711 0.00976103 0.015501 0.00515619 0.0129547 0.00116715 -0.0197129 0.00252936 0.00568189 0.0139182 -0.0167474 -0.0506519 -0.00551071 0.0151537 -0.0304271 -0.032944 0.0148718 -0.0152408 0.0359977 -0.0338444 -0.00408219 0.0142694 -0.0128718 0.00432203 0.00984602 -0.000454994 -0.0378102 0.00301778 0.0266775 -0.00374335 -0.0110169 0.0283936 -0.00612777 0.0262075 0.0230533 
0.00459324 0.0315638 0.015434 0.00326345 0.0133138 -0.0180085 -0.0247597 0.00165696 -0.00615531 -0.00188858 0.0565072 0.0610646 -0.00776751 0.0106059 0.00392976 0.00600726 -0.0125306 0.0129691 -0.0243378 0.00959196 -0.019888 -0.00162312 -0.00113498 -0.00811644 0.0219733 0.00390212 -0.0208373 0.0461044 -0.035354 0.00156476 0.0609429 -0.0195688 -0.013608 0.000912021 0.0154069 -0.0656737 0.0248952 0.0192363 0.00166939 0.0120513 0.00581553 0.0311991 0.0521893 -0.00810908 -0.00444007 0.0215529 -0.0296118 -0.0510694 -0.0151961 0.0270144 0.00451371 0.0182127 -0.0475195 -0.0175375 -0.00977801 0.00747415 0.0090553 -0.00454242 0.00619777 0.0263812 -0.00570785 0.0292407 0.0042377 -0.0359955 
0.0113678 0.00877398 -0.0214689 0.012823 -0.0130845 -0.0103693 0.00491317 0.0129995 0.0142402 -0.0183879 -0.00295887 -0.00987299 0.0201548 0.00620092 0.0108185 0.0165413 -0.0268007 -0.0085041 -0.00190975 -0.0207895 -0.00468193 0.0169192 0.030383 -0.0289836 0.0090153 -0.0134998 -0.029339 0.0146439 -0.00702762 -0.008605 0.00157801 -0.00404289 0.00668646 -0.00536592 -0.0210197 -0.00181762 0.00360306 0.0209366 0.026978 -0.0129834 0.00637728 0.000906521 0.00184342 -0.0175255 -0.0179258 -0.0454192 -0.024939 0.0436464 0.0104998 0.00312994 0.0200374 0.0190634 0.0110934 0.000906521 0.0294527 0.0169039 -0.000210192 -0.00249893 0.039016 0.0144818 0.0166604 -0.00263778 0.0156838 0.00221082 
-0.00527886 0.0067424 0.00522635 -0.0221422 -0.0330964 0.0153398 -0.0233575 -0.0157063 0.0188097 0.00782029 -0.0091436 -0.0124503 -0.00191536 0.0210247 0.0233541 0.028469 -0.00814613 -0.0308997 -0.0128956 0.0216945 0.00528848 0.00785734 0.0150168 -0.0159013 -0.00652369 -0.0252954 -0.0040704 -0.0297415 0.00834877 0.0174112 -0.0352762 0.0451676 0.0246672 -0.013724 0.00973643 -0.0529181 0.0344038 -0.062119 0.0208393 0.018319 0.00717951 -0.0184084 -0.00227271 0.0116953 -0.0247268 -0.00626806 0.0252402 -0.012854 -0.00700336 0.00531249 -0.0127031 -0.00315317 0.0321016 -0.00965634 0.0476562 -0.0162171 -0.0151694 -0.0229679 0.00508294 0.00222519 0.033883 -0.0174822 0.00170275 0.0341531 
-0.0540803 -0.00269747 0.0183054 0.00475355 -0.00457308 -0.0260813 0.00174245 -0.0419836 0.00351175 0.0551025 0.00850664 0.00275431 0.0175789 -0.0010333 -0.00738813 0.00644177 -0.0118935 -0.0182567 -0.0210917 -0.0221807 -0.0380427 -0.0344089 0.0261572 -0.00785334 -0.0175108 0.00271644 0.0300895 -0.00136108 -0.0143741 -0.0167906 -0.0463817 0.0114996 0.0227922 -0.0117967 0.0038012 0.0189215 0.0211254 0.0136376 -0.0180455 0.00211417 -0.0153562 0.0354827 0.0165372 0.0137842 -0.000692984 -0.00745077 0.000100197 0.0199083 0.0279545 0.0175309 -0.00724746 -0.0120036 -0.0126318 0.00757075 -0.0118536 0.0170373 0.00125334 0.00685605 -0.0384016 0.0289284 0.0112539 -0.0248088 -0.0311604 -0.00529454 
0.00893283 -0.00272689 -0.0137342 -0.0310861 -0.0354579 0.0466181 0.0177005 -0.0155402 -0.010651 -0.0190889 -0.00768375 -0.0142467 -0.0183474 0.021407 -0.00666058 0.0165901 -0.0169385 -0.0206519 0.00602821 -0.00736403 -0.000454345 0.0186402 0.0115032 0.0325141 0.00482402 0.0019833 0.0138268 0.0140898 0.0114427 -0.0126637 -0.0079118 -0.0221348 0.0048054 0.0022533 0.00885643 -0.00958886 0.0178314 -0.0330892 -0.0491693 0.00422327 0.00744496 -0.00981468 -0.00925739 0.014823 0.0156039 0.0135435 -0.00566536 0.0187273 -0.0265768 0.00461117 0.00201197 0.0452812 0.00497815 -0.0199454 -0.0238823 -0.0374793 0.0379112 0.0012096 0.00149465 -0.00281059 -0.00817208 -0.0122156 0.0131997 -0.00224424 
-0.00495138 0.0240681 -0.0236934 -0.0193119 -0.0342236 -0.00169182 0.0185726 0.0303822 -0.00232115 -0.00812778 0.0166727 -0.0164386 -0.00837523 -0.0141914 0.00699261 0.00810551 0.0500685 -0.00886258 -0.00511689 -0.00880681 -0.0378164 0.0104402 -0.00636962 -0.000922394 0.0289419 -0.0456716 -0.0246988 0.024679 0.0165265 -0.0252141 -0.0324884 -0.0121607 0.0140511 -0.00288579 -0.00725754 0.00267583 -0.0435534 -0.01895 0.0100135 -0.0315915 0.0103075 0.00750635 -0.0178898 0.0185983 0.0289687 0.0262222 0.0256104 0.00138065 0.0014322 -0.0126451 0.0116547 0.0167646 0.0342769 -0.0466745 0.00690606 -0.0117797 0.025581 -0.00234117 0.0105895 -0.00143356 0.0321091 -0.00869512 -0.0184992 0.0194855 
-0.0386963 -0.0279911 -0.0053958 -0.0124098 -0.0217886 -0.000326233 0.00069568 0.0278532 0.00227204 -0.00251788 -0.00100284 0.00268863 -0.0368558 3.43361e-05 -0.0225225 -0.00733926 -0.0146406 -0.0171378 0.0356916 0.0343774 -0.00471124 0.00525913 -0.0344802 -0.0071608 -0.00158303 -0.0112229 0.0129093 -0.00633908 -0.0155652 -0.0249953 -0.00845697 0.0478602 -0.00968668 -0.0123859 0.00470552 -0.0143231 -0.0362004 0.0220152 0.0150751 0.0294106 0.0446847 -0.0147488 -0.00015232 -0.00485593 -0.000817145 -0.00484717 0.0133221 0.0116553 -0.0111562 -0.0295808 0.00194903 0.0156727 -0.0511381 0.0144772 -0.00953268 0.00829731 0.0371308 0.00499176 0.01191 0.0114277 -0.00409699 -0.00202081 0.0170558 -0.0180933 
0.0152259 0.0281831 -0.00750284 0.00583447 -0.0200181 -0.0306268 0.00151362 0.0250185 0.0310738 0.000161915 -0.0245037 0.00110687 -0.000684899 0.00354846 -0.0197067 0.013674 -0.00358985 -0.0117651 -0.0101198 0.0123774 -0.0424909 -0.0109303 0.00750766 0.00724692 0.00339331 -0.0103954 0.00340789 -0.0236981 -0.00177546 -0.019826 -0.00329496 0.0136776 -0.0284427 0.000660307 -0.0161434 -0.00439749 -0.031174 -0.00133448 0.00540127 0.0623651 0.00884669 -0.00582118 -0.0055105 0.0025155 -0.0127428 -0.0087997 0.0345293 0.0140516 0.0149639 0.0095904 0.019537 -0.0150192 0.0124777 0.00755341 -0.000144635 -0.0119604 -0.014723 -0.00719248 0.00277391 0.018518 0.00173506 0.0162548 -0.00808997 -0.0105622 
0.0129646 0.00427279 0.00754137 -0.00251536 6.36728e-05 -0.010186 -0.0120453 0.0120299 -0.0443728 -0.0106068 -0.0132129 -0.0400151 -0.0145804 -0.0141612 -0.0437394 0.0115345 0.00968428 0.0119199 0.0194061 0.0158117 -0.0034936 0.0209286 0.0118032 -0.0208591 0.00178587 -0.00346988 -0.00505389 -0.034726 0.000707525 -0.0133048 0.00263968 -0.0243679 0.00717147 -0.0202751 0.0260027 -0.0221152 -0.0412364 -0.0191358 -0.00948403 -0.0101083 -0.0122852 0.0310714 0.0104384 0.0485409 -0.0287724 0.00511569 0.00601279 -0.00238245 -0.0183043 -0.0324336 -0.00455555 0.00709613 -0.0248473 -0.0202182 0.0114266 -0.0320563 0.0224854 0.0202662 -0.0748679 -0.0261688 0.0161505 -0.00227619 0.0452525 -0.000568999 
0.00984624 0.049122 0.00372665 -0.0274725 -0.0264115 0.0120291 -0.0044238 0.0162574 -0.00282002 0.0392771 0.0102473 0.0246623 0.0129897 -0.00167801 0.0059702 -0.00239061 -0.0107215 -0.0157139 0.00281397 -0.0283956 0.0117212 0.0105137 0.0118057 0.0116973 -0.00582453 -0.00546487 0.00485047 0.0017132 0.00958959 0.00460986 -0.0285981 -0.0156952 0.0193333 -0.0192548 0.0314505 0.0033552 0.0202857 -0.00834485 -0.00523279 0.013551 -0.00153983 -0.0230486 -0.018973 0.0513388 -0.0123832 -0.0219183 0.0210803 0.018982 0.0093769 -0.0125977 -0.00185726 -0.00682788 -0.0257678 -0.00326958 0.0202997 -0.0218075 0.0137742 0.00914386 0.0104753 -0.00970676 -0.0368163 -0.0165747 0.0192502 -0.000381599 
-0.018756 0.00970185 -0.0126698 0.00511133 -0.00329414 -0.0251013 0.0139613 -0.0507607 0.0102744 0.0450521 -0.0346707 0.00437537 0.0242476 -0.00787355 0.0317694 -0.00157592 0.0115452 0.0355423 0.0163177 0.00636359 0.0245007 0.0135856 0.028524 -0.0148928 -0.00751026 -0.00296105 0.00819425 -0.0120976 -0.0177415 -0.0622605 -0.0133436 -0.00604237 0.0200923 -0.0339646 -0.0263465 0.036736 -0.00422657 0.00513208 0.033302 -0.0236499 -0.0103732 -0.0168373 -0.000421215 0.0226677 -0.0173682 0.0300894 0.0116738 -0.0126906 -0.00663964 -0.021317 -0.0125917 -0.00641827 -0.0152401 0.029314 0.0172417 0.0228817 -0.00949398 0.0208884 -0.00349019 -0.00730313 -0.0210949 -0.02436 0.0277363 -0.0232359 
-0.0491667 0.0174922 -0.0340942 0.0177211 0.0301665 -0.00156732 0.0191471 0.0174309 -0.00806747 -0.0180136 0.0104761 0.000767606 -0.0061819 0.0196952 0.00394343 0.0179857 0.00386602 0.00695327 -0.00537544 -0.00830064 -0.0193114 -0.00564805 -0.036265 0.0182729 -0.0169689 -0.0100576 -0.0146605 -0.000493119 -0.00152354 0.00333234 0.0295359 -0.0283301 0.0029481 -0.0306652 -0.00333108 -0.0132284 0.0314921 0.0115985 -0.00434092 -0.00394842 -0.00753767 -0.0210754 -0.0256773 0.0335334 0.00798125 -0.0229357 -0.0253175 -0.0102307 0.0082746 -0.0257803 0.000201004 -0.00480208 -0.0249055 0.00920261 -0.0217815 -0.00564677 0.0191269 0.00997643 -0.031127 -0.0196221 0.0193562 -0.0512046 -0.00205559 0.010977 
-0.00770119 -0.00499038 -0.0252086 -0.00414445 -0.00922477 0.00490056 -0.00259089 0.00792004 0.0206371 0.0146237 -0.0441641 -0.0349897 0.0338341 -0.0130512 -5.22853e-05 0.052976 -0.0105498 0.00103661 0.0246415 -0.0255115 -0.0129232 0.0115819 -0.0251344 -0.0147485 -0.0137758 0.0176148 -0.0112354 -0.000776729 -0.0127002 -0.00659832 0.0377599 0.0316691 0.00702321 -0.0140962 0.0110239 -0.0209775 0.0125189 -0.0202836 -0.0116287 -0.025688 0.0193469 -0.0489555 -0.029532 0.0149403 0.0212887 0.00500944 0.00138028 0.0261458 0.0401951 -0.0501791 -0.00480697 0.0165739 0.0305554 -0.0309424 -0.00515978 0.0367097 0.0193679 -0.0305613 0.00952623 -0.00554836 0.0284168 -0.0075767 0.0268944 0.0171516 
0.00854659 0.00284868 0.00027985 0.00464583 0.0186611 0.00996959 -0.00961012 0.00897169 0.00689495 0.0111271 0.00721854 -0.0215279 0.00798677 -0.0149661 0.0127398 -0.0171828 0.0286377 0.0284206 0.0123263 -0.0053604 0.00816644 0.0112757 -0.0213779 0.00104267 -0.0479581 -0.0109258 -0.00317046 0.0283516 0.0109894 0.00137794 0.00403062 0.0246945 -0.00046516 -0.00743564 0.00257553 -0.0253359 0.000479534 0.0101057 0.03264 -0.00182481 0.0192534 0.0146757 -0.00933601 0.0262487 0.00494467 0.0146737 -0.0337288 0.0176886 0.0206921 0.00253001 -0.00932772 -0.0128842 -0.0140485 0.0415151 -0.00668151 0.0359351 -0.00129004 0.0196311 -0.00991062 0.00197446 0.0112466 -0.0158606 -0.00246659 -0.000193828 
0.000135985 0.0231855 0.00170559 -0.00466891 0.00193542 0.0199312 -0.0287089 0.0379722 0.00252167 0.00498598 -0.00285157 -0.0288458 0.0227285 -0.00689061 0.00631822 0.0200183 0.000293097 -0.0143285 -0.0145295 0.0126963 -0.00628504 0.0197567 0.0313989 -0.0190829 0.00355736 -0.0041718 0.00124972 0.0391305 0.0315166 -0.0291176 0.0125903 -0.0321248 0.0107444 0.00509825 -0.0316555 -0.000823147 0.0194057 -0.00868803 0.000376892 0.00192014 -0.00512589 -0.00366012 -0.0207109 0.0168021 -0.00810092 0.0132751 -0.02627 0.0372673 -0.00023879 0.00716648 0.0301543 -0.0407998 0.0290113 0.00768303 -0.0400922 -0.000715019 0.010382 -0.00221829 0.00556996 0.00830801 -0.00875813 -0.0237892 -0.00175562 -0.0140258 
0.0137835 -0.0165131 0.0198419 -0.0261788 0.0267555 0.0124053 -0.00189488 0.00562959 -0.00424155 0.00243899 0.0274588 0.057591 -0.0206824 -0.000669247 0.0133247 -0.00283619 0.00819893 -0.000480159 0.0155265 0.0326414 0.0147868 -0.00638997 0.0134428 0.0199952 0.00220496 0.00743024 0.0116614 0.0293108 -0.0160776 0.000357625 0.0249383 0.00597354 -0.0358965 -0.0305726 -0.0184134 -0.0139459 0.00831339 0.011727 -0.00705832 -0.000976449 -0.0050487 0.0129205 0.0238552 0.0382753 0.0238778 0.00841032 0.03196 0.0207504 0.0532381 -0.00256277 0.00337803 -0.00329685 0.0110271 0.0122318 0.013825 0.0274854 -0.0143707 0.0446477 -0.0198379 -0.00529437 0.0324702 -0.014312 0.00683768 -0.0298474 
-0.0166284 -0.0313021 -0.00213934 -0.00408088 0.0530708 -0.00165614 0.0209117 -0.0127367 0.000236407 -0.0011003 -0.00306911 0.0246349 0.0140022 -0.00831044 -0.0189097 0.0340891 0.00974725 -0.00352622 -0.0100229 0.04571 0.0148833 -0.00211644 0.00956254 0.0127394 -0.014931 -0.0137786 -0.017517 -0.0023158 -0.0147824 0.00120378 -0.0345684 0.000903877 0.0019226 -0.0171445 -0.00921391 0.0188339 -0.0221552 0.0100715 0.00516703 0.0651556 0.0103837 -0.00763309 0.00680548 0.00468221 0.0122399 0.00180634 -0.0169662 -0.0201209 -0.00616391 0.0432573 -0.0120368 0.00385622 0.00386755 -0.00904477 0.00276815 0.0233168 -0.00420486 0.00999893 -0.00580029 0.021683 0.02364 -0.0122855 -0.0440585 0.0177193 
0.0331384 0.00648327 0.0241615 0.0131794 0.0179855 -0.00743072 0.0120194 -0.0133008 0.00510731 -0.0204872 0.0135638 0.00251681 0.00600297 -0.0136909 -0.00690114 0.0310878 -0.0288017 0.0114998 0.000307909 -0.0386529 -0.0256551 0.0222928 -0.0161288 0.00707411 -0.00680448 0.046705 -0.0211909 0.0194312 -0.00390299 0.0169755 -0.0193836 0.010159 -0.0069838 0.0306726 -0.00903713 0.0194209 0.0326268 -0.0155428 0.0264989 -0.0411289 -0.0164649 -0.0192881 0.023376 -0.0118314 -0.0389126 0.0251843 -0.0207164 0.00713378 0.0109472 -0.00436782 -0.0272259 0.0431658 -0.00346987 0.0195389 -0.0154451 0.0163934 0.00192886 0.00889559 -0.0240557 0.0469533 0.0105637 -0.0268447 0.0197248 0.00892957 
-0.0381928 -0.00168335 -0.0301982 0.0141635 -0.0194371 0.0256903 -0.0329677 0.0226626 0.0133695 0.0131771 0.0301127 0.0327061 0.00611059 -0.0163772 -0.0180413 -0.0125967 -0.0219264 0.01018 -0.0131039 0.00402985 -0.0263772 -0.00482459 -0.0323307 0.00966413 0.0147871 -0.00741826 0.0316329 0.0144864 -0.00742899 0.00472976 0.00656722 0.0480891 -0.0178943 -0.00325137 0.0169491 -0.0214608 -0.0047048 0.0440549 -0.0324856 0.014987 0.00803599 0.00628626 0.0314124 -0.0107977 0.0217374 -0.00954559 -0.00616076 -0.0194129 -0.00663028 -0.0239658 -0.0119424 -0.0088686 -0.0258095 0.0208056 0.00258422 -0.0108295 -0.000473663 0.0192851 -0.0128973 0.0181401 -0.00744788 0.0312803 0.0331131 0.0040471 
0.0231973 0.0353931 0.0195879 -0.00381412 -0.00314052 0.0139337 0.00942394 0.0108073 -0.0355493 -0.0259227 0.0107098 -0.0142403 0.00431972 -0.00459796 0.0512362 0.0474422 0.0289962 0.0102715 -0.00486795 0.0212717 -0.00766182 -0.00136273 -0.00209228 -0.0191094 -0.0336045 -0.0178776 -0.0325725 0.0408518 0.00745582 0.0274982 0.0165765 -0.0117818 -0.0212681 0.0154456 -0.000807534 0.00696319 0.00600465 -0.0309831 -0.00982762 0.00193674 -0.0482877 0.0167039 -0.0240922 0.00208412 -0.0319359 0.0328802 0.0115967 -0.00972456 -0.0168877 0.030768 -0.0174416 0.000837025 0.00140983 0.0159643 -0.032632 -0.023242 -0.0101404 -0.0131789 -0.00360441 -0.0153078 0.007487 0.00983329 -0.0312154 -0.00111251 
0.00491832 -0.0189122 -0.0228217 -0.0140609 -0.0152996 -0.0276499 -0.0112719 0.0145557 -0.00295353 -0.0263842 0.0512473 0.0238599 0.0240499 0.00228081 0.0172864 0.0369286 0.024015 -0.00656806 -0.00987381 0.00876122 -0.0019919 0.0143197 0.0244881 -0.00554648 0.018064 0.0227706 0.0118363 -0.0051518 -0.0010643 -0.00359139 0.0171976 0.0139925 -0.0123926 0.00331049 -0.0286679 0.00449908 0.00459885 0.0176685 -0.00388771 0.0116356 -0.0237721 -0.00725218 0.00463619 -0.0304541 -0.00719424 0.00394013 0.0118053 -0.0296904 -0.00158236 -0.00444618 0.0347574 0.0100161 0.00349284 -0.0196957 -0.0139051 -0.00471292 0.000818443 0.00111026 -0.0318507 0.0363015 0.0111738 -0.00594528 -0.038805 -0.00133226 
-0.0207558 -0.0337611 0.0151996 -0.0212353 0.0506996 -0.0316003 -0.00419935 -0.0102308 0.0385539 0.00794324 0.0140273 0.0118587 0.0322908 -0.0236058 0.0258056 0.00386298 0.00838891 -0.00942036 0.0157989 0.0137174 0.00181978 0.044354 0.00683397 0.0185574 0.0126465 -0.0248938 0.0326713 0.0106043 -0.0326542 0.0113256 -0.0183806 0.0210269 0.0121661 -0.00851625 -0.00615645 0.0126357 -0.0114715 -0.0290088 0.0173793 0.00449602 0.0126741 -0.00622083 0.00580921 0.0119889 0.0391967 -0.0195125 0.0103378 0.0457746 -0.00293315 -0.00701094 -0.00313368 0.0310755 -0.000909793 -0.0196976 -0.0187209 -0.0061479 0.0211473 -0.0139161 -0.00160742 0.0185366 -0.00881111 -0.0314667 -0.0369409 -0.00919801 
-0.0278887 -0.0115522 -0.0225482 -0.00619001 0.0279297 -0.0279124 0.0152397 -0.00937567 0.0227605 0.017069 -0.0293629 -0.0297104 -0.0276232 -0.00493278 -0.0184775 0.0384629 -0.00976548 -0.0169594 0.00393631 -0.0228019 -0.00175313 -0.00123408 -0.0321401 0.0280949 -0.00746516 -0.00678449 -0.0127203 0.00939525 0.0314839 -0.0204263 -0.0249134 0.0376135 0.00300884 0.0515015 -0.0110922 0.00103386 -0.022881 0.0176969 0.00181262 0.020946 -0.0183416 0.00175185 -0.0317562 0.00850878 -0.00415702 -0.0316298 -0.0255859 0.0104282 0.00661089 0.0232623 0.00564302 0.00140071 -0.00640168 -0.0362388 -0.0022818 -0.0224699 -0.00910194 0.0218768 0.0242213 -0.0196831 0.0109201 0.00379388 0.00421707 -0.000495418 
-0.0177171 0.0167771 -0.0284469 -0.000159076 -0.0251373 -0.0291274 -0.00121993 0.0210518 -0.0160275 -0.0127348 0.0141676 0.0218877 0.0146203 -0.00514468 -0.00507378 -0.0105501 -0.000780747 -0.0146425 -0.0242586 0.0145434 0.00200361 0.0267991 0.0148788 0.021778 0.000680374 0.0345505 0.022889 -0.0213155 0.0110905 0.0103435 -0.00739185 -0.0216026 0.00544285 0.00189934 0.00652049 -0.0025902 0.00444281 0.000270991 0.0239312 0.00853044 -0.000603333 -0.0338285 0.0141949 -0.0226507 0.00584736 0.00054701 -0.0535355 0.0244296 -0.00494799 -0.0323648 -0.0256428 -0.0131529 0.00341188 0.0173415 0.00319268 0.0272742 -0.00539321 -0.0022915 0.0102501 0.0135842 -0.0270889 0.00264567 -0.0115146 0.0209396 
-0.0121839 -0.0387428 0.0269536 0.00444252 0.0112475 -0.030948 -0.037318 0.0121281 -0.0145995 0.00868692 -0.0332243 -0.00071157 -0.0101209 -0.00918195 -0.00922527 -0.00544814 -0.0263116 0.0188019 0.00927258 0.00925866 0.000209887 -0.0188194 -0.0100553 0.0153297 0.022176 -0.00433519 -0.0304893 0.0169109 0.0112894 0.00552591 -0.0108993 -0.0270401 -0.018737 0.0146472 -0.0135522 0.0175487 0.0367378 -0.00487074 0.0214729 0.0199538 -0.0122017 -0.0172822 0.00514932 0.000235379 -0.0160747 -0.0314355 0.023777 -0.00639783 0.0130949 0.0179237 -0.0129574 0.000955739 0.0148874 -0.000243712 -0.00494773 -0.00232785 0.004903 -0.00499231 0.0287929 0.0113876 0.00995783 0.0100843 0.0136996 -0.0211197 
0.0169498 0.00261811 0.00630771 -0.0465006 -0.0219851 -0.0165985 0.0107587 -0.0169994 -0.0169413 -0.00414484 0.0105311 -0.0250104 -0.0087985 0.0429542 0.000775129 -0.00328964 0.0323692 -0.00989605 0.0181413 -0.0149068 -0.000798375 0.00554289 -0.000505925 0.0221873 0.0309266 0.00481504 -0.0125248 0.0113829 0.00931635 0.0230416 0.0126044 -0.00113311 -0.0169369 -0.0222788 -0.01176 -0.0255737 0.00825526 0.0200893 -0.00164221 0.00299044 -0.0140064 0.00618035 0.00400929 0.00780693 -0.0116682 -0.0023447 0.0624547 -0.0188814 0.00387367 -0.00642158 -0.0205449 0.000667157 0.00574874 -0.0220978 0.0105499 -0.0150717 -0.000980939 0.00299918 -0.0103118 0.00426362 0.0231471 0.0198312 -0.00736833 0.0314599 
-0.0104152 0.0126733 0.0130721 0.0111229 0.01654 0.0166571 -0.0148095 0.00141587 -0.027245 0.0032801 0.00256562 -0.0110645 -0.00401479 0.0181797 -0.035391 -0.0525325 0.00842135 -0.0211066 -0.0407366 0.0115456 -0.00119912 -0.0356342 -0.00177339 -0.00781063 0.0247482 -0.00806067 0.0455525 -0.0215213 0.00260473 -0.016268 0.00140626 0.00419161 0.00807306 -0.0175728 -0.0128335 -0.0311722 -0.00276508 -0.00262037 -0.0192138 0.0141679 -0.00618279 -0.015663 0.0273894 -0.0160232 -0.000820762 0.0180367 0.00903472 -0.0144723 0.011767 -0.00208184 -0.00964736 0.0201588 -0.0189106 0.00575709 0.0193542 0.00738686 0.0135457 -0.024734 -0.0113839 -0.02629 0.0163295 -0.033071 0.0140124 -0.00517937 
0.00291481 0.00900883 0.0216503 -0.0116488 -0.009503 -0.0212598 0.0165556 -0.00238118 -0.00665734 -0.0164412 -0.0136628 7.16701e-06 0.0199839 -0.0270124 -0.00107987 -0.0070114 0.00759026 0.00326715 -0.0129687 -0.00655241 -0.0256873 -0.0237747 0.00604123 -0.0113365 0.0409746 -0.0244715 0.0362784 0.0105442 0.00997162 0.002936 0.0101904 0.0230683 0.00268857 0.000490406 -0.0150072 0.0193495 0.00692635 -0.0180256 -0.00773003 -0.0116684 -0.00213349 0.0138244 0.0152866 -0.00629464 0.0186394 0.0262182 0.00625168 -0.0124515 0.0195839 0.0336417 0.00202074 -0.0235507 0.0368139 -0.00722889 -0.000506437 -0.0582466 -0.00304701 0.0100125 0.0158758 -0.00686749 0.0255293 0.00335358 -0.00242068 -0.0315153 
0.032881 0.00982181 0.00431181 -0.00758465 0.0343094 -0.0222558 0.0169123 0.01141 0.043679 -0.0273475 -0.0316669 -0.019019 0.0219764 -0.0271851 0.0111683 0.0247322 -0.00598904 -0.0290428 0.0227997 0.0306632 0.0208087 0.0130709 0.0161292 -0.0148779 -0.00750284 -0.0414712 -0.024826 -0.0386687 -0.0129457 0.0198733 -0.0138528 0.00557859 -0.027666 -0.0171382 -0.0243197 -0.0263402 -0.0100956 0.00767352 -0.0269814 0.0126297 -0.00568855 -0.0129075 -0.0284646 0.0190954 0.0383219 0.0168054 0.0227439 0.00716031 0.00470736 -0.00264602 -0.0324272 -0.0211751 -0.00783817 0.00104611 -0.00813395 0.0165442 0.00428904 -0.00522762 0.0407405 -0.000947169 -0.0046798 -0.0086209 -0.00574651 -0.00960081 
0.0139119 0.0381849 0.0291984 -0.00290458 -0.0424926 0.0178062 -0.00492229 -0.00789864 -0.01394 -0.00187507 0.00183532 -0.0290281 0.00145792 -0.0187327 0.00103253 -0.00118431 0.026727 0.0249855 -0.0160063 -0.000853858 0.00759636 -0.0141001 -0.0145115 -0.00339833 0.00206863 0.0102914 -0.00383594 0.0146012 -0.026724 -0.0378822 -0.0171403 -0.0355801 0.00539797 0.0169446 0.0194864 -0.00409881 0.0112999 -0.0134884 -0.00561166 -0.00499165 0.00250605 -0.0229234 0.0336277 -0.0190337 -0.0291704 0.00994107 -0.0102442 0.0294032 0.0223811 0.0198156 0.0191295 0.0244779 -0.00697869 0.0234733 0.0514808 0.00330239 0.0281807 -0.0459311 0.0145743 -0.0102942 -0.00700965 -0.00889347 -0.00564206 0.0098006 
-0.0215608 -0.00982351 0.0183518 -0.00475439 -0.0288962 -0.00665503 -0.00848345 -0.0163985 -0.00269363 -0.0185163 0.0421479 0.00210938 0.0294233 0.00483352 0.00855704 0.0466973 -0.00852082 -0.00684734 -0.00108524 0.00535817 0.0113461 0.00306292 0.00431516 -0.00257455 -0.0674865 0.0340215 0.0202318 0.017761 0.0121957 -0.0179902 0.00232708 -0.0433884 0.0153722 -0.0461744 0.00405609 0.00515954 0.0147932 0.00912361 0.0184912 -0.00569996 -0.0274986 0.0102308 -0.0182468 0.0403773 -0.0272295 -0.000693505 0.012634 0.00761977 -0.00823788 -0.0204708 0.0027465 -0.0119059 -0.0182818 0.0276388 0.0240053 0.0118124 -0.019774 -0.0121214 0.0316679 -0.00572282 0.0132488 0.00141987 -0.0157646 -0.0037342 
0.0126682 0.0181656 0.00938084 0.0175779 -0.0324262 -0.0227191 0.0105558 0.00898062 -0.00815426 -0.00615539 0.0338835 -0.0323224 -0.00959542 0.0152204 -0.032841 -0.0244163 -0.0441437 0.0120439 -0.0285419 -0.00838582 0.00142992 -0.0060282 0.000231119 -0.000609608 0.0311223 0.0124102 -0.0258048 -0.00380124 -0.0130463 -0.000313968 -0.0166043 0.0107827 -0.0286141 -0.00372954 -0.0164133 0.0153073 -0.0217752 0.0163062 0.00100547 0.0250914 0.00773262 -0.0036864 0.0380829 -0.0192313 0.0168236 0.0292381 0.0130188 0.0202117 0.0339094 -0.0110457 0.0274327 0.010542 0.00655474 -0.00800083 0.00914141 0.0189759 0.00566417 -0.023349 -0.00312637 -0.00407743 0.00159933 -0.0144838 -0.030544 -0.0138443 
0.00265857 -0.0316696 0.0142851 0.0298379 0.0157052 0.0146232 0.0388168 -0.0153868 -0.0327645 -0.0203065 5.97403e-05 -0.03474 -0.00540197 0.012185 0.0140431 0.0134093 -0.0130046 -0.0432773 0.00757581 0.00245282 0.0140265 -0.0204779 -0.0196532 0.0234508 -0.0189809 -0.0109879 0.00276402 -0.00873145 -0.0261073 0.00249714 -0.0475883 -0.0499621 -0.00390923 0.00414113 0.00732476 -0.0193651 0.0220345 0.0100894 -0.0190311 -0.0037428 0.0192386 -0.00350007 0.0162012 -0.00698634 -0.0101861 -0.00877638 -0.02401 -0.0147608 -0.00975278 0.00743964 0.00881165 -0.0204981 -0.000441262 0.0122007 -0.0124154 0.0287539 0.0415511 0.0213615 -0.0308621 -0.0306671 -0.0125364 0.0256129 -0.00134739 0.0250422 
0.0166257 0.00447069 -0.0365426 -0.0216674 0.00607269 0.0321288 -0.00764344 -0.0232679 0.0178813 -0.00968077 0.0516768 0.010711 0.00385302 0.00894238 -0.00331407 0.00892996 -0.00919213 -0.0235587 -0.0054856 0.02608 -0.00414329 -0.0327566 -0.0103464 -0.00575059 0.0178379 0.00703984 -0.00717839 0.00639865 0.00549859 -0.0261458 -0.0121242 0.0107098 -0.0106122 0.0077294 -0.000402099 0.00708184 -0.00174477 0.00257763 -0.0402281 -0.030895 0.0163918 0.000928958 0.0403854 0.000168243 0.00739492 -0.00536523 -0.00309633 0.00572032 -0.048587 0.0127272 0.00194975 -0.011897 -0.0367454 -0.0121307 0.024205 0.00356123 0.0344758 0.0292734 -0.0103496 0.038303 0.000363134 0.010319 -0.0111891 0.0463748 
-0.00802632 0.0251606 -0.0403644 0.0334029 -0.0303892 0.00633907 0.0252591 0.00102485 0.0127216 -0.0285372 0.00440613 -0.00806266 -0.0207471 -0.0474787 -0.0312431 0.0166387 -0.00749642 0.0129359 -0.0240696 0.00556072 -0.0173934 -0.0289266 -0.00607402 0.0124166 0.0101593 0.00640908 -0.0209394 0.0115393 -0.00128955 0.0193781 -0.0190901 -0.00423694 0.0246259 -0.00137459 0.000872355 0.011388 -0.0039758 -0.00472514 -0.0171229 -0.0127768 -0.012378 0.0158089 -0.0122248 0.0345828 -0.0103746 0.00819041 -0.00695931 -0.0319769 0.037842 0.0167918 -0.0156337 -0.0141678 0.0224077 0.0253712 -0.0271839 -0.00376956 0.00448153 0.0199038 0.00773422 0.00367422 0.00776821 0.017578 -0.0257318 0.0109851 
-0.0338738 -0.00166441 -0.00642001 -0.0179813 0.00375235 -0.0256811 -0.0128281 0.0145295 0.00144239 0.0136389 -0.0134357 0.0177193 0.00672183 -0.00613092 -0.0244997 -0.0200016 -0.00303683 -0.0210211 -0.0115517 -0.000415466 -0.00416602 0.00367882 0.0188989 0.018498 0.00112606 0.0111695 -0.00555332 0.0205235 -0.0164409 -0.057471 -0.0107608 0.019183 0.0179252 0.00253103 -0.0177542 0.00186268 -0.0234244 -0.00559417 0.0130214 -0.0104209 0.0151723 0.00430909 0.029563 -0.0110717 -0.00590675 -0.0250015 -0.0359987 0.0242285 -0.0121792 0.0183874 -0.00759751 -0.0243908 -0.00858655 -0.010611 -0.0141419 -0.00722062 0.0146197 -0.00768428 -0.0297497 -0.0193457 -0.00941788 -0.0111279 -0.0157433 0.0223419 
-0.0391057 -0.0106544 0.0126409 -0.0238038 -0.0282084 -0.0155642 -0.00489201 -0.0022142 0.0122129 0.0167005 0.0262829 -0.0101057 0.000972488 -0.0586424 0.00102049 -0.0111574 -0.0189868 0.0297115 0.0572394 0.0593825 0.00303466 0.0262407 -0.0316201 -0.00773677 -0.00358988 -0.0061922 -0.0189105 -0.0462346 0.0231138 0.0110205 0.0454607 -0.0344907 0.0125956 9.35101e-05 0.00709457 -0.000544511 -0.00557296 -0.00592737 3.33075e-05 0.0115978 -0.00553598 -0.0227107 0.0145016 -0.0149207 -0.0116189 -0.00455586 0.024357 0.0409871 -0.00637369 -0.0276187 0.00822171 0.00844405 0.0068113 -0.00018869 0.014465 -0.0180136 -0.0219561 0.0169927 0.00830054 0.0111528 0.001344 0.0186752 -0.00298285 -0.0125512 
0.0140964 -0.00540455 0.00596081 0.0386722 -0.00906564 -0.0207958 0.00691553 -0.0169689 -0.0408111 0.0104943 0.0233365 -0.0310173 0.0282501 -0.0148517 0.0117029 -0.0129141 -0.00983461 0.00190793 -0.0161349 0.0114842 0.00262819 0.0238519 -0.0152467 -0.00964604 -0.0339058 0.0167371 0.0286845 -0.0078838 -0.00489503 0.0119813 0.00655728 0.0277274 -0.000255734 0.0158553 -0.0116244 0.00374317 0.00986882 0.0124683 -0.019704 -0.0150905 -0.0231692 0.0100652 0.0180203 -0.0196174 -0.0145976 0.0221806 -0.0173903 -0.0104882 0.00593866 0.00575856 0.00544993 -0.00974167 0.0280314 -0.017761 -0.00164623 -0.0014975 0.0214758 -0.0055728 0.00364165 0.0077347 -0.0167357 -0.00194859 -0.00406327 -0.00294522 
0.0257926 0.0353792 0.0144744 -0.0588898 -0.00586324 -0.00846919 0.0179205 0.00436041 0.00747558 -0.0366296 -0.00206981 -0.0195981 -0.00520821 0.00521753 -0.0220747 0.00196851 -0.0376449 -0.0164963 -0.0209858 0.0140362 0.00202051 -0.00595328 0.00921423 -0.0130512 -0.00656654 0.00373007 -0.0426187 0.0221146 0.036539 0.0153142 -0.00811058 0.00503019 -0.0558744 -0.0118119 -0.00315013 -0.0306222 0.000493663 0.0212954 0.00655525 0.0121393 0.0143798 -0.0265427 -0.0133317 0.00575729 0.0258854 -0.000331772 0.00422745 0.0188984 -0.0203596 -0.0183481 0.0301334 -0.0143232 0.00133816 0.00413477 -0.0273763 -0.0329011 0.0318397 -0.0274603 -0.0211103 -0.0217669 0.0160845 -0.00555887 -0.0402327 -0.0153388 
-0.0209962 0.0100098 -0.00678026 0.00821376 -0.00371477 0.00181478 -0.00575177 0.0140647 0.0165089 -0.00522805 0.0100012 -0.0393083 -0.0182018 0.0137092 0.0216382 -0.00485201 -0.0156544 -0.0285501 0.00944145 0.012138 0.00761381 -0.0194109 0.0118746 0.00161973 -0.0296201 -0.0211209 0.019048 0.00953696 0.000556346 -0.0233023 0.0204588 -0.0152558 0.0203978 -0.0162236 -0.00764281 0.00440756 0.0448515 0.0599969 -0.00689256 0.0126858 -0.00958206 -0.0036609 -0.010735 -0.00470925 0.00622422 0.00482927 -0.0142672 0.0248847 0.00950231 0.0163057 0.00786855 0.0254185 0.035646 -0.00785999 -0.0204473 -0.0315569 -0.0185151 -0.0052178 0.00667423 -0.00389014 -0.0302613 -0.00538234 0.0279831 -0.0428419 
-0.0235382 0.0111826 -0.00220785 -0.000755425 0.0216744 0.0494741 0.00485069 -0.00567557 0.0143634 0.0101567 0.0319847 -0.00464864 -0.000872998 -0.00868506 -0.0159573 -0.00602599 -0.022013 0.0192539 0.00648353 -0.00687976 0.00700587 0.00412877 0.0152008 -0.0196231 -0.0264222 -0.0486817 -0.0222883 0.00707996 0.00429802 -0.0344359 -0.0205966 -0.0157609 -0.0148803 0.0277132 0.0308444 0.00813066 -0.0520853 0.0346231 -0.0182144 0.0178204 -0.0231087 0.0227492 -0.0260366 -0.023865 0.00204544 0.0133423 -0.0165239 0.0396391 -0.00870468 -0.00547646 0.0108542 0.0245917 -0.0242356 -0.0173094 0.00325279 0.0167467 0.0138708 -0.00645205 0.013869 -0.0156895 -0.00628333 -0.0288282 0.0454259 -0.0414347 
-0.00173321 -0.0219731 0.00658529 -0.0147555 -0.0122502 -0.00105547 0.0093861 0.00385509 -0.0210178 -0.0306992 0.00460554 -0.00150947 0.0181264 0.00869133 -0.000855168 0.0136454 0.0180195 -0.0199981 0.0189273 0.0115585 -0.0187937 -0.0359511 -0.0100385 0.0199955 0.00931651 -0.0279717 -0.0123105 -0.0166754 -0.0372492 -0.0133669 -0.00236464 -0.0278264 -0.00116453 0.00224394 -0.0162541 -0.0477073 0.0180462 0.00962331 -0.0240197 -0.0439116 0.0212888 -0.00565133 -0.00973719 -0.00859037 -0.00299806 -0.00258216 -0.0159778 0.0375315 -0.0198709 0.00819636 0.00403993 -0.0482726 -0.0141604 -0.010693 -0.0350044 -0.0039822 -0.0188895 0.0147482 -0.0243855 0.031926 0.0235265 0.0129263 -0.0205582 0.0109453 
-0.021736 0.0251522 0.0256891 0.00935967 -0.0372377 -0.0120879 -0.009146 0.0123579 -0.0434654 -0.027812 -0.0357484 -0.0224251 0.0100278 -0.0199162 0.014648 -0.000464491 -0.0313917 0.0347206 0.0133334 0.0202239 -0.0118285 0.00241752 0.0399774 -0.0342995 -0.0103068 0.0304295 -0.0217444 -0.0175564 -0.0345173 -0.0200248 0.0171012 0.0735523 -0.00821538 -0.00591216 0.0452552 -0.00851758 0.00102447 0.0131743 0.023987 0.0225275 0.0336468 -0.0532206 0.0106032 0.00198283 0.0049699 -0.00567494 3.52205e-05 -0.030468 0.0125239 -0.0253398 -0.000384352 0.0333126 0.0299949 -0.00894217 0.0611633 -0.0285015 0.0173277 0.0308675 -0.00694293 -0.00214792 -0.0210758 -0.0058355 0.00490585 0.0327545 
-0.0355656 0.00384995 -0.00127709 -0.0269351 0.000822095 0.0247512 0.00700514 -0.0234359 -0.0049408 0.00118316 0.0280738 -0.0145599 0.0225872 -0.00729777 -0.0150883 -0.00864762 0.0312168 0.0199236 -0.0261197 0.00683127 -0.0332743 0.00139685 -0.0215769 0.0264259 0.033252 0.0183357 -0.0382045 -0.0319758 0.0357898 -0.0269572 -0.0250124 0.0102953 0.000487644 0.00910867 -0.0117707 0.0106163 0.0428528 0.0109972 0.0216066 -0.00613708 -0.0142536 0.0136726 -0.00240863 0.012321 -0.0166444 0.0154219 -0.0296803 -0.0175245 -0.0224617 0.00108399 -0.000255991 0.0129912 -0.00573994 -0.012803 0.0399285 -0.0119176 -0.00616194 -0.0272832 0.0264273 -0.00555055 0.00110238 -0.0129093 0.0644644 -0.0258927 
0.0118965 0.0225833 0.0197435 -0.00990133 -0.0338036 -0.0120172 -0.0152596 -0.0229658 -0.0175061 -0.0151007 0.0139239 0.0405634 -9.74845e-05 0.0453546 0.0329785 -0.0456905 -0.026474 0.0188328 0.0280797 -0.000932218 -0.015426 -0.0343798 0.0192191 -0.00134564 0.0289361 -0.0016766 4.73928e-07 0.0103304 0.00183792 0.00836255 -0.0018867 0.0175544 -0.0312165 -0.0117182 0.000802332 0.0285234 0.00443824 -0.00295428 -0.0234531 -0.012685 0.0243662 0.0234003 -0.0659619 0.0185742 0.0199734 0.0128438 -0.0349427 -0.0582756 -0.0248994 0.0372653 -0.00479393 -0.0234087 0.00906933 0.0102103 0.0165742 -0.00716974 0.0348563 -0.0144035 -0.0217114 -0.0284426 -0.0156874 0.0252994 0.0464377 -0.00436337 
-0.0163191 -0.00618138 0.0311567 0.0122711 0.0301636 -0.0255746 0.0272536 -0.0280142 0.0464963 -0.00792342 0.034835 -0.00524985 0.0162216 -0.0315567 0.0102626 -0.00964617 -0.014307 -0.00163866 0.0131927 -0.00121375 0.0448084 -0.0604765 0.000399348 -0.025425 -0.0168657 -0.0162494 -0.0318482 -0.0216215 0.0145859 -0.0312165 -0.0168269 0.00516328 -0.00239495 -0.0237191 -0.0115808 -0.0113704 -0.0204977 -0.0188222 0.00635529 -0.062319 -0.0120681 0.0295479 0.00797201 -0.0239996 -0.0164263 -0.0111941 -0.00940227 0.00250399 0.00712008 -0.00472504 0.0163147 0.00555391 0.0285276 0.00422073 -0.00189954 0.000731553 0.0168668 0.00649037 0.00535764 0.0198235 0.0283532 -0.0289098 0.0189771 0.0114965 
0.0141493 0.0188793 0.0189567 -0.0128965 0.00596086 -0.0136425 -0.00558772 0.0316993 -0.0178038 -0.0178565 -0.00971516 0.0283336 0.00428656 -0.0513221 -0.00977767 0.0185005 -0.00690511 0.00596181 0.0209101 -0.0229859 0.0442079 0.0153395 0.0294181 -0.0204819 0.0267625 -0.00893979 0.0213987 0.0497952 -0.0101162 -0.00657607 -0.00671344 0.0250445 -0.0101992 -0.00794243 0.00369824 0.0419196 0.0207686 0.038625 0.00320651 -0.00133442 0.00448687 0.00700331 -0.0135212 0.017043 -0.0149384 -0.0240093 0.0132978 0.0226859 0.0394678 0.011434 -0.0228024 -0.0101965 0.0143031 0.0175184 -0.00567477 -0.0159284 -0.0101724 -0.0254225 0.0227744 -0.0462017 -0.0127609 0.0110055 -0.024981 -0.00919635 
0.00453855 -0.00212149 -0.033183 0.0167053 0.00193011 0.00972479 -0.00328605 0.0110239 -0.00691812 -0.0117729 0.0127497 -0.0356888 -0.000500853 -0.0314263 0.00400968 0.00161669 0.0286807 -0.042016 -0.00141517 -0.00545855 0.0253389 -0.0251505 -0.0249767 -0.011257 -0.00103246 0.00724225 -0.048387 -0.0234516 -0.0284875 -0.00640583 0.0363039 -0.0153095 0.0115597 -0.0234401 -0.0350381 -0.0146311 -0.019349 0.00184398 -0.0508925 -0.00387659 -0.0314918 0.0016591 -0.00907163 -0.00874566 0.00546043 -0.00590174 -0.0297075 -0.0102447 0.00153261 -0.00136001 -0.00561654 -0.0185581 0.0129605 0.00299812 -0.024682 -0.019631 -0.0436761 0.0186598 -0.0169178 -0.0176224 -0.00931353 0.0103517 0.034273 -0.0274839 
