64 64
0.0271029 0.0122709 -0.00783809 -0.00824095 0.00562089 -0.00662696 0.0193245 0.0154211 0.0225783 -0.0140572 0.0263889 -0.0168349 -0.0106822 -0.0258967 -0.00338253 0.0180136 0.0134682 -0.00544474 0.00571555 -0.00609428 -0.00481593 -0.00234976 -0.0251543 0.0439604 -0.0281518 0.0244886 -0.0112294 -0.0233594 -0.00659661 -0.00587611 -0.0102075 0.0088702 0.0365225 0.000199629 0.000832903 -0.00558102 0.00887913 0.0426545 0.00370018 -0.00872308 -0.016245 -0.0129138 0.00414574 -0.00174401 -0.00534808 0.00597756 -0.0375846 0.0182271 0.0165653 0.0541626 0.0190201 0.00497233 -0.000497152 0.0105678 0.00781767 -0.0153759 0.0230724 -0.0318764 0.0287703 -0.00400905 0.0159155 0.0435986 -0.0156225 -0.00532267 
-0.030318 -0.0143251 0.0337024 0.0077921 0.0137233 0.0768632 0.0223667 -0.00292128 0.00221012 0.0348735 0.0307136 -0.0246646 0.00906396 0.0251816 0.0139701 -0.0238087 0.0134484 0.0234864 0.00835031 -0.0113485 -0.0423724 0.00928925 0.0110973 -0.00230693 0.000968588 0.0160931 -0.00589318 -0.0100228 0.0362185 0.0265546 0.00281103 0.00505242 -0.0245885 0.0220275 -0.0190538 0.0118719 -0.00167628 -0.0312858 -0.00842021 0.025453 -0.022136 -0.000357916 -0.00432242 0.0142418 -0.0276945 0.0122072 -0.0103019 -0.0330241 -0.00884165 -0.00219951 -0.0200853 -0.0198173 -0.00756593 -0.032519 0.00597196 0.00174247 0.00725473 0.0233519 0.0273008 -0.0132022 -0.038094 0.0174643 -0.0227185 0.0221192 
-0.00284745 -0.00784927 0.0167134 -0.016962 -0.00340284 -0.0197546 -0.0217114 0.0232384 -0.0146503 0.00675096 -0.0404642 0.0212728 -0.00840849 0.0307344 0.00725785 0.0247521 -0.0339615 0.00536855 0.0184872 -0.0176506 -0.0584017 0.00446588 0.0122964 0.0231287 0.0144853 0.00411521 0.00493926 -0.0035482 0.0246192 -0.0237599 -0.0337157 -0.0171811 0.00416578 0.0201179 -0.0041594 -0.0176603 -0.0299123 -0.0199971 0.00534284 -0.00873796 -0.00150591 -0.034041 0.00110478 -0.0125831 -0.00588336 0.0064841 0.0158322 -0.0379046 0.0349128 -0.00508252 0.0156923 0.0112277 -0.0265244 0.0123243 -0.00286612 0.00938024 -0.0069564 0.0183193 0.00784175 0.000124211 0.0345079 0.0119602 -0.0199711 -0.0264705 
-0.00786092 -0.0035873 -0.00597116 0.0508731 0.000561475 0.0192506 -0.0254262 -0.0218247 0.0177623 -0.013508 0.0130401 -0.00759417 0.0120463 0.0310355 0.0199812 -0.0116435 0.0253911 -0.0406551 0.0125973 0.0144576 0.0159291 0.00161029 -0.0382298 0.002149 -0.0318568 -0.00565557 0.000953805 0.00443481 0.0106841 0.0328351 0.0252609 0.0458356 -0.015346 -0.0168749 0.0192052 -0.0326805 -0.0120271 0.00158238 -0.00967896 0.0288608 -0.00146477 0.0122533 -0.0475046 -0.0101883 -0.0147701 -0.0403115 0.0266983 -0.0157679 0.0209117 0.00139022 0.0191177 0.0025181 -0.0273407 -0.0267509 -0.0127428 0.0137131 0.00083665 0.0284764 -0.000884483 -0.0189118 -0.00309076 0.0137217 -0.0217297 0.0175314 
-0.0061869 -0.000753795 0.00412386 -0.00478487 0.0389895 0.00364799 -0.0234082 0.0430634 -0.0106352 -0.021599 -0.0309227 0.0228225 0.01161 0.0188892 0.018939 -0.0170425 -0.00724943 0.00954166 -0.00265189 -0.0164304 0.0453102 -0.0126118 -0.00832805 -0.0021526 -0.00169603 -0.0143366 -0.00237371 -0.0230192 0.00896257 0.0221309 0.0269919 0.0110255 0.011602 0.000995808 0.0228878 -0.00479032 -0.0107173 -0.00590956 0.0104413 0.0172026 0.0134971 -0.0305093 -0.00815026 -0.000464961 -0.0103711 0.00115505 -0.0072741 0.0269926 -0.0181179 -0.0219508 0.0215219 0.00727974 -0.00126131 0.003438 -0.0160106 0.00707648 -0.0133487 -0.0224953 -0.00472077 0.00767413 0.00237268 -0.0254626 -0.00156649 0.0187563 
0.00216287 0.0171425 -0.0340485 0.0297334 0.0528104 -0.00904008 -0.00231991 -0.0223723 -0.0290865 0.0274321 -0.00218612 -0.0359385 0.000467474 0.0351288 0.0172641 -0.0129242 0.00711281 -0.0205878 0.0253948 0.0210548 0.0100887 0.0054889 -0.0120089 -0.00267494 -0.0122794 0.00489102 0.0204466 0.0296635 0.00293553 0.00448386 -0.0319124 0.0203378 0.0186306 0.00355495 0.0224584 0.00289761 -0.0119125 -0.00222419 -0.0067545 -0.00983019 0.00999712 -0.0152747 -0.0151596 0.0445438 -0.0364593 0.00726277 0.0122564 0.0274129 0.0591045 0.0250776 -0.0304258 0.0219712 0.00288227 0.0122671 -0.00861528 0.00578137 -0.0187755 -0.00139882 0.0260403 0.0171805 0.00049488 0.0123858 -0.00275334 -0.01043 
0.0321287 -0.0185486 0.0067701 -0.0166732 -0.0516076 0.0233928 0.0203134 0.0383616 -1.37209e-05 -0.00114243 0.0313115 0.0108895 -0.0163428 -0.0197505 0.0209444 -0.0184522 -0.0143853 -0.0378283 -0.0127577 0.0129986 0.00195999 -0.013815 0.0266698 -0.00604171 -0.0175084 -0.0104724 0.00995489 0.0419554 0.00535174 0.00829826 0.0170611 0.0241837 -0.00147267 -0.0172101 -0.0405852 0.00330391 0.0198061 0.0140568 0.00395117 0.00519872 0.0114524 -0.0359187 0.0155748 0.00643799 0.0215963 -0.0230689 -2.25997e-05 -0.0361432 0.00778656 0.0095543 0.0137515 -0.0239278 0.0314901 0.0167857 -0.0354017 -0.00527143 0.00658629 -0.0139782 0.0165913 0.0385244 0.0127185 -0.0246603 0.0113514 -0.0255305 
0.0263203 -0.0259999 -0.0177861 0.0277056 -0.0223016 -0.0287454 -0.0038149 0.00153304 -0.0111405 0.014029 -0.00858585 -0.00944369 -0.000369007 0.00863899 -0.0128317 0.0200556 0.0129858 0.0019096 -0.0168238 0.0246311 0.0322718 0.023679 -0.00524853 0.00504433 0.0142884 -0.0439417 0.0193355 0.00186743 0.00506266 -0.0148329 0.000734808 -0.0102396 -0.00395059 -0.00574138 -0.0189788 0.00905436 -0.00166778 -0.0192963 0.00309136 0.0190337 0.00463219 0.0124821 0.021185 0.0127947 0.0199046 -1.47072e-05 -0.010849 -0.000804821 0.0189198 0.0274947 -0.00536451 -0.0127139 0.051345 -0.0196862 -0.037464 0.0159108 0.00302756 0.0262698 0.00426026 -0.0296283 0.00617912 -0.00716425 0.0419316 0.027983 
0.00712192 -0.00497646 0.00892217 0.012588 -0.0363789 -0.00972455 0.00165542 0.00733393 0.000955583 0.00472923 -0.000938171 0.0194826 -0.0378606 0.0110737 0.00199985 -0.00414725 -0.0102553 0.00379435 -0.035012 -0.0268084 -0.0227157 -0.0345972 0.0368107 -0.0227199 0.00849431 -0.0122973 -0.004191 -0.0140645 -0.0161421 0.0160919 -0.0190446 0.029509 -0.00827627 0.0235429 -0.0251098 0.000754578 0.0026093 0.00703152 -0.00906488 -0.0165574 -0.000812857 0.0173026 0.00505886 -0.0494998 0.0317627 -0.0171671 0.0150024 -0.00381885 -0.00029892 0.00218581 -0.026402 0.0107014 -0.0120375 0.00654405 0.0143361 0.0245559 -0.0425555 0.0029325 0.0227551 -0.0171542 -0.0205495 0.0217637 -0.0404808 0.00941931 
0.0205042 0.0137268 -0.0549272 0.0287162 -0.00876991 -0.00900274 -0.00355433 0.000126028 -0.0128425 -0.0186388 0.00757804 0.0224285 0.0260221 -0.0112616 0.0350431 0.00758226 0.027392 0.0151547 0.00423209 -0.0155408 0.00743609 0.0112113 0.00908501 0.00914441 0.0124558 0.000489757 0.00910721 0.0346326 0.0358697 -0.0131399 0.0525807 -0.0119624 0.0265581 0.00540369 0.0331382 -0.0269209 -0.0139737 -0.00539692 -0.00665021 -0.0291214 -0.0308628 -0.0132515 -0.00452432 0.0115379 -0.00430312 -0.00245361 -0.0107301 0.00879095 -0.0226009 0.0140588 0.0421153 0.0351277 -0.0100706 0.0257355 0.000220673 0.0103085 -0.00808477 -0.0272889 0.00660398 -0.0275403 -0.0104572 0.0039919 -0.00896558 0.00272274 
-0.0030878 0.0175392 -0.00844584 0.00910097 0.0186565 0.0235379 0.0260233 -0.0463618 0.0193401 -0.0326897 0.0258462 -0.02515 0.0313461 0.0123713 -0.00324082 -0.013303 -0.00235535 -0.00527026 0.00232777 -0.0445017 -0.0037019 0.000168779 -0.0175427 -0.0101423 -0.00282641 0.00411772 0.00505358 -0.00406601 -0.0320364 -0.0138205 -0.0119734 -0.0131559 0.0255559 0.0317671 0.0232263 -0.00948626 -0.00269816 -0.0145761 0.00883031 0.010227 0.0097073 -0.0118623 0.00341008 -0.00307315 -0.0134361 0.0128445 0.018348 -0.0335458 -0.0197371 -0.00697891 -0.0124254 -0.00242687 -0.00667192 -0.0180558 -0.0125316 0.0176004 0.020163 -0.0041127 -0.0197572 0.0180784 -0.0439974 -0.018334 -0.0103991 -0.00248108 
-0.00698256 0.00170833 -0.0563001 0.00217905 0.00343955 0.0311905 0.00886365 0.010201 0.0308893 -0.0185298 -0.00802481 -0.0162957 0.0234467 -0.0010155 0.034898 -0.00452818 -0.0153043 0.0144308 -0.00874244 -0.0147148 -0.0284945 0.00253806 -0.0011955 -0.012685 -0.0283995 0.0292613 0.0253367 0.0159589 0.00548002 0.0116485 -0.0227259 -0.0184728 -0.023629 -0.0240757 0.00136737 -0.0032787 -0.00831769 0.0277858 -0.00784222 -0.00897074 0.00397815 -0.0271258 -0.00206563 0.00343264 -0.0184597 0.00786715 0.00784948 0.0205397 0.0130247 -0.0386437 -0.016933 0.000469871 -0.0259551 0.00547708 -0.024539 -0.000399466 0.000590534 0.0257697 0.0261149 -0.0126127 0.0127488 0.00912277 -0.0135542 0.0176347 
0.0160974 0.0192125 -0.0523051 -0.0172542 -0.0164407 0.0364738 0.00621971 0.0246577 0.00324202 -0.0234567 -0.0529519 0.0485131 -0.00654163 -0.0383736 0.0148483 -0.0448484 0.00793363 -0.0358861 -0.0141478 0.0158426 0.00563908 -0.021151 0.00950505 0.0117441 0.00450427 -0.000762296 0.00536818 0.00824771 0.0134166 0.0148407 -0.00820772 -0.00984753 0.00191402 -0.00223733 -0.00522477 0.00234599 -0.00297108 0.00167379 -0.00247318 -0.0176886 0.0154171 -0.0216462 0.0084765 -0.00843402 0.0107441 0.0110857 -0.00445899 0.0056441 0.00667567 -0.0139433 -0.00519915 0.0185584 0.0350932 -0.0145653 0.0153887 0.0333577 -0.00646717 0.0164722 -0.00760603 -0.00190046 -0.0090785 0.00908409 -0.00494424 0.0153454 
0.000861558 0.0157888 -0.0185652 -0.00954529 -0.0665499 0.0111065 0.0118157 0.00230868 -0.0138465 -0.00787183 -0.0106659 0.0167661 0.00891231 0.0104634 -0.0212472 0.0166202 0.0260276 -0.0245539 -0.00717835 -0.0262555 0.00558426 0.0513873 0.0148803 0.010986 0.0551452 0.000198943 0.0347104 -0.00536843 -0.0178994 0.0165107 0.0183367 -0.034765 -0.00317271 -0.0228644 0.0166772 0.0156857 -0.0241777 -0.0167928 0.0411867 0.0102627 0.0276039 0.0104179 0.00401003 0.0119737 0.00642263 0.0221187 -0.00722658 0.028019 0.00393693 0.0148644 0.0126316 -0.0307335 0.0144278 0.0407883 0.0167095 0.00411098 0.00988598 -0.0181383 0.0013974 0.0192076 -0.0182455 0.0012038 -0.0181255 0.0105614 
-0.0106213 0.012349 0.0021082 -0.0265961 0.00447764 0.00048536 0.000914621 -0.0212584 0.00190167 0.00164209 0.0445601 -0.0066009 -0.0277823 -0.0106458 0.00334348 -0.027309 0.00783411 -0.00669427 0.0154145 -0.00227777 -0.0192718 -0.00231104 -0.0339372 0.0106234 -0.0222888 -0.00180837 0.0163505 -0.0526632 0.0146268 -0.0164528 0.0173892 -0.0118436 0.00478745 0.0281599 -0.0100718 0.0274769 0.0249503 0.0119238 0.0083778 -0.0628063 -0.0109167 -0.0173851 -0.00688531 0.00314231 0.0142939 0.00365167 0.0337866 0.00886644 -0.00516406 0.0150152 -0.00650342 -0.0245386 0.0208317 -0.0219141 -0.0096824 0.00857973 -0.0137371 -0.0117634 0.0082774 -0.0370865 0.0155504 -0.00155779 0.0196097 -0.00780167 
0.000115651 -0.0198789 0.043346 0.0449685 -0.0283605 0.00206685 0.0226151 -0.0100523 0.0200272 -0.0314663 0.0339529 0.0246536 0.0100427 -0.0133947 0.0421904 -0.0261283 -0.0414122 0.00537237 0.0012531 -0.00131794 -0.0217768 -0.0056972 -0.0253557 0.0463328 0.0124326 -0.0160004 0.00556639 0.029934 -0.00822777 0.0348788 0.0357174 0.00712061 0.0256727 0.0285417 -0.0376039 -0.0320252 0.00229457 -0.0154067 -0.0298886 0.00547416 -0.0333675 0.00298718 -0.000290985 0.00827779 -0.006509 -0.00476124 -0.00128756 0.0149803 0.00790984 -0.012699 -0.0164019 -0.0193558 0.0160021 0.0356578 0.0266323 0.0143548 -0.00130641 -0.00543268 -0.00243039 0.0405591 0.00934824 -0.0207089 -0.00613896 0.0141446 
0.0215451 0.00225317 0.00613058 -0.032078 -0.00334816 0.000873468 0.00708483 0.00976261 0.040634 -0.0106117 0.00414912 0.0164954 0.0031473 -0.00606584 0.0174437 -0.0183918 -0.0078714 -0.0127663 -0.00961255 -0.0285325 0.0290779 -0.0105475 -0.0325033 -0.0435029 -0.018223 0.0316072 0.0179344 -0.00257815 0.00101838 0.0250586 0.0453822 -0.028131 0.00462289 -0.0258363 0.0224819 0.0140416 0.00888165 0.0119043 0.0238411 -0.027762 -0.0112538 0.0100987 0.0120923 -0.0116574 0.0479082 0.0231626 0.0533663 0.0300828 -0.0104952 0.0127998 -0.0121752 0.00205302 -0.014673 0.0270463 -0.00524261 0.0159397 0.0230219 0.025826 -0.0102314 0.0170218 0.0112294 -0.00036736 0.0140389 -0.00724119 
0.00669914 -0.00769528 0.00504889 0.00313343 0.0514988 -0.00327632 0.0222823 -0.00929995 -0.031013 0.0001382 0.00822068 -0.00427506 0.0207695 0.0135656 -0.0196007 -0.00325944 0.00876118 0.0248439 0.0111118 0.0171298 0.00738539 0.0222237 -0.000893865 -0.0185574 -0.0282342 -0.00533753 0.00933505 0.0309165 -0.0137392 0.00130222 -0.0258336 0.00728717 0.016413 0.0020437 0.0131355 0.028638 0.0479635 -0.00386048 -0.0169823 0.0269215 0.0216354 0.0185199 0.00593365 0.029941 -0.0100109 -0.0047317 -0.00626276 -0.0127831 -0.000287562 -0.0045969 0.0028284 -0.0179151 -0.00338191 0.0123329 0.0168798 0.0113249 -0.000813892 0.0105654 -0.0144949 -0.004832 0.00735178 0.0280497 -0.00500862 0.0201182 
0.00513577 0.00345908 0.00336972 0.00984904 -0.00827396 -0.0231374 0.00236683 -0.00980454 -0.00851129 -0.0344549 -0.00267966 -0.051817 -0.010913 0.0323335 0.00469172 0.0261821 -0.00348479 0.0333051 -0.00976793 -0.0245129 0.00171845 -0.00603597 -0.0713636 0.0176738 0.0202887 0.0136993 -0.0254849 0.042066 0.00115077 -0.00666964 -0.0146356 0.00847297 0.0129683 -0.0312371 0.0139779 0.00904627 0.013793 -0.000189156 -0.0371969 0.0174402 -0.00985311 0.00341228 0.000116955 0.0174101 0.011444 0.074961 0.040687 -0.0063614 -0.0135925 0.0504484 -0.00678413 0.00487858 -0.00979931 -0.0254573 0.0263714 0.00306076 0.0260367 -0.0102082 0.0192993 0.0261706 0.0162434 0.0252776 -0.000570529 -0.0036531 
0.0154182 -0.000921676 -0.0147251 -0.00472782 -0.0362938 0.000473716 -0.00195313 0.0178134 -0.0144752 -0.0281123 0.0126856 0.0195118 0.00948468 -0.0281597 -0.0233664 0.008805 -0.00365489 -0.00726185 -0.0125818 0.010988 0.0332342 0.0113644 0.0256244 0.0148773 -0.0115952 -0.0156431 0.02565 -0.0141225 0.0207395 -0.0132602 -0.0140829 -0.0088665 -0.0200369 0.00527304 -0.0216121 0.000915229 0.00275099 0.0274286 0.0176217 -0.0067754 -0.00706629 0.0187135 0.0242253 0.0104299 -0.0281679 -0.0105444 0.00435451 -0.028277 0.0111461 0.0227554 -0.00816855 0.0314705 -0.00321509 0.00889693 0.0036797 0.0225612 -0.0159118 0.043699 -0.0224496 0.0154169 -0.0228344 -0.00891733 -0.0038365 0.00264986 
0.00221206 -0.0190315 -0.00444273 -0.00223223 0.0193987 -0.0221041 -0.00182449 0.00285095 0.00235732 -0.00494993 0.00969778 -0.0103728 0.0152725 0.0357442 -0.0198011 -0.0111716 -0.0159976 0.0170408 0.0052741 -0.0287335 0.00129796 0.00649061 -0.00429931 0.018528 0.00705974 -0.0119572 -0.0164579 0.00503596 0.0259256 0.0123958 -0.0266015 0.00117086 0.0198032 0.016985 0.0103272 0.00563118 -0.00568212 0.00778462 -0.00654514 -0.0331701 -0.00845367 0.0132137 0.0211258 -0.0110512 -0.0141027 -0.0162741 0.00410823 0.0168456 0.0143822 -0.0170919 0.00666357 0.00107255 -0.017164 -0.00396894 0.00450905 0.0429156 0.0104559 -0.00935038 -0.0110341 -0.00257608 0.0118227 -0.0330351 -0.0236137 0.00189006 
-0.00195938 0.00428598 0.00619698 0.0178264 -0.020316 -0.0181759 -0.0119763 0.0271031 0.021764 0.00673573 -0.010471 -0.0292707 0.0112734 -0.0109763 -0.023319 -0.00162897 -0.0339468 -0.029144 -0.00132121 -0.00185152 -0.0162723 -0.0244683 -0.00315931 -0.0111317 0.0147052 0.0095484 -0.0264934 0.0365798 -0.0225713 -0.0100121 0.0102144 -0.0144168 0.0169003 -0.0261509 0.0245425 0.011161 0.0432865 -0.00237456 0.0153049 -0.0133595 0.00820497 0.00438206 0.0402148 0.0313463 -0.0384617 -0.0152799 0.0150032 -0.0220423 -0.035348 -0.00990029 -0.0321188 0.052511 0.0351591 -0.0103131 -0.018473 0.0139101 -0.0234478 -0.0275855 0.035295 0.0076307 -0.0288318 0.00558631 0.0428094 -0.0452608 
0.00228003 0.00409822 -0.0132367 0.0203731 0.0190695 0.00871541 -0.0190921 0.0147065 -0.0129174 -0.0102598 -0.0109768 0.0160685 -0.00657743 -0.0285579 -0.0113606 -0.00929741 0.00308439 -0.0139253 -0.0173699 0.0245323 -0.0181823 -0.0175483 0.0144454 -0.0187165 -0.00824584 0.00610333 0.0335175 -0.000156754 0.0484773 -0.00382429 0.0199502 -0.0190542 -0.0567203 -0.00129913 -0.0116103 0.0146776 0.0134621 -0.0163241 0.0202006 -0.011597 -0.0406694 -0.0126883 -0.0160126 0.0244331 0.00864894 1.13336e-05 0.0136823 0.0254918 -0.018647 0.0170043 0.0475081 0.0173127 -4.07859e-05 -0.0521992 0.0590308 0.00706526 -0.0011809 0.0278684 -0.0333762 -0.0106022 0.0128713 -0.0150039 0.0340028 -0.0122256 
-0.00912365 0.00270873 -0.0245929 -0.0155448 0.00609534 -0.0271388 0.00901936 -0.00604408 -0.033009 0.0084653 0.0215586 -0.0186994 -0.0368281 -0.0105979 0.0288682 -0.0449233 0.0028191 -0.0122266 -0.00773472 0.0134373 0.0326012 -0.0205453 0.0240509 -0.0321108 -0.0268086 -0.0258608 -0.0345901 -0.0237953 0.00259792 -0.0228753 0.0241208 -0.0365331 3.34899e-05 0.0186285 0.0277954 -0.00327101 -0.0222807 -0.010418 0.0229108 -0.000113147 -0.00134455 0.0264095 0.0316918 0.0349744 0.0141941 0.0136059 0.0144422 -0.00536377 0.0118544 -0.0189619 -0.014367 0.0165651 -0.00814087 -0.0141539 -0.0393521 0.0200324 -0.0241183 -0.00138174 -0.00912976 0.00277543 -0.023104 0.000491841 0.0337874 0.0269852 
-0.0214171 -0.0133613 -0.0234005 0.0269038 0.0295108 0.0157416 0.00574383 0.000737953 -0.0135278 -0.0109038 -0.0234836 -0.00651025 0.00180664 0.00277288 0.0282522 0.024235 0.00392318 0.00488615 0.0166601 0.050664 -0.0441277 0.00244979 -0.0298355 0.010121 -0.0167863 -0.0259673 0.0187197 -0.0306173 0.0160586 0.0113351 -0.0220943 0.0098837 -0.00443164 0.0360782 -0.00663778 -0.00937619 0.00304227 0.00293841 0.0546144 -0.0186696 -0.0292072 0.000945964 -0.0180496 -0.0138776 -0.0144457 0.0117663 0.0032274 0.0113145 0.00968635 -0.00674421 -0.0184144 -0.0264594 0.00361563 0.000526849 -0.0111329 -0.0142741 0.0115677 0.0112574 0.000976801 0.00590928 0.0176111 0.00997792 -0.00164454 0.0123893 
0.0259195 -0.00660549 0.00892369 -0.00729734 0.00577787 -0.000960542 -0.0185072 -0.0335106 -0.00646314 0.0180037 0.00655485 -0.00241709 0.00379401 -0.00160324 -0.035194 0.0306499 0.0349816 0.0119742 0.0166506 -0.0270915 -0.0126729 0.00826812 0.0232614 0.0145193 0.00617565 0.0012006 -0.0249934 0.0040979 0.00465558 -0.000390249 -0.0262758 -0.0287844 0.0221946 -0.0237944 -0.00585114 0.0167016 -0.0169599 0.0214303 0.00183766 0.0441953 0.0246914 0.00446154 0.00726186 -0.0247688 0.013918 -0.0236857 -0.0252891 0.018778 0.00465301 0.017137 0.027919 0.00248297 0.0187059 0.0264831 0.0105369 0.0150574 -0.000699787 -0.00814703 -0.0272 -0.00753351 -0.0467257 -0.0190279 0.0122314 0.0264795 
-0.00870101 0.00297516 0.0132052 0.0136965 0.00327558 0.00597537 -0.0154823 0.00827959 0.0223965 0.0345833 -0.00954831 0.0432243 0.0236181 0.0265887 0.00587717 -0.0208891 -0.00604442 0.00364337 -0.00548032 0.0111389 0.0291489 0.0087651 -0.0326633 -0.00521658 0.00672012 0.0024634 0.0162509 -0.0153777 -0.0168119 0.0236792 -0.0328476 0.0228819 -0.0407402 0.00410312 -0.01967 -0.0102072 -0.0334913 -0.00345478 -0.0196755 -0.0048937 0.0160935 -0.0138682 -0.0252014 0.00859119 0.00641242 -0.0163426 0.00791828 -0.00852677 -0.0308596 0.000759959 0.0371887 -0.00177331 0.0281519 0.00219019 0.00592807 0.0265516 0.00819319 0.00926045 0.000374254 -0.0164108 0.0265146 -0.0254743 -0.0460157 -0.0184488 
-0.00406509 0.0162458 -0.0354657 -0.00248263 0.0141465 0.0191645 -0.0187064 0.0116105 0.00326285 0.0117289 0.00421471 -0.0292033 -0.0198181 0.0087237 -0.00807326 0.00754614 -0.00548654 -0.00949619 0.0104546 0.00796085 0.0100968 0.00662572 -0.0267571 -0.00297041 0.0169423 -0.0136675 -0.0380699 0.0027469 -0.000923273 0.0156811 -0.00184112 0.0286473 -0.00333179 -0.0110553 -0.00100483 0.00517516 -0.0139303 0.0203833 -0.0185274 -0.0134765 -0.0248973 -0.0183018 0.0109896 -0.00180727 -0.0433907 -0.0175666 -0.0152788 -0.0674625 -0.0130203 -0.0241938 0.018377 -0.00535922 -0.0168793 0.0335664 -0.0102533 -0.00614677 0.0323061 0.0124878 0.00508235 -0.0152305 -0.00314074 -0.0192122 -0.0136396 0.0221153 
-0.0228783 -0.00170779 -0.0305023 -0.0234983 0.018311 -0.0310613 -0.0102004 0.00944737 -0.0269172 0.0300087 -0.00343772 -0.0237611 0.0450129 -0.0261624 -0.0113528 -0.0195903 -0.00415733 -0.00188682 0.0329699 -0.01583 -0.00639413 0.0242803 0.00201352 -0.00262999 -0.00887646 -0.00610961 0.00413945 -0.00390455 -0.00468123 0.0133969 -0.00986529 -0.0232264 0.0383313 0.0137275 -0.015015 0.0117009 0.046081 -0.0377463 -0.0368398 -0.00494375 -0.00893758 -0.00192112 -0.00802936 0.0136277 -0.00105764 0.00165082 0.0128246 0.0153999 0.0303934 0.0226929 0.0289659 0.00161886 0.00208773 -0.0109961 0.00657312 0.0574149 0.0026001 0.000194161 0.0016041 0.00651319 -0.0242437 0.0104842 -0.0114807 -0.0371731 
-0.0119993 0.00761299 -0.0360122 -0.0182851 0.0701653 -0.0277033 0.0037498 -0.0071113 0.0172038 -0.0138068 0.0240174 -0.0469746 0.02117 -0.037446 -0.0157017 0.0632533 0.0312111 0.00643197 0.0346711 -0.00410362 0.0270456 0.0183739 0.0205534 0.00107771 -0.0281657 0.0301963 0.015173 -0.00163195 -0.00274374 0.00122088 -0.0013228 -0.0179742 -0.00919064 0.028856 -0.00978225 -0.0262736 0.0203028 -0.0119316 0.011055 -0.0334008 0.00878833 0.00214057 -0.0182535 0.0472037 -0.0237782 -0.0344681 0.00388414 -0.0130096 0.0151387 0.0225788 -0.00101174 -0.0395978 -0.00398361 -0.00851873 -0.0239354 -0.00467503 -0.0153948 -0.00270706 -0.0202587 0.0198427 -0.031133 0.00851158 -0.00446994 -0.00564946 
-0.0158123 -0.00900841 0.00293548 -0.0172488 -0.00780091 -0.035419 -0.0069029 -0.00583094 0.0476046 0.0222798 0.000315634 -0.0553397 -0.00500018 0.0104465 0.0267252 -0.00506011 0.011916 0.00599776 -0.00641303 0.0266023 0.0369027 0.0103409 0.00458186 -0.0118166 0.00155485 -0.0287512 -0.0320067 0.0206373 0.0272915 -0.022275 -0.0151084 -0.00495282 -0.0163078 0.0201417 -0.00632042 -0.0241278 0.00502501 -0.0078996 -0.00451574 -0.00708513 0.0253597 0.040591 0.0111432 -0.0168608 0.0156485 -0.00500925 -0.017383 0.00827525 -0.00890476 0.00779147 0.0131866 -0.010806 -7.37845e-05 0.0295165 -0.023678 0.00883944 0.00927116 -0.0306064 0.0103633 0.0551412 0.0167511 0.00199906 0.0086634 -0.00862275 
-0.00113879 -0.0403681 -0.0286437 0.0126675 -0.00312388 -0.00671626 -0.00485203 -0.00650356 -0.0344538 0.0154643 -0.00709148 0.0214864 -0.0417767 -0.00686363 -0.0160937 0.00739044 -0.00121875 -0.0078344 -0.0382158 -0.000304152 -0.0181454 0.0262811 0.00415411 0.0212554 0.011971 -0.00191511 -0.0194299 0.0233233 0.00230864 0.00350634 -0.00633366 -0.0361938 -0.0230666 -0.00962374 -0.0201141 0.0160879 -0.00672528 0.0193452 0.00294572 0.0136914 0.040333 0.00394097 0.0122622 -0.0165754 0.037788 -0.023755 0.034685 -0.035163 0.00235096 -0.0056821 -0.00772459 -0.0138504 0.043213 0.00210483 0.0201945 0.01752 0.0212749 -0.0242412 -0.00693292 0.00548079 0.00595842 -0.00999451 -0.0127696 0.0480968 
-0.0141049 0.000100672 0.016788 0.007844 0.000995807 -0.00725167 0.037227 -0.0226854 0.00221867 0.0405054 -0.00966517 0.0294362 0.00928725 -0.0123389 -0.00255238 0.00647535 -0.0179634 0.000771927 -0.0189315 -0.00792434 -0.00328463 0.0315957 -0.0152672 -0.0244778 0.0102749 0.0135772 0.0409787 0.0124505 0.0217495 0.00925893 -0.0163379 -0.0121063 8.69685e-05 0.0120699 0.0378781 0.00686235 -0.0168447 -0.0275248 0.0209125 -0.0147924 -0.0077425 0.000561231 0.0205998 -0.00786445 0.0262628 0.0206425 -0.00688221 -0.00231544 -0.0213355 -0.0167311 -0.0256034 -0.01495 0.014801 0.0112467 0.00607547 -0.0243766 0.0161302 0.025012 -0.00198664 0.0140575 -0.0161521 -0.0294747 0.00434577 -0.0262796 
0.0181361 0.0053432 0.0344957 -0.0239561 -0.00357117 -0.0441929 0.019527 0.0109888 -0.0177679 0.00343023 -0.0219317 0.0281057 0.0242206 0.00892194 0.0178375 0.00977774 -0.0177664 0.01022 -0.0232036 0.0385485 0.0395442 0.0261513 0.00969076 -0.0235449 -0.0278836 -0.0214161 0.00246769 -0.0268558 -0.0372029 -0.00585864 -0.0207978 -0.0434244 -0.0212753 -0.0153224 0.0193331 -0.0249903 -0.00297026 -0.00250688 -0.00336591 -0.0439206 -0.00869963 -0.0253788 0.00669064 0.0232282 0.0335217 0.0152455 -0.0174845 -0.0190107 0.0434651 -0.0049344 -0.0364926 -0.0199106 0.00816248 -0.00119518 -0.00720648 0.0431266 0.0140572 -0.0101502 0.0132953 0.0187424 0.00399519 0.00833465 -0.0102636 0.00155271 
-0.00733729 0.0110414 0.00205808 -0.00281373 0.0177167 0.0077368 0.0191341 0.0131433 0.0218583 0.0257508 0.0204898 -0.0374795 -0.0141883 -0.0247481 -0.00400365 0.00229133 -0.00715813 -0.00510697 -0.0063118 0.041992 0.0172208 -0.0152668 -0.0161598 0.000633 -0.00986369 -0.00345692 0.012088 -0.0226613 -0.0221378 0.0348751 0.0241592 0.00786144 -0.0184525 0.0103886 0.00491255 0.00138589 -0.0234216 -0.0600116 -0.0207324 -0.0163005 0.00898753 0.0177935 -0.00371072 -0.0114112 0.00924323 0.0197083 -0.00588206 0.00633945 0.0169664 0.0161936 0.00416949 -0.000132329 -0.0483991 -0.0228923 0.0270084 -0.0373096 -0.00645705 -0.0179929 0.000402535 0.0426518 0.0311167 -0.0303659 -0.00487885 -0.00968017 
0.0150729 -0.029614 0.00420908 0.0281527 -0.0238693 -0.0122529 -0.0190407 -0.023684 -0.035362 -0.0117382 -0.0141022 0.0142943 -0.0123578 0.0402947 -0.0261486 0.00116562 0.00981723 -0.0136122 0.0191182 -0.0290397 0.00372986 -0.000457375 -0.00623346 0.0272383 -0.0161477 0.008561 -0.0311311 0.00277402 -0.00398805 -0.00776268 -0.0526928 0.0184226 0.00479062 0.00475222 -0.0152239 -0.00268586 -0.0220772 -0.0232072 -0.00570243 0.0208408 -0.00631768 0.0132661 0.0185908 -0.00128786 -0.00285975 0.00402958 0.00532352 -0.00841186 -0.0355177 0.00735027 0.0085864 0.0013779 0.0311777 0.0156817 -0.00323298 -0.0210893 -0.000744313 -0.0127444 0.0316811 -0.0252724 0.00232514 0.00779518 0.0211842 -0.00417635 
0.0154606 -0.00660314 0.0114785 -0.00351864 -0.0170019 -0.00242145 -0.0284249 0.0319952 -0.0118947 0.00541078 -0.0108642 -0.0174594 -0.00346007 0.0124904 -0.0256767 -0.0166648 -0.0033433 0.0120442 -0.0236542 0.0471938 0.0258595 -0.00102892 0.0289984 -0.012256 -0.00642422 0.0414189 0.0183888 -0.0137561 0.0200404 -0.0258188 -0.00591679 -0.0162293 -0.0307036 -0.017608 -0.00696783 -0.00497663 0.0103715 -0.00622366 -0.00473165 0.00584733 0.0105066 -0.0296787 -0.00263055 0.00196973 0.0202498 -0.00384573 -0.0154136 0.0263026 -0.000106662 0.0139625 0.0187003 -0.0155425 0.0014142 0.0279636 -0.0195715 -0.0218192 0.00381897 -0.00729034 0.00853604 0.010486 0.00486895 0.0076306 0.0115075 0.025372 
-0.0357431 0.00959673 0.028864 0.0445886 -0.0029921 -0.00517397 -0.00299326 0.00781193 0.000338472 0.019873 -0.0879517 -0.0234894 -0.0466183 0.0190213 0.00370426 -0.0199815 0.0133482 0.0138045 0.0101977 -0.0246132 -0.0070601 -0.0018995 0.009928 -0.0284814 0.0248055 0.00382875 -0.0173278 0.0247931 0.00606624 -0.00634915 -0.0181173 -0.0341576 0.0109637 -0.0439881 -0.0219676 -0.0120643 -0.00140128 -0.018036 -0.0136472 0.0212899 0.0400545 0.010396 -0.0209986 0.0113257 -0.0222936 0.0408015 0.0071967 0.0176953 0.0303214 0.00773874 0.00110288 0.00602335 0.0286259 0.0195301 -0.0377049 0.0163358 -0.00934649 0.00027324 0.0370226 -0.0158084 0.011558 0.00504048 0.00918609 -0.00802872 
-0.00059414 0.00583134 -0.0514373 -0.0348112 0.01939 0.00904936 0.0218416 -0.0130614 -0.0276613 -0.0220901 0.00929108 -0.0195945 0.0293874 -0.00355006 -0.0249432 0.0143313 0.0116936 0.0447268 0.0230803 -0.0145655 0.0170378 -0.00721943 -0.015143 0.0177369 -0.0179858 0.0162356 -0.00569709 0.0180418 0.020143 0.0182091 0.0145027 -0.00688644 -0.00842008 -0.00119594 0.00522339 0.0028237 -0.00176178 0.000266289 -0.0101792 0.0145493 -4.96371e-05 -0.0113073 -0.0224103 -0.00911236 0.0168554 -0.026647 -0.0214156 0.0130468 0.0358853 -0.00561967 -0.00235863 -0.0205464 -0.00579471 0.033746 -0.0176693 0.00798292 -0.00592401 -0.000943096 0.0214273 0.0157801 -0.00803017 -0.000594322 0.000845938 0.0262798 
0.0171794 0.0336793 -0.022882 -0.0273195 -0.00375848 -0.00943295 0.000723618 -0.0269386 -0.0113687 0.0145964 -0.0232727 -0.0328573 0.0109644 0.0185474 0.02972 -0.00701445 0.00457203 0.0195655 -0.0195275 -0.00627204 0.0018993 0.0294309 0.00466509 -0.0145798 0.0291524 0.0169058 0.0200356 -0.00137046 0.000963184 0.0171807 0.00464799 0.00565625 0.00704832 0.00142592 -0.0469961 -0.00050063 -0.00896829 -0.0355317 0.0213944 0.0412699 0.0147627 -0.0143824 -0.0346014 0.0119391 -0.0298158 0.00775739 0.00931909 -0.0363266 0.0352485 -0.0183739 0.00617676 -0.00217762 0.0381229 0.0111261 0.0340255 -0.0249721 -0.0234192 -0.00582708 0.0289296 0.0105488 0.00430059 -0.01533 0.00948432 0.0215411 
0.0255001 0.00212974 -0.0105648 0.0300069 -0.0185158 -0.0145652 -0.00371938 -0.0071772 0.0444844 0.00915825 -0.0124933 -0.00803017 -0.0436196 0.0566638 -0.0345178 0.0106191 -0.0220659 -0.0343225 -0.0012477 -0.0196486 0.0407645 -0.000112989 -0.0415743 0.0194728 0.0291038 -0.0108209 -0.00418218 -0.0133728 0.0130709 -0.0344401 0.000332142 -0.0234485 -0.0117811 0.0286477 0.00406549 -0.0101227 -0.0333907 -0.046858 -0.0155705 -0.00751057 0.000509435 0.00352503 -0.0301934 0.023218 -0.0212579 -0.00616003 -0.00820116 -0.00941268 0.00195506 0.021741 -0.0146619 -0.00530733 0.0216201 0.0369536 0.0262567 -0.00268334 0.0191742 0.00548174 0.0010065 0.00571214 0.0156631 -0.0125994 -0.0304553 0.0232089 
0.00208445 -0.0242385 0.0109682 -0.0236672 -0.0148356 -0.00869972 -0.0186039 -0.0187933 -0.0393444 0.0436448 -0.0133732 -0.0196869 -0.00712205 -1.35303e-05 0.0173879 -0.0344806 -0.0119932 0.0048443 -0.0276635 0.0102991 0.0126388 0.0233785 -0.00228569 -0.00529923 0.0137525 0.00566759 -0.0397008 -0.00191484 0.0148433 0.0199076 -0.0178419 -0.026637 -0.0303754 -0.0363911 0.018808 -0.0160292 -0.0131555 0.00415336 -0.0239597 -0.0207847 0.00175576 0.00922401 0.00621635 -0.0289742 0.0195307 -0.036073 -0.0181049 -0.0193671 -0.00265504 -0.016238 0.00728716 -0.00594034 0.0214722 -0.028272 -0.000971768 0.00618828 -0.0206312 0.0340776 0.00732139 -0.0174363 0.00344657 -0.00154011 0.0126804 -0.0151581 
-0.00152408 0.025303 -0.00876734 -0.0578939 0.00735106 0.0364812 0.0103682 -0.0180913 -0.0348116 -0.000750987 -0.00570827 0.00226974 -0.0184374 0.00906207 0.0306196 -0.0316819 -0.00270184 0.00259736 0.00113241 -0.0301542 0.00157664 -0.00947631 -0.0315965 0.0350077 -0.00512861 -0.0111967 -0.019908 -0.0125133 0.01143 -0.00565063 0.0134463 -0.0057937 0.0170431 -0.0066436 0.0170298 0.0289442 0.0198879 -0.00816382 0.00394804 0.0037316 0.0318731 0.025928 -0.0332926 0.00145412 0.045786 -0.0254929 -0.000280638 -0.00779662 0.0246125 0.01093 -0.00166972 0.00435398 0.00235989 0.0239748 0.0108716 0.0473856 -0.00272172 -0.00235072 -0.00554085 -0.00989795 -0.00863085 0.000748962 0.00238072 -0.00536306 
0.00554162 0.00811549 -0.0128112 0.00300543 -0.0212068 0.00824508 -0.0278152 -0.00105302 0.0230119 0.0328622 -0.0144027 0.00704555 0.0221032 -0.00662133 -0.0255313 -0.0280774 0.0183127 0.0222998 -0.026999 -0.0146373 0.0127764 -0.0113874 0.0148107 -0.00367007 -0.0200206 0.00718805 -0.016631 0.0403024 0.00164401 0.000513948 0.0139941 -0.0105442 0.00418488 -0.0231421 0.00174734 -0.0265222 0.00209269 -0.0214138 -0.018041 -0.0134116 -0.0131633 -0.0100318 0.0368513 0.0316669 -0.0223923 9.62545e-05 -0.0294172 -0.0302432 -0.0141174 -0.0106925 0.00695068 0.000561391 0.0189203 -0.0325885 0.0145456 0.0526579 0.037017 0.0527875 0.0157374 -0.00286621 0.00119173 0.0223992 -0.028286 -0.0157929 
-0.00736566 -0.0133438 0.0120066 -0.0101539 -0.00929792 -0.00770951 0.0201137 -0.0111183 0.0131639 0.00398694 -0.00974044 -0.0265383 0.00360191 0.0304735 0.0139435 -0.0458025 0.00781937 0.00549704 0.0223311 -0.0137315 -0.0291456 -0.0158308 -0.0194652 -0.0108527 0.0121666 -0.0104005 0.00638665 -0.0105986 -0.00603188 -0.00845677 -0.036704 -0.0368154 -0.023154 -0.0321424 0.00387591 0.00248173 0.0220195 0.0136988 -0.0159752 -0.0132778 -0.0117341 0.0209025 -0.0116728 0.0329732 0.0373737 -0.000251791 -0.0170879 -0.00258021 0.00270877 0.0350944 -0.0049155 -0.0064687 -0.0203652 -0.0183937 0.0350325 0.000779871 -0.00761933 0.0143568 -0.00470333 -0.0396298 0.00171789 0.0502829 -0.00509785 -0.0336298 
-0.0183469 -0.0200897 -0.0043849 0.0123876 0.0187255 0.0224259 0.0203491 -0.00938561 -0.00359325 -0.00958839 0.00508877 -0.0124422 0.0212744 -0.021285 -0.0096808 0.0294849 -0.00530593 0.0107351 -0.0251816 0.0287709 0.0246509 0.0597654 -0.030771 0.0110313 -0.00223874 -0.0391387 -0.0302189 0.0157932 0.00909754 -0.00928157 -0.00272001 -0.00727637 0.00563156 0.00948984 0.0219045 0.0112611 -0.0390208 -0.0267177 0.0614016 -0.0207567 0.00352167 0.0228315 -0.0142717 0.00478946 -0.0249186 0.00470628 0.00933399 -0.0374158 0.0302014 -0.0284835 0.0265542 0.0164365 -0.0144194 -0.0279824 -0.0252169 -0.0177768 -0.0250857 0.00866153 0.0303665 -0.0325973 0.0218026 -0.020576 -0.00637873 0.00278462 
-0.0216619 0.0391859 0.00142466 -0.0181512 -0.0116291 -0.0141147 -0.0256711 -0.00345168 0.0259296 -0.0185322 0.0275165 0.0488867 0.0393934 0.00169291 0.0151283 -0.0165254 0.00849917 -0.0231016 -0.0178522 -0.00996318 0.0142598 -0.0192933 0.0129234 0.0220507 -0.0073044 0.0350111 0.00352161 0.00745843 -0.0170616 0.0152812 0.00406015 0.0164232 0.0386846 -0.00267397 -0.00403212 -0.0158039 -0.00875632 0.0272317 0.0230746 -0.0348128 -0.015374 -0.00971445 -0.0153832 -0.00682744 -0.0180753 -0.0111371 0.00199328 0.0200979 0.00218603 -0.0128739 -0.00887578 -0.000303829 0.00953497 0.0324432 -0.00872479 0.00277502 0.00577168 0.0214749 -0.0339478 -0.00118034 -0.00206471 -0.00657627 -0.00675333 0.00707425 
-0.0116388 0.00107163 0.00672141 0.0107605 0.0216355 -0.0207327 0.0265604 0.0104948 0.00217026 -0.00288589 -0.0157214 0.00611658 0.0381464 0.022686 0.0323886 0.0145516 -0.00143478 -0.0353749 -0.0640338 0.00171798 -0.0143434 0.000551566 -0.0105584 0.00446531 -0.0305637 -0.00291101 0.00898249 -0.00757392 -0.00444077 0.0187326 -0.0157583 -0.000275118 -0.00704835 -0.0384798 -0.0443268 0.0200628 0.0155034 -0.00941211 -0.00665734 0.0185817 -0.0072965 0.0382235 0.0083923 -0.00473835 0.0300373 0.0248251 0.0207757 -0.0052497 -0.0292319 0.0212164 -0.0165394 0.0188725 -0.00594511 -0.0543158 0.00791776 0.00066751 0.0122675 0.00421525 0.0354384 -0.00213496 -0.0093296 0.011756 0.0175106 -0.0264676 
-0.00572727 0.0105688 0.000913288 -0.030282 -0.0238035 -0.0181408 -0.0138575 -0.0192136 0.0219736 0.0262717 -0.00935897 -0.0231175 0.0218355 -0.00629613 -0.0190945 0.0370075 -0.0178984 -0.0338123 -0.0329978 -0.0129117 0.00531572 0.0348035 -0.0156524 -0.00572374 0.00481728 -0.025834 -0.0460874 -0.0386995 0.0135589 0.0208882 0.0173843 0.00383896 0.0147531 0.0498264 0.0319198 -0.0262126 -0.00726331 0.0340515 0.0191069 -0.0592196 0.0180309 0.0254802 -0.03689 -0.0168492 -0.0246984 -0.0167015 -0.00655093 -0.0195078 0.00119532 0.0315442 -0.0518803 0.00296036 0.00683906 0.0136444 0.00279559 -0.0245649 -0.00926692 -0.0248374 0.023933 0.0119083 0.0248835 -0.0167532 0.00646844 -0.0137492 
0.0291296 -0.0249127 0.0149186 -0.0476659 -0.00905999 -0.0117131 -0.0231538 -0.00693364 -0.00568955 0.0281882 -0.00836282 0.0163235 0.0339102 0.0103816 -0.0268326 0.0201134 0.0463746 -0.023729 -0.024503 0.0137735 -0.0160883 0.00355973 -0.0121835 0.0129156 -0.00322737 -0.0264288 -0.0388608 0.0355313 0.00455097 0.0131841 -0.0230151 0.0420813 0.0310144 0.000617403 -0.0306207 -0.0155222 -0.0357163 0.00677421 -0.00820835 0.00419711 0.0404922 0.0236538 -0.0189469 0.0321977 0.0269594 0.00350547 -0.00542661 -0.0199281 -0.0216546 -0.00575491 -0.0144115 -0.0109372 -0.00957408 0.014656 -0.0264708 0.014492 0.0147132 0.00505641 0.0121904 0.00497727 -0.00211301 -0.0183688 -0.020519 0.0339157 
-0.0083216 0.0106383 -0.0040851 -0.00102352 -0.0243934 -0.0298592 -0.0245545 0.00803206 0.00369528 -0.019805 -0.00993584 -0.0106117 -0.00988691 0.00036882 -0.0122813 -0.0208565 -0.00937468 -0.000423105 -0.0082246 0.0335669 0.015403 0.0190812 0.0137563 -0.0283827 -2.08058e-05 -0.0258308 0.000474563 -0.00169076 -0.00649744 0.00169313 -0.0268401 0.0342369 -0.0410021 -0.00614107 -0.023085 -0.024267 0.00930658 0.0129298 -0.0264635 -0.0221972 0.00758696 0.00224191 0.00066244 -0.0326692 -0.00301908 0.0415642 0.0027266 -0.0151825 0.0194038 0.00028386 0.0292857 0.0273374 -0.00930274 0.00252802 -0.00182728 0.0598301 0.000226867 -0.00320325 0.0167416 0.0391127 0.0186909 0.0225253 0.0134929 0.0187543 
0.00535222 0.0192538 0.00196483 0.038489 0.0032663 0.00772605 0.0082232 0.0355965 0.0140204 -0.00807825 -0.00586552 0.0249075 -0.00392215 0.0252963 -0.00481604 -0.0146245 -0.00845507 0.00214085 0.0165103 0.0198962 -0.0157539 0.0174565 0.00770467 -0.0106411 -0.0130011 0.0293167 0.0406802 -0.050146 0.0176532 0.00401919 0.0131685 -0.0411589 -0.0179432 -0.00307067 0.0187998 -0.0024906 -0.00187942 -0.0136997 -0.0166262 0.00720484 0.00442698 -0.0147002 -0.00774762 -0.0149411 0.0153285 0.0245699 0.00607499 -0.0253577 -0.01337 -0.0325467 0.0147563 -0.014851 -0.0228062 -0.0203963 -0.0320981 -0.0229367 0.0191579 0.0394042 -0.0125518 -0.0252187 -0.00278533 -0.0151418 0.0307975 -0.0314193 
0.022439 0.014657 0.0289245 -0.00996619 -0.00714115 0.0255214 0.00995897 -0.0268918 -0.0140219 0.0039931 0.00521895 0.0142443 -0.0129887 -0.0351177 0.00107501 -0.00664936 -0.0025519 0.0159332 -0.0164189 -0.0101141 0.00572768 -0.0139331 0.0339195 -0.0127646 0.0297598 0.0135448 0.0116502 0.0262124 0.00432136 0.0131863 0.0445968 -0.0199412 0.0249485 0.0148584 0.0410052 0.0213413 0.00698198 -0.00412613 0.0162424 0.0213945 -0.00250157 0.0133169 -0.0317551 -0.0104041 0.0139371 -0.0203223 0.00672475 -0.0017919 0.0149686 0.0213734 -0.027724 0.0252081 0.034568 0.0147493 -0.00966035 0.0130455 0.0142299 -0.0151211 0.00436935 0.00664155 -0.00826769 0.0100001 -0.0168932 0.0142898 
-0.0135905 0.00556843 -0.0017158 0.035309 0.00272004 -0.027668 0.0253104 0.0118713 -0.0103392 0.00401322 -0.0170648 0.0172147 0.0222253 -0.0020128 -0.0033582 0.0487553 -0.005836 -0.0122916 0.0202376 0.0135052 -0.00235345 0.00978584 0.00344942 0.0426917 -0.00750253 0.0308914 -0.00936949 -0.00901816 -0.0165839 -0.0169888 -0.0349707 -0.00735303 0.00404448 -0.0283015 0.0211353 0.0176477 0.00358059 -0.0415784 -0.0108997 0.0574083 -0.0129445 -0.0124629 -0.0204446 0.0137596 -0.0423782 0.0036873 -0.00965302 0.0188471 0.0231898 0.0110237 0.0230853 -0.0146632 -0.0124557 0.0178328 -0.0186504 0.00890579 -0.00667898 0.00423385 0.00566305 0.000617806 0.0246574 -0.00139086 -0.026962 0.0263382 
-0.0131133 -0.00674984 -0.00939175 -0.00710677 -0.00912979 -0.0229598 0.036673 0.0342197 0.0139183 0.0168122 0.009366 0.0432153 -0.0119351 -0.00156643 -0.00587962 0.0137962 0.00456374 0.000493582 -0.00959694 0.0174347 -0.00953016 -0.00238546 0.0212298 0.0225977 0.00124157 -0.018269 -0.0059086 0.0561661 -0.00573348 0.0167596 -0.0143079 0.0043637 -0.0104476 -0.00371183 0.018437 -0.0363661 0.00358995 0.000588795 0.0408802 -0.000362542 -0.0114624 -0.0196039 -0.0236553 0.0230988 0.0209686 -0.015447 -0.00229235 -0.0147663 0.000894326 0.0225512 0.00808763 0.0019864 -0.0469151 -0.00928955 -0.00230652 0.00930114 0.0354394 -0.0112502 0.0131811 -0.0290217 -0.0019684 0.00576 -0.00385336 0.00237347 
0.00496904 -0.00152775 -0.0134607 -0.00242384 0.0233856 0.0445649 -0.00382966 -0.00398699 0.007221 -0.00670884 0.00865509 -0.00439733 -0.00980296 -0.00688155 -0.0143507 0.0197321 0.013705 0.00162689 -0.00486639 0.00202856 0.0420493 -0.0228419 -0.00945913 -0.0204641 -0.00605425 0.0372744 0.00887208 -0.0113261 -0.00517408 -0.0225412 0.0241579 -0.042446 0.00803606 0.0176587 0.0111797 -0.00281306 0.00541377 0.00963719 0.0223695 0.029355 -0.0166277 -0.00708693 0.0461444 -0.0397004 -0.00462581 -0.0156298 0.0114649 0.0237762 -0.00133611 0.0056648 -0.000581046 0.0113509 -0.0203538 0.031332 -0.0027039 -0.0255625 0.0130362 0.00587535 0.0234754 0.00224869 0.0342816 0.0344645 -0.00134534 -0.0176812 
0.00572416 0.00569224 0.011293 -0.00992853 0.0124181 0.0278509 0.0225877 -0.0253053 0.00301896 0.0116415 -0.00117617 -0.0198538 -0.0230432 -0.00303822 0.00280042 -0.0312008 0.0366299 0.00216595 0.00388654 0.00899877 0.00591465 0.00986462 0.0128425 0.0104132 0.0026878 0.0135836 -0.0188 -0.00726568 -0.0230336 -0.011836 -0.0217722 -0.00742946 -0.0237381 0.0195588 0.00357942 -0.0124827 0.00996809 -0.0320402 0.0203152 0.0101139 -0.00512341 0.0256232 -0.000549257 -0.00198685 -0.0250409 0.0107478 -0.0423868 -0.0265478 0.0167567 -0.00386431 0.0132413 -0.0226408 -0.0264592 0.0251754 -0.0143478 -0.0190137 -0.00850232 0.00141792 0.00208386 -0.00438218 0.00485944 -0.00117831 -0.0296692 -0.00144295 
0.0113184 0.0407826 -0.0136948 -0.0236241 0.00610908 0.00802678 -0.0169071 -0.0185419 0.00250626 -0.0499075 0.0151612 0.0213352 0.0156166 0.00647265 0.00890165 -0.0153683 0.0299504 0.00265255 -0.0206859 0.0253835 -0.00602321 0.0084279 -0.0242772 0.0051851 0.0119406 0.0373988 -0.0256833 -0.00933737 0.0139496 -0.0119952 0.0191248 -0.0056399 -0.0109591 -0.0265878 0.0303757 -0.0106315 0.00320361 0.0232228 -0.00390683 -0.0445203 -0.00466368 0.00359937 -0.00878302 -0.0112452 -0.00305192 -0.0267984 0.00610623 0.000267525 -0.0156245 -0.00376232 -0.0171808 0.0147884 0.0192266 0.0259609 0.0354694 -0.00519433 0.00304689 0.00450347 0.00517125 -0.014443 -0.043191 -0.0155724 0.00129531 -0.0299331 
0.0652364 -0.014655 -0.0434207 0.0244768 0.00369185 -0.0493268 -0.00609223 -0.0271945 0.00845895 -0.0130002 -0.0075375 -0.0158754 0.00736208 0.0281439 -0.0112448 0.0140614 -0.0136844 0.014931 0.00258202 -0.00413277 -0.00145999 0.000803272 0.018202 -0.00913849 0.0270783 0.0160353 0.000825787 -0.0170436 0.023543 -0.0149665 -0.0189166 0.00573695 -0.0227326 -0.0210715 -0.0262604 0.000422305 -0.000447562 0.0124504 0.00979766 -0.0102204 0.0117753 -0.00717761 0.00112981 0.0204756 -0.00162617 -0.0041124 -0.0103068 -0.0132841 0.0330026 0.000212272 -0.0131 -0.00191094 0.025652 0.00977619 0.0234712 0.0362633 0.0394294 -0.0203053 -0.0376017 0.0166707 -0.0136816 -0.00213418 -0.00557762 0.00836124 
0.0182094 0.0131156 -0.0100845 -0.0334277 -0.016488 -0.0128844 0.0191008 -0.0325591 0.0123441 0.000939878 0.00365979 -0.0194369 -0.00415036 -0.00474673 0.0185804 0.0420819 0.00729994 -0.013345 0.0356912 -0.0231177 0.000377977 0.0230151 0.00982141 -0.0264498 0.0304842 -0.0327928 -0.00326759 -0.000199427 0.040239 -0.00959884 -0.00152471 -0.0162925 0.012183 0.0128991 -0.0192637 -0.0301596 0.00199412 0.0101829 -0.014857 -0.00193057 -0.00200597 -0.00630563 -0.0228541 0.0212055 -0.034027 0.00249852 -0.0205255 -0.00360121 0.0109482 -0.0233444 -0.0290108 -0.0102684 0.0146187 0.0135698 -0.018096 0.0228884 -0.0164282 0.0347444 0.0585356 -0.0237626 -0.0228648 -0.0396517 -0.0413449 0.00767475 
-0.0482623 -0.00311515 0.014467 -0.0194138 0.0219384 -0.00539697 -0.0186504 0.012317 0.0110908 0.0412087 0.034476 0.000650121 0.00808206 0.00732661 -0.00894434 -0.00781155 -0.0107523 -0.00160228 -0.0200505 0.0111661 -0.0143236 -0.00231339 -0.00443463 -0.0221468 -0.0155388 -0.0303398 -0.00398767 -0.0294365 -0.0382646 -0.0126935 0.0123074 0.00376935 0.0366268 0.00201762 0.0176455 0.0156797 0.00115236 -0.014944 -0.00964626 0.0127226 -0.00185632 -0.0209046 -0.0275696 0.00540058 0.00504057 0.0138966 -0.02791 -0.0114884 -0.010024 -0.00620265 -0.0212914 -0.0128589 0.0070391 -0.0242696 0.0164538 0.00113754 0.0260831 0.0050017 -0.000454244 -0.0272267 0.00326519 -0.0034666 -0.0106944 -0.00491483 
-0.0167959 -0.0124354 -0.0203128 -0.0318994 0.0445423 0.0287114 -0.0413418 -0.00425707 -0.00704711 0.0174711 0.000768279 0.0204544 -0.0217362 -0.0294117 -0.0128579 0.00119651 -0.0252611 -0.00297809 -0.0145308 0.021769 0.00215141 0.00445897 0.00986613 0.0232051 -0.0380634 0.0171118 -0.0075245 0.00971683 -0.00232451 -0.00720923 -0.0348063 0.0288517 -0.0202249 0.00400265 0.0216724 0.00343389 0.00903193 -0.00873392 -0.00983546 0.0173811 0.041377 -0.00565795 0.00559728 0.00764277 -0.031364 0.0321345 -0.0175632 -0.0209507 -0.036706 -0.0140339 -0.0147114 0.00916815 -0.0191727 -0.0286963 -0.00324526 0.0160467 -0.00790993 -0.0145547 0.0177056 -0.0101902 0.0170659 -0.00951283 -0.0204609 0.00676094 
0.00671938 -0.0105791 0.00564004 0.00547647 -0.0223639 -0.0151191 0.0266471 0.0174453 0.0188044 0.0142903 -0.0108477 -0.00566263 0.0351458 0.00199156 0.000468742 0.0279697 -0.0106971 0.0232675 -0.0160515 -0.0523687 -0.0157864 0.0170243 -0.00460713 -0.0236289 0.00698915 0.00954265 0.00900753 0.0163693 -0.00426286 0.00918854 -0.000398172 -0.00646902 0.0235896 -0.0190936 -0.0115096 0.00625193 -0.0176707 -0.0314519 -0.0068971 -0.005818 -0.00328056 0.0113273 0.0325092 -0.0163962 0.00666245 0.0223088 0.00293368 -0.0414211 -0.0129869 0.0220392 -0.0164789 -0.0188528 -0.0053757 0.00418539 0.00481942 0.00453357 0.00364422 0.0191589 -0.0135004 3.91355e-06 0.017919 -0.0336074 0.0414757 -0.0187181 
-0.0207226 -0.0242399 -0.0123789 0.0101666 -0.0120222 0.00412488 0.014227 -0.0220599 0.00697889 -0.0212436 0.0293284 -0.00365476 0.00180226 0.0361902 0.000992185 -0.00130531 0.0343055 -0.0389336 0.0235536 -0.00480543 0.00544869 -0.0451288 0.0104867 -0.00343947 -0.0139182 0.0137693 0.0214612 -0.0301298 0.00998246 -0.0256636 0.0275265 0.04334 0.0368323 0.0293651 -0.0168884 -0.038541 -0.0118533 0.00732693 0.000319509 -0.0325427 0.0178396 -0.00283321 -0.0206102 0.0203242 -0.0217706 0.0110174 0.0299683 0.0134213 0.03312 0.0203449 0.0239774 0.00940466 0.0261513 0.0100638 0.00329706 -0.0151434 0.0213728 0.00791845 0.00437409 -0.0225473 -0.000412375 0.0116021 0.0242096 -0.0153625 
