64 64
-0.0124784 0.00180401 0.0264511 0.0484754 -0.00188858 0.0103183 0.0123777 -0.00391215 -0.0238894 -0.026495 0.00438637 0.0140605 0.0166655 -0.00139293 -0.0144197 -0.00661259 -0.0065206 -0.0239382 -0.0217202 0.00581392 -0.0421086 0.0285944 -0.00653045 0.0143844 0.053717 0.0413217 0.00846831 -0.027955 -0.00293757 -0.00949888 0.00103891 -0.0313436 0.0271996 -0.00908821 -0.0428415 -0.0449275 -0.0125491 -0.0140282 0.00365735 0.0301505 0.0211259 -0.0357887 -0.00761071 0.00470835 -0.0250081 0.00574166 -0.026105 0.00266971 -0.0155117 -0.00255565 -0.0177883 0.00732258 0.0165836 -0.0139258 0.0149151 0.0115633 -0.0200102 -0.000257816 -0.0251775 0.0142716 -0.017508 -0.019275 -0.00986321 0.0156471 
0.0279824 -0.00592058 -0.00111344 -0.00270664 -0.0275133 0.00217924 0.00378276 0.00244087 0.0269166 -0.0108939 -0.00752828 -0.00533178 -0.0170462 -0.0511744 -0.0152934 -0.0081907 -0.0213583 0.00782413 -0.00183416 0.00682636 -0.00704975 -0.00331533 -0.0128653 0.0199596 0.010382 0.0259219 0.0207706 0.00892773 0.00848587 0.0208211 0.0142085 -0.00180374 -0.00906448 -0.0110024 -0.0133381 -0.00741452 -0.0437472 -0.00909963 0.0176851 -0.00330947 -0.00398351 -0.007493 -0.0123734 0.0023438 0.0212624 0.0165081 -0.0165646 0.0360264 0.00504557 0.0170741 0.0222674 0.0034221 0.0100131 0.0273636 0.0160496 0.0128686 0.0185399 -0.0266253 -0.00348856 0.00235123 -0.00872762 -0.0202266 0.00647507 -0.00245474 
-0.0119409 0.0128825 -3.15144e-05 0.0192571 0.00639926 0.0160698 -0.00738261 0.0319706 0.0302593 -0.0249334 -0.0280815 0.0134104 -0.0356442 0.00695025 0.0179649 -0.0015539 -0.0254368 -0.000723417 -0.0067229 -0.000436179 -0.00539732 -0.0166201 0.0122038 -0.0388649 0.0132074 0.0107958 0.0209145 0.0242924 -0.0233494 0.00166594 0.0276636 -0.0150872 0.00901427 0.000445273 0.0208941 -0.000382074 -0.0249141 0.0420212 -0.0265088 -0.0367586 -0.00478722 -0.00796637 0.00100753 0.00327299 -0.00888177 -0.00946071 -0.0158205 0.0059587 0.0219706 -0.0298008 0.00119407 -0.0162549 -0.0568789 -0.0076162 -0.00776695 0.0282983 0.00342446 -0.0194032 -0.00626445 0.0262794 -0.0254062 -0.0101019 0.0257092 0.00614671 
-0.000626989 -0.0145215 -0.0156721 0.00743511 0.0436105 0.0480411 0.00642997 0.00690898 0.00651518 -0.0347864 0.0205144 -0.0297604 0.000858404 -0.0234585 0.0010775 0.00906923 0.00305702 -0.00156352 -0.000592687 -0.00411742 0.00563105 0.0232778 0.0091648 -0.02112 -0.00468562 -0.020441 -0.00250304 -0.00532852 0.00990654 -0.0145801 0.0360175 0.0219393 0.0511568 -0.0346478 0.00503513 -0.0031467 0.0031887 0.0513721 -0.00146577 0.0266448 0.00495439 0.053406 0.00896864 0.00102343 0.000415577 0.0345897 -0.0106857 0.00431141 -0.00288139 0.0156191 -0.0211426 0.0107013 -0.0258326 0.0109525 0.0331096 0.0251707 -0.000491831 0.00856001 0.00473785 0.0303996 -0.00896709 -0.00325844 -0.0386509 -0.0141579 
0.026613 -0.014904 0.0245762 -0.00711058 -0.0365801 0.0200731 0.00466074 -0.0115604 -0.0112321 0.00417944 0.00642013 0.00528886 0.0263779 -0.0335895 0.00949499 -0.00263656 -0.0208499 0.0210686 -0.021845 -0.0165946 -0.00562997 0.0123191 0.0151012 0.00455022 0.0259421 -0.00847678 -0.0304426 0.000436535 0.00855723 -0.00647728 -0.000528095 0.014928 0.00566214 0.000391324 0.02047 0.0339942 -0.000532338 -0.00717797 0.0163932 -0.00712619 -0.0117771 -0.0145676 -0.0293537 0.0134792 -0.00599386 -0.0188958 -0.0192769 0.0031686 0.00573405 -0.0110086 0.00973556 -0.0208602 -0.00944561 0.000847814 0.004478 -0.00689712 -0.00896488 0.0143967 -0.0167128 -0.0206347 0.00869135 0.00172921 -0.0105426 0.0360028 
0.00954715 0.0116086 0.00560083 0.00766539 -0.0247002 0.0134594 -0.0229693 -0.0114193 0.0241708 0.0317686 0.0237289 -0.00616441 -0.0341386 0.0316546 0.0214085 0.0307213 0.0244585 0.0231767 -0.0169976 -0.0189528 0.00643958 -0.0398901 0.00417827 -0.0149978 0.0154389 -0.0163048 0.00325106 0.00523062 -0.029023 -0.0207411 0.0155977 0.00617025 0.00798715 0.0193634 0.00411246 -0.0244976 0.00627704 -0.00104433 -0.0226632 -0.00959366 -0.0115612 0.016675 -0.000899222 0.013289 -0.0336453 0.0213524 0.0191744 -0.0350651 0.0114866 -0.0370486 -0.00744523 -0.000344876 -0.0303966 0.00405239 0.00942697 0.02077 0.0333439 -0.0258133 -0.0225787 0.00717306 -0.0059317 0.00294417 0.0141416 -0.0210767 
0.0131357 -0.0174478 0.00902656 -0.0141508 0.000497274 0.016633 -0.0206202 -0.00791273 -0.0168058 -0.0187852 -0.0281803 0.0228628 0.0270135 0.0113654 -0.0380278 -0.00048608 0.00320826 -0.0198922 0.0245301 0.00823697 0.0317991 0.00718243 0.0074829 -0.0288826 0.00200221 -0.00306654 -0.00235683 0.00119474 -0.0214494 0.0296958 -0.0153556 0.0084192 -0.00836728 0.00781847 -0.00121364 0.0222021 0.00589688 0.00164641 0.0442555 0.0461966 -0.00611919 0.0281085 0.0448889 -0.0237678 0.00683813 0.046224 -0.0221055 0.0261762 -0.00303974 0.0472418 -0.00506168 0.0360478 0.0177529 -0.000133147 -0.0263906 -0.0109987 -0.021775 0.0149526 0.00157929 0.0212842 0.00976839 -0.00503903 0.0108748 -0.00354916 
-0.0386045 -0.0439829 -0.0172916 0.00821867 0.0365283 -0.00187662 0.00595495 -0.0127694 0.0099616 -0.0296722 0.00925514 0.0242202 0.0180526 -0.00541299 0.021149 0.00648324 -0.0115196 -0.0124092 0.0127258 0.0222827 -0.000911543 -0.0151177 0.0326573 -0.00497892 -0.0177373 -0.026391 -0.0166619 -0.0114605 0.0180869 0.00930579 -0.0186082 0.0286695 -0.0445097 0.0311031 0.00786152 0.0115961 0.00359097 0.0170118 -0.0261259 -0.0303513 -0.00309205 0.0383017 0.0515078 -0.00619347 0.00278371 0.00927984 0.019129 -0.00704153 0.0212382 0.0192599 -0.00164199 0.029901 0.00630486 0.0202361 -0.0229264 -0.0109047 -0.0332355 -0.000642728 0.0185259 0.000433638 0.00862356 -0.00372433 -0.0150505 0.0038187 
0.0298674 -0.0173471 0.00949437 -0.0295166 -0.0107351 -0.0140794 0.0107311 -0.00443812 0.0051289 0.012981 0.0205106 0.0130656 -0.0156184 -0.0229738 -0.017923 0.0305318 -0.00585569 -0.0129738 0.0310087 -0.000397857 0.0314386 -0.0132606 0.00238712 0.016621 0.0282269 0.00539096 -0.0391354 -0.00910211 0.0170462 0.00272541 0.0122456 -0.00305229 -0.00313599 0.0409243 -0.026877 -0.00226655 -0.00560185 0.00303441 -0.031326 -0.0377291 -0.0300535 -0.00757303 0.00270146 -7.91259e-05 0.00569528 -0.00539907 0.0227407 -0.0101312 -0.00117665 -0.0118984 -0.0101998 0.0115675 0.00375398 -0.0245807 -0.0251689 -0.0135113 -0.0191042 0.00232387 0.0123502 -0.00859984 -0.0134202 -0.00150535 -0.0284464 0.00355778 
0.025371 0.00125737 0.000234909 -0.0194758 0.00583723 -0.0321316 0.00495786 0.0036344 -0.00294782 0.0140195 -0.0111039 -0.0107117 0.0399982 -0.0107332 -0.0370573 0.0482686 -0.007686 -0.00512481 0.0200397 0.00512076 -0.0108711 0.0312349 0.0100475 0.0139871 -0.00723738 0.0437303 -0.0345373 -0.0254704 0.0127013 0.0142146 0.0302817 -0.013703 -0.0209967 -0.0147269 -0.0140199 0.00770752 -0.0279563 0.011969 0.0289083 0.00638623 -0.000906408 -0.0038566 0.00206258 -0.014019 0.0085688 0.0293512 0.0247004 0.0235523 0.00480157 -0.0136472 0.0392708 0.00599437 -0.040314 0.00173206 -0.0226761 0.0190282 -0.0145832 -0.00751643 0.0146169 0.0413609 -0.00381771 -0.0134853 -0.0300356 -0.0338828 
-0.00544197 0.00253532 0.0212815 0.0268054 -0.0234696 -0.00276285 0.0342791 -0.0175326 -0.00282872 0.0248611 -0.0138583 0.0153675 0.0120659 -0.00402935 -0.0106675 0.00491038 0.022086 0.0178595 0.0062619 -0.00555389 0.00410604 -0.0130634 -0.0330039 0.0138326 -0.0150576 0.0271027 -0.0197763 -0.0305681 -0.0147852 -0.0277796 0.0128605 -0.0138277 -0.011331 0.0335762 0.0172517 -0.0458104 0.0133348 0.000668937 -0.00860036 -0.00188833 0.00941512 0.00343694 0.0133952 -0.011544 0.0140859 0.00257013 0.000328438 0.0118475 -0.00804641 0.0217703 -0.00155195 0.0251791 0.0237506 -0.0101961 -0.0210455 -0.0325041 0.00242961 -0.00442795 0.012089 0.0156218 -0.00150577 -0.00646431 -0.0186217 0.000122933 
-0.0286316 0.00968567 0.0108662 -0.0181129 -0.00134844 -0.0196447 0.0150419 0.0253145 0.0190694 0.0221713 0.0227772 0.0218493 -0.0135278 -0.018127 -0.037306 0.0242063 0.0169585 -0.00265736 -0.00148677 0.0557381 -0.0104112 0.00551499 -0.00369554 0.027195 -0.0055822 -0.04486 -0.0396411 -0.0156589 0.0519818 -0.0155914 0.0119019 -0.00934699 0.00593933 0.0125074 -0.00552986 -0.0145877 0.0106603 0.00538805 0.0226409 -0.00963026 0.0306677 0.0062422 -0.0262019 -0.0203403 0.0528053 0.0199431 0.0346487 -0.0206409 -0.0177909 0.0230615 0.0169311 -0.010617 0.0445783 0.00171884 -0.0118788 0.0225566 -0.0351973 0.0293353 -0.0132457 0.0140649 -0.0081449 -0.0129868 -0.0113117 -0.0124898 
0.0110534 -0.0178293 -0.00280828 0.0250165 -0.00957404 0.010564 0.00261836 0.012705 -0.0522599 0.0239782 -0.015878 -0.012692 -0.0197554 -0.0108632 -0.0182036 0.0182387 -0.0070923 -0.0180533 0.0213872 0.013273 -0.016787 0.0042593 0.0208575 -0.0256814 0.027358 0.0130691 0.0424287 0.0079855 -0.00968294 -0.00985854 -0.0059564 -0.000692456 -0.00391186 0.029192 0.00323596 0.0091532 -0.00407446 -0.043007 -0.0181248 -0.0421404 0.00725485 -0.0252446 0.00342395 0.00321621 -0.0123244 -0.0267491 -0.0287122 -0.00474819 0.0312493 -0.0216683 0.00324272 -0.013195 0.00128738 -0.0143747 0.0146595 0.000882222 -0.00523081 0.00922225 0.0272772 0.00545726 0.0293866 0.0207529 0.0266986 0.00738689 
0.03559 0.0069894 -0.0383472 -0.00816408 0.0197055 -0.00188398 -0.0297084 0.00895035 -0.00626898 -0.0308418 -0.0180507 -0.0155162 0.0378437 0.00814255 -0.0372012 -0.00636491 -0.0377386 0.0194438 -0.0238452 0.0138049 -0.0256026 -0.00883087 0.0266692 0.0279631 -0.00798817 -0.0269994 -0.0172239 -0.00291901 -0.013098 0.0141892 0.00702587 -0.0168191 -0.00231934 -0.00599959 -0.0125922 -0.027708 0.00317782 0.00665416 -0.0182762 0.0212352 0.0320193 0.00895291 0.0248528 0.0136891 0.0117317 -0.000214705 0.0242867 0.00920787 0.00581029 0.0280476 0.0149651 0.0213632 -0.0320476 -0.0125684 -0.01329 -0.00543735 -0.0160704 0.0127841 0.0316369 0.0168828 -0.0127625 0.0347933 0.0143352 0.0141451 
-0.0285625 0.0135211 -0.026029 -0.00760627 0.00290436 0.0341351 0.0204132 0.0151513 -0.00383075 -0.00475662 0.0185686 -0.00504449 -9.23734e-05 0.00265534 -0.0012975 -0.0336883 0.0147342 0.0156719 -0.0219905 0.0057731 -0.0101222 -0.00536355 -0.020007 0.0143164 0.00766443 0.0151603 -0.0429607 -0.0106881 0.0152955 0.00502781 -0.0071913 0.00663787 0.0244183 -0.0296103 -0.0330446 -0.000221047 0.00989047 0.0125827 0.00715599 -0.0221889 0.00100174 -0.0286289 0.00792668 -0.0205382 -0.0320108 0.0254241 -0.00294206 -0.0128994 0.0317259 0.0105454 -0.0108413 0.027644 -0.0073225 -0.0226767 -0.0476146 -0.0160001 -0.00885271 -0.0194251 0.00637309 -0.0093179 -0.00900067 0.0202467 -0.00378512 -0.0147829 
-0.0107142 -0.0263292 -0.00572881 -0.00691496 -0.015484 -0.010316 -0.0300889 0.0208269 -0.00635333 0.0370988 -0.0065809 -0.00274073 0.00428593 -0.0115883 0.00726031 0.00637726 0.00202396 0.0102183 0.00105776 -0.0104498 0.00545355 -0.0214149 -0.0407154 0.00984173 -0.00426013 -0.0373119 0.025205 0.030958 0.00222042 -0.0164495 -0.00561522 0.00932981 -0.0317771 -0.00183969 -0.00953131 -0.0121879 0.0232082 0.0137635 0.00769044 0.00752024 0.024867 0.0271276 -0.00797053 0.0030469 0.00216463 -0.0199515 -0.00416988 0.0132692 0.0359036 -0.0233376 -0.0150196 0.0114641 0.0127793 0.00736524 -0.0237931 0.0266885 0.00456994 -0.0109224 0.0279276 0.00263725 -0.0278426 -0.0111439 -0.0141445 0.0221144 
0.0137247 -0.0548946 0.0136436 0.0104715 0.00439897 0.0133606 0.000373177 -0.013846 -0.00374622 -0.00768329 -0.00448425 0.00983357 0.00154533 -0.00876762 -0.00396134 -0.013165 0.0166336 0.00227332 -0.0103714 5.23169e-05 0.00318241 0.00736943 -0.0158832 0.0394967 -0.0135026 -0.0193553 -0.0021374 0.018867 -0.0265233 -0.00462284 -0.00800698 0.0390449 0.00788392 0.0207131 -0.0279401 0.0395041 0.0188953 0.0246314 -0.0232817 -0.00112497 0.014768 -0.000482202 -0.00685246 -0.00622376 -0.00108135 -0.0355829 3.46293e-05 0.00928208 -0.013578 0.0175307 -0.010066 0.0153628 -0.0236912 -0.0292986 0.0204395 -0.0292088 -0.0385171 0.00409926 -0.0295962 0.000562875 -0.0150771 -0.0149479 0.0142963 0.0252795 
0.00132146 0.0100956 0.00245136 0.0282166 0.0118497 0.000445825 -0.0574703 0.0459358 0.0200553 0.0324682 -0.0200897 -0.00516052 -0.010381 0.0326036 -0.014178 -0.0247674 0.00327296 0.0307922 -0.00515981 0.00628178 0.00910455 0.033361 0.0151681 0.0211327 -0.0579362 0.00288789 -0.0235981 -0.0149465 -0.00803923 0.000658018 -0.0022743 0.00578545 -0.0290279 0.00894317 0.0201162 -0.00616849 0.0270748 0.00185947 -0.0390738 0.0334948 -0.0148406 0.00564488 0.0086453 -0.0137519 -0.00848441 -0.0131443 -0.03093 0.043997 0.0205748 -0.00415685 0.00389023 -0.0105831 -0.00299691 0.034586 0.0123105 0.0167496 0.0180887 0.0103232 0.00797846 -0.0146662 -0.0393468 0.0191398 -0.0263423 -0.00419291 
-0.0241491 -0.0287385 0.0114415 0.0151489 -0.013155 -0.0286129 -0.00612662 0.0049725 0.00852173 0.0103318 0.00230629 0.0170075 0.0379721 0.00351197 -0.00546592 0.0145196 0.00218464 -0.00105968 0.0124673 -2.95006e-05 0.0079487 0.0288321 0.0072689 -0.0273547 0.0361065 0.00912902 0.0287726 0.0120395 0.0175975 -0.0102887 0.025847 -0.0139844 -0.0139166 -0.0440505 -0.04156 -0.00962348 0.0237768 0.0163996 0.0319774 -0.0143453 0.0285872 -0.0244118 0.0182427 0.0071057 0.00850817 0.0223249 -0.00558494 0.0315385 0.0131312 0.00256409 -0.0290056 -0.00640767 -0.0387553 0.0270244 -0.0220786 -0.05086 0.00029685 -0.00411184 0.00263738 0.0385441 -0.00459263 -0.0239871 -0.023989 0.0181711 
0.0040894 -0.0017969 0.0232361 -0.0035555 -0.0171759 -0.0078048 -0.0038256 -0.00803822 0.0576303 -0.00930157 -0.0318828 0.022387 0.0213968 0.0315091 -0.0116595 -0.0120396 0.00473901 0.0381404 -0.0007634 -0.0105749 -0.0191359 0.019018 0.0129844 0.0445905 0.0177831 0.0203026 0.0197255 0.00915021 -0.00834147 0.0230071 0.00751822 -0.0111962 0.0353349 -0.00112207 0.0561079 -0.0318884 0.013867 0.0117757 0.0109468 0.00141937 -0.0276274 -0.00103253 -0.000560636 -0.0351619 0.00582095 -0.0243863 -0.0446803 0.012585 -0.0203633 -0.0197992 0.0129554 0.00346691 0.00776722 -0.0122399 0.0240456 -0.00573717 -0.0167228 0.0499609 0.0282499 -0.000996604 0.00350864 0.0114374 -0.0146316 0.0138016 
0.00639242 -0.0182973 0.013267 0.00244063 -0.0226204 0.0244441 0.00987261 0.00982875 -0.00263647 0.00492519 -0.00761303 -0.00852299 -0.00700577 -0.0201173 0.00488456 -0.00903195 0.00735207 -0.00165827 0.0198338 -0.000460082 0.0106461 0.0171557 -0.0141119 -0.0135224 0.0106703 -0.02589 0.00666351 -0.0299982 -0.0278777 0.0397395 0.026673 0.0150257 -0.0152917 0.0155947 0.00851428 0.0125773 0.0389167 0.00542829 0.013974 0.0349615 -0.000798874 0.0285385 -0.00301777 -0.00968418 -0.0154091 0.0124045 0.00975486 -0.029798 -0.0101992 0.00915276 -0.0286415 0.0275264 -0.0183485 0.00990674 -0.00596108 0.0336057 0.00673557 -0.0178617 0.00397935 -0.0360296 -0.0284952 -0.0217585 -0.000681635 -0.0129601 
0.0146845 0.0193575 0.0192678 0.0260085 0.0174841 0.0556704 0.0223061 -0.0155948 0.0189931 -0.011266 0.001136 0.0143595 -0.000437858 -0.0131508 -0.00185089 0.00262746 -0.0197061 -0.0264121 0.00481992 0.00455958 0.0185235 0.0144414 -0.00402665 -0.00901694 0.020165 -0.0320026 -0.0144903 -0.0172812 -0.0221853 0.00303468 0.0243848 0.0302134 -0.00260066 -0.00216887 -0.00110361 0.0114154 -0.0293307 -0.0233351 0.00928594 -0.00868201 0.0212251 0.0128017 0.0174273 0.0162071 0.0188386 -0.035139 0.0209422 0.0167898 -0.0181052 0.00232355 0.017419 0.0183708 0.014989 0.0011682 0.0346307 0.0135144 0.007651 0.0206409 0.0299245 0.0130761 -0.024306 -0.0088702 0.00956042 0.0186376 
0.0433338 -0.0477808 -0.00514607 -0.0145682 -0.00831968 0.00962726 -0.00208342 0.0272552 0.0263917 -0.00635328 -0.0150142 -0.00288013 -0.0256443 -0.00604045 -0.015916 0.0104885 -0.0251391 0.00335332 0.00651259 -0.00538787 0.00293458 -0.000406064 -0.00834779 0.0152972 -0.0185527 -0.00386097 0.00864926 -0.00264931 0.0494878 -0.0231492 0.0176854 0.0135235 0.0172994 -0.00302127 -0.0132122 -0.0303005 0.0128817 -0.00587 0.0163545 -0.0091456 -0.0097112 -0.0276468 0.000831029 -0.00636514 0.0207937 -0.0143792 -0.0260966 -0.0191558 0.0170216 0.0218102 0.00748487 0.025647 -0.0562555 0.0399633 0.0243828 0.0298745 -0.0392276 -0.0204495 -0.0464594 -0.00549265 -0.0365099 0.00857721 -0.0147915 -0.0029039 
0.030808 -0.00139982 -0.0213432 0.0280221 -0.0193699 0.00244078 0.00278694 -0.0237524 0.0186915 -0.00781865 0.00639572 0.0289651 0.0518781 0.0122888 0.0124587 -0.023979 0.00430754 -0.0211537 -0.00946235 0.00611436 -0.00673271 -0.051776 -0.00566258 -0.0221764 -0.0122079 -0.00587766 0.00788144 -0.00394382 0.0260527 0.00942215 -0.00151684 -0.00928367 0.000604001 -0.0166207 0.0102599 -0.0146714 0.0375424 -0.0136765 -0.0113256 0.00463094 0.00912015 0.00426221 -9.67479e-06 0.013595 0.00235346 0.0306824 -0.00563975 0.0152122 -0.0100901 -0.0129595 0.0140295 -0.0316696 0.00103636 -0.0112999 0.0210237 0.00410447 0.00815687 0.0326164 0.0208783 0.0106501 0.0204125 0.0203423 0.00593288 0.0134884 
-0.0221533 -0.00566718 -0.038601 0.0324528 0.0110107 0.000493241 -0.0129928 0.0416184 0.0266693 -0.0396986 6.12339e-05 -0.0163435 0.0234663 -0.0235038 0.033316 -0.0139419 0.0254341 0.0117391 -0.0140525 -0.00219298 0.00823256 0.0149726 0.0221909 -0.0207994 -0.0281623 0.0165339 -0.00176419 0.0371097 -0.0113668 0.0315056 -0.0143613 0.00482032 -0.00185644 -0.0344961 0.0248793 -0.0182793 0.0234991 -0.0314911 -0.0165356 0.00176194 0.0266192 -0.00418501 -0.0298136 -0.00559006 0.0146287 0.00612396 0.0310588 -0.0071765 -0.0246578 -0.0199136 -0.0226562 -0.000532758 -0.0137804 -0.00914442 0.00827645 -0.0130711 0.0279005 -0.00344824 0.00563978 -0.0101589 -0.0126705 -0.0173092 -0.0222701 0.0102877 
0.00199355 0.018206 0.0390205 0.0364916 0.00901975 -0.00208656 0.00541446 0.00110123 0.0345758 0.025715 -0.0162131 0.0256811 0.00847887 0.0236265 -0.00493708 -0.0153804 0.0125281 0.00828891 0.0129797 0.0186692 0.0247834 -0.00448806 -0.0051774 -0.0326556 -0.0416335 -0.0311004 0.00399985 -0.0103467 0.0227062 -0.0102 0.0410575 0.00189102 -0.00279369 0.00119442 -0.0126434 -0.000497596 0.0313474 0.00653746 0.020199 0.0126042 0.0013185 -0.00687235 0.0241085 0.00317287 0.0077574 0.00740178 -0.00930603 0.0326242 0.0254192 -0.0233679 -0.0141486 0.00911653 -0.00687426 -0.00637154 0.00550974 -0.0204895 -0.0348317 -0.0065702 0.0197609 0.0116306 0.0073885 0.0135951 0.00809241 0.00659923 
-0.00167242 -0.0307109 -0.00513897 -0.0023648 -0.00694368 0.0131657 -0.00852235 0.0145239 0.0171269 0.00967778 -0.0152305 -0.00335502 0.00129521 0.0192961 0.00972796 0.00541369 0.0364496 0.00138391 -0.000756702 -0.00277692 -0.0412693 0.00691154 -0.00115922 -0.00501192 0.00330627 0.00719872 0.008574 0.00747335 -0.00134081 -0.00707435 -0.00778112 -0.00159572 0.0129427 -0.0252716 -0.0245616 -0.00623862 0.00653125 -0.00398087 -0.00731325 0.0211638 0.0312643 0.0350804 0.0070607 0.0278173 0.01842 0.00878529 -0.00170095 -0.0292326 0.00993728 -0.00631354 -0.00643343 0.00480248 -0.00207119 -0.0140387 -0.00794935 -0.00825813 -5.98806e-05 0.0206301 -0.00127717 -0.0121307 -0.01351 0.0354213 -0.00215072 -0.00610807 
0.00325313 -0.0205979 -0.00108362 0.0347551 0.0330666 0.00632415 -0.00745334 -0.016551 -0.0265329 0.046684 0.0113958 -0.0353892 -0.0164395 0.0583195 -0.0176862 -0.014182 0.0206803 -0.013934 -0.00817596 -0.00673269 0.0506789 0.0274179 -0.0225831 -0.00769008 0.0160761 -0.0314617 -0.0108831 -0.00696879 0.00419022 -0.0139662 0.0257123 -0.00411591 -0.0201441 -0.0168306 -0.0541792 -0.00314553 -0.0151422 0.00168277 -0.0140631 0.0134181 0.00140693 -0.0134534 0.00200743 0.0149495 -0.00153827 0.0119395 0.00101457 -0.0180746 -0.0175564 0.0135645 0.0170727 0.00113392 0.00501432 0.0183739 -0.0386771 -0.0149351 -0.0146948 -0.0175937 0.0148364 0.00768824 0.00819571 -0.0190999 -0.0170592 -0.00226932 
-0.00493954 -0.0166416 0.00823692 -0.0237566 -0.00361723 0.0121869 0.0334947 -0.0156652 0.00880672 -0.00766403 -0.00173128 0.00794967 -0.0170331 -0.00516617 -0.0258645 -0.00270245 0.000617999 -0.0082253 -0.0117296 -0.00282355 0.0218586 -0.0205738 -0.00741214 -0.00792132 -0.023127 -0.0137202 0.00608336 0.00101874 -0.0386847 -0.0143143 -0.0245695 -0.0180625 0.0199589 -0.0188144 -0.0129616 0.0190451 0.0103221 -0.0036877 0.0214274 0.0114656 -0.00193067 -0.0212625 -0.00155088 0.0164783 0.00072354 0.0136009 0.0244346 -0.0137226 -0.00520894 0.0106504 0.00166027 0.00332796 0.00414089 0.00506292 0.00906124 -0.0209209 0.00160571 -0.0171099 -0.0115821 -0.00526903 0.00627351 0.0167632 -0.0186278 0.0382917 
-0.0056262 0.0220257 0.0331553 0.0244167 -0.00543409 -0.021456 0.0102901 0.00739378 -0.00673366 -0.00747958 0.0279779 -0.0153517 -0.0667385 0.0223586 -0.00730737 -0.00802182 -0.00639486 0.00237637 0.0151258 -0.0136575 0.0430534 -0.0208916 -0.0237213 0.0361245 -0.0140248 -0.00558756 -0.00928413 0.0284361 -0.00373279 -0.0264293 -0.0134006 -0.0264483 -0.000651657 0.00289328 0.00476469 -0.00226696 -0.015113 0.0476454 0.00206579 0.0137737 0.0162577 0.00950319 -0.00957974 0.0127674 -0.000493076 -0.00140035 -0.0255814 -0.0259361 0.0236738 -0.0219167 -0.00121971 0.00288666 0.00231646 0.00398062 -0.0168606 0.0219753 -0.00197989 -0.0369731 0.00932693 -0.0170225 -0.00402508 -0.00753483 0.0250327 0.0189277 
-0.026723 0.0354248 -0.00122637 0.035801 -0.0278439 0.0207513 -5.5816e-05 0.0671534 -0.0131605 -0.0310789 0.0427946 0.0177368 -0.00152954 0.0115313 -0.0307609 -0.00259341 0.0166071 -0.0114315 0.00318523 0.00591675 0.0268256 0.0162265 -0.00743817 0.00933815 -0.00900849 -0.0124499 -0.018594 0.0106252 0.0101936 0.00257436 0.0284397 -0.0173366 0.0111688 0.00367038 0.0406863 0.0330072 -0.020614 -0.0411451 0.0333919 0.0347218 0.00141848 0.0450119 -0.00988386 0.00862418 -0.00964867 -0.00402842 0.00340168 0.00742017 -0.00891055 -0.0277806 0.00648027 0.0325267 -0.051472 -0.00177397 0.0101418 0.0131796 -0.0277168 0.0261636 -0.00808415 0.0288961 -0.0114201 0.0146424 0.0319329 0.00476616 
-0.0125697 0.00730196 0.00172392 0.0179212 -0.0133036 0.00255177 -0.0112598 0.0441604 -0.0116606 -0.00591433 -0.0139275 -0.000160923 -0.00811549 -0.0181248 -0.0339172 0.0170268 0.0254343 -0.000909478 0.00293401 -0.00831909 -0.0457544 0.00658201 0.00553604 -0.0188893 0.010417 -0.00364157 -0.0280668 0.0304579 -0.0105229 -0.0478845 0.00970336 0.00906986 -0.00255347 0.00348679 -0.00458442 -0.0367431 0.0101254 -0.0113496 0.0215908 -0.022558 -0.0303946 -0.0183738 -0.00499508 -0.0442887 0.00281181 -0.00962299 -0.0263612 -0.0143249 -0.0222956 -0.00556309 0.00554539 -0.00264566 0.0503678 0.000535428 0.00577699 0.00760967 0.0155694 0.0173768 -0.00177029 -0.0209082 -0.0346302 -0.00732406 0.00800788 0.0272741 
-0.00685551 0.0195646 -0.0109198 -0.0107147 -0.0110883 -0.0161423 0.0170724 0.00565181 -0.0324499 -0.0286532 -0.0244062 -0.0254896 -0.0219607 -0.00852539 -0.0126385 -0.0223567 -0.00330188 0.0177568 0.00560218 0.0195292 0.0149642 -0.0305525 0.0209751 -0.00757089 0.00140324 -0.00982567 -0.020639 -0.0162415 -0.00605394 0.00649437 2.62636e-05 -0.0190202 -0.00177031 -0.0247492 0.0034019 0.0358179 0.026199 0.011829 0.0232295 0.0114117 0.0421017 -0.0291534 -0.0241002 0.0225498 0.00174834 -0.044988 0.00121662 -0.0156488 0.0217632 -0.0180153 0.00841873 -0.00325552 -0.0211389 0.0124677 -0.0205208 0.0331237 0.0271129 -0.0122009 -0.00815362 -0.00677483 -0.0106198 0.0209411 -0.0241245 -0.00727279 
-0.0193995 0.0207216 0.0124639 -0.00871311 -0.000642095 -0.0230339 0.0127872 0.0256796 -0.0179026 0.00450334 0.0258242 0.0372563 -0.0170261 -0.000359033 -0.0512047 -0.0074094 -0.0220303 -0.0178308 0.0150488 0.0198073 -0.0038205 -0.0361849 -0.0433163 0.00683713 -0.0201262 -0.00804335 -0.0200306 -0.0120041 -0.0125619 -0.00689576 0.0207455 -0.0508045 0.00925152 -0.00578125 0.0213778 -0.00634496 -0.00148154 -0.00106448 -0.00515796 0.0257822 -0.0162609 0.00285223 0.0235523 -0.0449278 -0.0100714 -0.0228983 -0.0163139 -0.00861546 0.0506235 0.0220843 -0.0182913 0.0302168 0.0130487 0.00657212 -0.00535473 0.0370022 -0.00512945 -0.0082936 -0.000129517 -0.0228082 -0.0010315 -0.0279136 -0.012178 -0.00508409 
-0.0113759 -0.0169592 -0.0029389 0.00375802 -0.0657835 -0.00335977 0.00132337 0.00583064 -0.0118619 -0.015924 -0.00158417 0.0137283 -0.0169466 -0.000499602 -0.0166699 0.0369602 0.00434402 -0.00890476 0.0201972 0.0098619 -0.0026999 -0.000565566 0.0244434 -0.00364288 -0.0163712 -0.00317249 -0.00331591 -0.0195144 -0.00285569 -0.00600317 -0.0272958 -0.0122388 -0.0178353 -0.0351688 -0.00354058 -0.0190424 -0.00142561 -0.000784828 -0.0262192 0.0504428 -0.0111951 0.00475598 -0.0284627 0.00661518 -0.0412924 -0.0109143 0.0132317 0.00471814 0.00360098 -0.0239534 -0.0295957 -0.0304385 -0.0148298 -0.0449357 -0.0202327 0.00884253 -0.00142882 -0.0101823 -0.0227703 -0.000209758 0.0112665 0.00332272 0.0103343 -0.0454648 
-0.0115929 -0.00579226 -0.0128485 -0.0405132 -0.0219331 0.0154147 0.00770553 0.00072381 0.0122664 0.00506397 -0.00156175 0.0284124 -0.029571 -0.0155431 0.0145114 -0.00601433 0.00444151 0.0125021 -0.0199457 0.0327989 -0.0413398 -0.00755304 -0.00387219 -0.0293528 0.00115891 0.0205269 0.0358046 -0.0175401 0.0296143 0.00924787 0.0377556 -0.00086692 0.0443248 -0.015392 0.00643707 -0.0072174 -0.0071862 -0.0102478 0.000437221 0.0238716 -0.00385255 -0.00986569 -0.0013228 -0.00505164 0.00301688 0.000735996 0.022417 0.0161264 0.0112777 -0.00111146 0.00748974 0.0067153 -0.014976 0.00314872 -0.0258059 -0.00553478 -0.00885047 0.00732385 -0.0254381 -0.00863924 -0.028588 0.0395643 -0.0132189 -0.00573874 
-0.00467392 -0.00373222 -0.00681878 -0.0221501 -0.00671244 0.000961004 -0.0161149 -0.0237642 0.00749124 0.0172599 0.0154385 0.0299822 0.0153693 0.0163517 0.0128065 0.00321593 -0.0099849 0.00748515 -0.0210619 -0.0047504 0.0110718 0.0218268 0.0218515 -0.00703172 -0.0351658 0.00861261 0.0101421 -0.0280909 -0.00446639 -0.0103462 0.00592497 -0.0142559 0.0128214 0.00794148 0.00139669 0.0103034 0.0263345 0.00124837 -0.000362818 -0.00974441 0.0127577 0.0140585 -0.00837687 -0.00754201 0.00969068 -0.0263265 0.00702608 -0.0139663 0.00533874 0.0102092 -0.0410451 0.00972345 0.0188766 0.0118281 0.0113673 -0.0277146 0.011563 -0.0149674 0.0182623 0.00255292 -0.00222189 -0.00394915 0.0404717 0.0174496 
0.015408 -0.00307709 0.00469794 -0.0222789 0.00884677 0.00957397 -0.0390389 0.0304894 -0.0154934 -0.00550297 0.00527035 0.0137917 0.01494 0.0157707 -0.0152671 -0.0416273 0.00828728 0.0147228 -0.00609771 0.00841139 0.00534126 0.0227223 0.0238891 0.0228816 -0.0291513 0.00138747 -0.00622294 -0.0299246 0.00795854 0.0387565 -0.0269543 0.0154065 0.00283681 0.0190899 0.0106174 -0.00948978 0.00761015 0.00543755 -0.00417267 0.0059722 -0.0276314 0.0157386 -0.00352318 0.0127972 0.0070505 0.0110411 0.00698185 -0.00215649 -0.0090321 -0.00275862 0.0158235 -0.00745753 0.00301503 0.00524907 0.0438056 -0.0362126 -0.0194547 0.00791734 -0.0181434 -0.00790185 -0.0116569 0.00766827 0.0334124 -0.00111791 
-0.00318552 -0.0132972 -0.0218468 0.00208517 0.021948 -0.0151174 0.0337251 0.00799243 0.0191253 -0.017353 -0.0352717 0.0115792 -0.0314789 -0.00500839 -0.0014429 0.0057757 -0.0244811 0.015493 -0.00131258 -0.0225564 -0.00268152 -0.00311652 0.0198835 0.0374855 -0.0126712 -0.0064712 0.0224798 0.0115284 -0.0347053 0.0383142 0.0295608 -0.0098994 0.0211915 -0.0395883 0.0065324 0.00633177 0.024941 -0.011867 -0.00347 0.0102804 -0.0180646 -0.0520053 -0.0158878 -0.0406229 0.00827208 0.00315387 -0.00131175 0.0219989 0.0172062 -0.0279871 -0.0108834 0.00167439 0.0326975 -0.0139497 0.00581089 0.0110219 -0.0273617 -0.00823985 0.0066479 -0.00753298 -0.00242612 -0.00575048 0.0427767 -0.0417205 
0.0153983 0.00373102 -0.0239467 -0.00869944 0.00502288 0.0402793 -0.0218684 -0.00492116 0.0248082 0.00700818 -0.0406423 -0.0156503 -0.013733 -0.00497001 0.00698989 0.021591 -0.0278901 0.000665572 0.0168712 -0.0210475 0.0318485 -0.011158 0.0155448 -0.0308348 -6.40169e-05 0.0446 -0.024959 0.0342909 0.0142865 -0.0159338 0.0293737 0.00385868 -0.0195342 -0.0105427 0.0249017 -0.0482784 -0.0333307 0.00700412 0.0090112 0.0197683 -0.000561596 0.00809801 0.00257553 -0.00443366 -0.0196484 0.0127982 0.0199543 -0.0160447 0.0202314 0.0256012 -0.016196 -0.00254585 -0.0152283 -0.0234588 0.0147542 -0.00405117 0.00353012 -0.0111785 -0.0161881 0.0218751 -0.0123795 -0.0304357 0.00470416 -0.0098896 
-0.00303917 0.00198501 0.0117855 0.0180453 -0.0320193 0.0155034 0.0141149 0.00504424 -0.00767969 0.017323 -0.0168634 0.0323186 -0.0138732 -0.0205421 -0.0128763 0.0106496 0.0193048 -0.00216152 0.0353011 0.00413944 -0.00950897 -0.021278 0.0100596 0.0135114 -0.013662 -0.00989709 -0.0256995 -0.00644038 0.0165151 -0.00733978 0.00357673 -0.0241975 0.0165016 0.00374204 -0.0245102 0.0197194 0.0182526 0.00535273 0.0221937 0.0254586 -0.00606035 0.0254036 -0.00698951 -0.0294264 0.00189736 -0.00366776 -0.0238351 0.0106579 0.0142787 0.0261744 -0.00343138 0.0143487 -0.0137527 -0.00789951 0.0404324 0.0130948 0.00629998 -0.00133797 0.0323077 -0.00104862 0.0266827 0.00556945 -0.0251029 0.00931505 
0.0295521 0.00861798 0.0112095 0.0199605 0.0208858 -0.0465615 0.00611972 0.0238501 -0.00853278 0.0254388 0.0229773 0.00286642 -0.00392605 -0.0314192 -0.0202051 0.000728365 -7.08882e-05 -0.0147568 -0.0379356 0.00720465 -0.00665997 -0.00546715 0.0122645 -0.00352949 -0.0151659 -0.0257001 -0.0278735 -0.00273466 -0.00263305 -0.0305714 -0.00918408 -0.0223826 0.0126474 -0.0207159 0.0110479 0.0109111 0.0112258 -0.00982775 -0.010961 0.027153 -0.00986583 -0.0155793 -0.00121566 -0.0115969 -0.0159687 -0.0186964 0.00285119 0.00357911 -0.0123568 -0.0384159 -0.0186231 -0.0129525 -0.00114528 -0.0146096 0.0321792 -0.00614982 0.0163105 0.00433469 0.0134569 -0.00874437 -0.0327733 0.0136784 -0.0401099 -0.00213868 
9.10658e-05 0.00635384 0.019005 0.0109443 0.0166335 -0.0133455 -0.0188011 -0.0803411 -0.00351718 -0.0115249 0.0156402 0.0144824 0.0247372 0.0237824 0.0224513 0.00408654 0.00886357 0.00431397 0.0165072 -0.00419087 0.0309028 -0.000808951 0.012929 -0.00427421 -0.0122804 -0.0163028 0.00674543 0.00948101 -0.000642909 0.00540013 0.0153947 0.015651 0.0204804 0.0197877 -0.00109931 -0.0177765 -0.00726466 -0.0146028 0.0260499 -0.0297964 0.00172637 0.00271676 0.0270198 -0.00820462 -0.0141606 0.00194892 -0.0135115 0.00533256 -0.007533 0.00551187 0.0153519 0.0264245 -0.0134193 -0.0248109 -0.0222279 -0.0537206 0.00850465 -0.0344269 -0.000467223 0.00662799 0.0190193 0.0367324 0.00245894 -0.0341114 
-0.00624753 0.0088085 -0.00542604 0.00667191 0.0027513 -0.0030786 -0.0366347 0.0411968 0.0106373 -0.0202661 0.00335845 -0.028353 0.0123077 0.0198007 0.0218027 -0.00999829 0.0256106 -0.0032797 -0.00642209 -0.014814 0.0194846 -0.0315204 -0.0123987 0.0126009 -0.0122755 -0.00724468 0.00579705 -0.00903332 -0.0331288 0.0157117 -0.0332643 -0.00465679 -0.0148176 0.0486113 0.0282587 -0.00566541 -0.0159302 -0.00293723 -0.000501556 -0.0315552 0.0368026 0.0056084 0.0263853 -0.074742 0.00094726 -0.00671479 -0.014036 0.0310356 0.00953579 -0.00882957 0.000197078 0.0147295 -0.0175307 -0.0119729 -0.0103123 -0.0104019 0.0193865 -0.0137407 0.0282701 -0.0183419 -0.00132473 0.0133118 -0.0108235 -0.00204117 
-0.000199593 0.0134908 -0.0267358 0.0210262 -0.0184507 0.00272111 0.0256442 0.00205303 -0.00176935 -0.0203585 -0.0245829 0.00879224 -0.0123434 0.0265751 -0.00527525 0.0176504 0.0332736 -0.0471929 0.00990023 0.0201685 0.0433507 -0.023142 0.0111845 -0.0304055 0.000388941 0.0133812 0.0449783 -0.0216101 -0.00856834 0.0306644 -0.00218132 0.0284453 -0.00993453 0.00063548 0.00436463 0.0162607 0.0340055 0.00869655 -0.00327151 0.00200098 0.0292298 0.0187561 0.0050807 0.00170434 -0.00743224 0.0216204 0.0117204 -0.0107081 -0.0540876 0.0302773 -0.0239725 -0.0107795 -0.0199454 0.00788808 0.002424 0.0232917 0.0429213 0.0158529 -0.0111791 0.00600928 0.0336827 0.0335723 -0.0184417 -0.0110217 
-0.0247229 -0.00761789 0.0372976 0.00657421 -0.0439014 0.00476843 -0.00103521 -0.0166023 0.0445253 -0.00941975 0.000714749 0.00252976 0.00929709 0.00581878 0.00641793 0.00913513 -0.0224298 -0.0225711 0.0133138 0.013691 -0.00817417 -0.00114612 0.0252289 -0.0141523 0.0215269 -0.0133302 -0.00492077 0.0176296 -0.00558777 0.0120275 0.0196889 0.00657249 -0.00414442 0.00268889 0.000753621 0.00883302 0.0253032 -0.022047 -0.0253654 0.0130267 0.0163 -0.00599295 0.025651 0.0383677 0.0060378 0.00106918 -0.00866847 0.0346837 -0.0235908 0.0211956 -0.0418902 0.0120656 0.000508874 -0.00303407 0.0124013 -0.000250487 0.00788808 -0.00229157 0.00122256 -0.0115783 0.00254956 0.0304974 -0.0187492 -0.00850892 
-0.0294927 0.0377827 0.00595672 0.00812477 -0.0166727 0.0403256 -0.0197521 0.0298922 0.0138659 -0.0103165 -0.0088952 0.0103257 0.0041754 -0.000871023 -0.0327359 0.00719404 -0.0341016 -0.0347875 -0.0335828 0.00199459 0.0137306 0.0101889 -0.00588514 0.0106136 -0.00150929 0.0294536 -0.0157507 -0.0294664 -0.0154068 -0.0283864 -0.0256208 -0.0282665 -0.0183671 -0.00272043 0.0161207 0.0119798 0.006923 -0.0231758 -0.0105003 0.0204537 0.018495 0.0145828 0.000714415 0.0394112 0.0229254 0.0162385 0.00451197 -0.0141822 0.0210725 -0.0287266 -0.0237009 0.00668788 0.0364938 -0.0240728 -0.00727046 0.0122528 -0.00797612 -0.050073 0.00423177 0.0163447 -0.0231467 0.0102806 -0.000793519 -0.041658 
0.0172892 0.0050819 -0.00546571 9.16584e-06 0.0112889 0.000874787 -0.00942397 -0.0235086 0.00293894 0.0102416 0.0227196 -0.0150416 -0.00125102 -0.0049524 -0.0276286 0.0406263 -0.0122524 0.0341135 -0.0182218 -0.0147928 -0.0266838 0.0037489 0.00438226 -0.00144657 0.0199088 0.00933952 -0.0375082 0.0205238 -0.038208 0.0103494 -0.00373002 0.0031723 -0.020225 -0.00274569 0.00437404 0.0123483 -0.00412643 0.00364594 -1.37017e-05 -0.0419622 0.00802209 0.0387613 -0.0214485 -0.0265169 -0.0395875 -0.0276277 -0.0159759 -0.0071321 0.0270562 0.0158122 0.0123982 -0.0445033 0.0200081 -0.0218916 -0.00299254 -0.0145492 -0.0255404 0.00991874 0.0112434 -0.0270639 0.0567966 -0.00339087 -0.0239727 0.009385 
-0.00181695 0.0392326 -0.0284723 0.0256182 -0.00250976 -0.00317448 0.0308454 0.0144304 -0.00328611 -0.000219946 0.00060865 -0.0145017 0.0160949 -0.00115047 0.0147219 -0.0122238 -0.000745157 0.0347538 0.016816 0.00126414 0.0231882 -0.00575598 -0.00302623 -0.0138992 0.0109473 -0.0111973 0.00890519 0.0121998 -0.0283285 -0.0011735 -0.000630099 -0.0158972 0.000448077 0.0266917 0.000191072 -0.0128499 0.00156327 -0.0340022 0.0243945 -0.00167434 -0.0046796 0.0181787 -0.00623596 -0.019552 0.013422 0.00741662 0.0285935 0.03195 0.00604646 -0.00339258 -0.0043239 0.0221189 3.01781e-05 -0.0111275 0.0084189 0.00201043 0.0255416 0.0143399 -0.0352934 0.0121283 0.00381416 0.00889797 -0.0049882 0.00739398 
0.0109102 -0.0293734 0.00523348 -0.0166522 0.00842458 -0.00301708 -0.00464918 0.0137103 -0.0105843 0.0381833 0.0317465 -0.0315513 -0.0232309 -0.0376885 0.0031454 -0.0197745 -0.0109317 0.00891059 -0.021159 0.000621192 -0.00311708 0.00439552 -0.00939636 0.00963622 -0.013882 -0.0252633 -0.0118619 -0.00459008 0.00861878 0.0181347 -0.017 -0.0233527 -0.00504473 0.0302824 0.0147124 -0.0142684 0.000446096 -0.014033 -0.0421994 0.0338775 0.0329736 0.0233299 0.00609036 -0.0114085 -0.0315906 0.00534458 0.0134004 0.00555238 0.031207 0.0170707 -0.0533448 -0.0048324 -0.0105719 0.0280569 -0.013127 0.00670879 -1.19387e-05 0.0018211 0.0209294 0.0132635 0.000413212 -0.0161097 0.0296115 -0.0175912 
0.00333254 -0.0134224 -0.00204248 0.011266 -0.00290072 0.00160524 0.00510083 0.00969047 -0.000406557 0.0126174 -0.0141689 0.00549089 0.000860571 -0.00996044 0.0199593 -0.00556764 0.0293594 0.0194976 -0.00946782 -0.00521058 -0.00166264 0.016031 0.0100704 -0.0118802 -0.00422383 0.0104989 0.0162674 -0.00841367 -0.0126496 0.00237167 0.0502537 -0.00475326 0.0110972 0.0103182 0.00757038 -0.000502682 -0.00108946 -0.0553755 -0.048402 0.0257598 -0.0154211 -0.00466815 0.00192935 0.0173322 0.0169072 0.0103372 -0.00214608 0.000129431 -0.00289977 -0.0334151 0.00163699 0.00131127 -0.0404801 -0.0169091 0.00871206 0.00353307 -0.0138092 0.00835702 0.00100357 0.0243617 0.0176909 -0.0172882 -0.0282355 0.0302936 
0.0158777 0.00364159 -0.00106412 0.0249213 0.00808872 -0.0141592 0.0185942 0.00880487 -0.00603198 0.0172095 0.0137635 -0.0105036 0.0164856 0.00990516 0.0020113 1.80489e-05 -0.00410475 0.026615 -0.010342 -0.000922652 -0.0070801 0.000307898 0.0267465 -0.0273982 0.061169 -0.00346993 -0.0166437 -0.00335401 -0.0168711 -0.036868 0.0153978 -0.00240734 -0.0162133 -0.00329749 -0.0162551 0.022785 -0.0166597 0.0226836 0.0305725 -0.00364477 0.0116299 -0.00553473 0.00291427 0.0283537 0.00180756 0.0357996 -0.0356422 0.00337386 0.00699392 -0.00334203 0.0192231 0.0269988 0.0223931 0.0262055 0.0143415 -0.0401265 0.0212248 -0.00632804 0.00616219 -0.00658497 0.0266958 -0.0373554 0.00761273 -0.0058009 
0.0324618 -0.000145525 0.000657615 0.00197605 -0.0283379 0.0244509 -0.0212703 0.00378288 -0.0214883 -0.00700025 -0.00320779 0.0140224 -0.0151804 -0.0110805 0.052934 -0.0470936 0.0152897 -0.010146 0.0135951 -0.0256339 0.0379134 0.00979284 -0.0485199 -0.0114707 0.00868255 0.0231435 -0.0129782 0.00470337 -0.0246235 0.00201155 -0.0300619 -0.0129908 0.0154732 0.011537 0.00254845 0.0125558 0.0467265 0.00326058 0.00701016 -0.00773209 0.000195785 -0.00316959 0.00992731 -0.0109055 0.0483921 0.0297535 -0.00254338 -0.0262801 -0.00332916 0.00862231 -0.00642885 -0.0146035 0.00204674 -0.00086943 0.00693024 -0.0203008 -0.00905116 0.00152892 -0.0188923 -0.0124143 0.00281652 0.00514122 -0.024971 0.0239335 
-0.00886592 0.00755818 -0.0219039 0.00896048 0.00382313 -0.0181169 0.00813747 -0.0232973 0.0421012 0.0324354 -0.000124041 0.00787349 -0.00451622 0.0271302 -0.00758118 -0.0029403 0.00542502 0.0137083 -0.0116165 0.0405298 0.0302415 0.0146063 0.00674708 -0.0511505 -0.0169105 -0.0207771 -0.0137652 0.0228568 -0.0210465 -0.00520274 0.018165 -0.000770661 -0.0158019 -0.0205225 0.0282685 0.015851 0.0187081 -0.0158054 0.0177778 0.0254103 -0.0141451 -0.010828 0.00250878 -0.013557 -0.00808119 0.00260713 0.0266507 0.0414127 0.0185916 -0.000264283 -0.0101694 0.0135712 -0.00533221 0.00426632 0.0222147 -0.0270947 -0.0469748 0.00950503 -0.0484898 0.035044 0.0178924 -0.0223945 -0.0536444 -0.0144693 
0.0217284 -0.016642 -0.0103255 0.0282258 0.0182219 0.00802878 0.00548846 -0.0372261 -0.019117 -0.00270553 -0.0169115 0.0223306 -0.00298779 0.0181513 0.0134197 -0.0365359 0.0288478 -0.00335977 0.0123435 0.0127065 -0.00389162 0.0124099 0.0259907 0.0035234 -0.0337334 -0.0314728 -0.00966763 0.00444211 0.00074301 0.00852634 -0.0116055 0.00457183 -0.00394489 0.0192531 0.00536929 -0.00594313 0.0020163 -0.0213429 -0.0165293 0.0123897 -0.0307003 -0.0106696 -0.00636666 0.0182101 0.00208166 0.0154771 0.0089606 -0.00389921 0.00608843 0.0236435 0.04522 -0.0257414 -0.00155946 -0.0335798 -0.00829746 -0.0107112 0.00232494 -0.00232819 -0.00332648 0.0143398 0.0420239 -0.0158753 0.0519798 0.00687894 
-0.00246635 0.0158608 0.0546381 0.0145313 0.00733564 -0.0142514 0.00667523 0.00121638 -0.00405217 -0.0404106 -0.0310019 -0.0269606 -0.0240938 -0.0601954 0.0173819 -0.00679234 0.0115217 0.0161636 -0.0281218 -0.00816666 0.00505471 0.0175581 -0.0238088 -0.0214427 0.00803317 0.00831123 -0.0424076 0.015855 0.0161273 0.00434513 -0.0603524 0.0397526 0.0327649 -0.0375062 0.0170695 0.03215 -0.0206964 0.0115247 -0.00689091 0.00838636 0.00468898 -0.0247526 0.00916349 -0.00744155 -0.00377893 -0.0180042 -0.0107603 -0.020546 0.0199463 -0.00189696 -0.00634177 0.0417462 -0.00533061 -0.00968082 0.0171825 0.0195637 0.0130715 -0.00383713 6.87727e-05 -0.0104899 -0.00461451 0.00585141 -0.014592 -0.00078439 
-0.0237807 -0.000265899 0.019327 -0.00806837 0.0273771 -0.0528315 0.00261437 0.00241286 0.00844207 0.0123495 -0.0498831 -0.000308102 -0.000613451 0.00931434 -0.0107116 -0.0348676 -0.0398315 0.0169247 0.0107028 -0.00959015 -0.01168 0.00610119 0.0145759 -0.0175557 0.0413185 0.00892669 0.0333953 -0.000308464 0.0012444 0.0365002 0.0410348 -0.00806171 0.00947868 -0.0171018 -0.0192654 0.0176296 -0.0107444 -0.0166488 0.00354231 0.0135181 -0.00459934 -0.0140015 0.0500465 0.00838966 0.0177386 0.0236152 0.00257505 0.00433647 -0.00121013 -0.00486333 0.00645268 -0.0264796 -0.00116474 0.0191023 -0.00665778 -0.00807276 -0.0151473 -0.0215286 -0.00557126 -0.0145148 -0.0158268 -0.0186272 0.000670072 -0.00262835 
-0.00576482 0.00912418 0.00236593 -0.0466015 0.0408819 0.0428759 0.024896 -0.0235733 -0.0251193 -0.00859577 0.0329688 -0.0154748 0.038327 -0.00266495 -0.00661849 -0.00545476 0.00862406 -0.00099418 0.004108 -0.00679153 -0.00604323 -0.0349829 0.0260357 -0.0268119 0.0161569 -0.0155936 0.0140723 0.0317488 0.0132181 0.00827707 0.00166869 -0.00542732 0.0177822 0.030667 0.00784278 -0.00692181 -0.00762066 -0.0203999 -0.016696 -0.0239715 -0.0140413 0.00509378 -0.00188016 0.0176957 0.0178121 0.00674934 -0.00415593 0.00120166 -0.016283 0.037887 -0.00206053 -0.0314055 0.00219455 0.00613328 0.0260265 0.0182487 -0.00650805 -0.031927 -0.066402 0.0154997 -0.0128415 0.0121281 0.00652195 0.00144066 
0.0215434 0.0153186 0.0267055 -0.0242499 0.0259544 -0.0012134 0.0207074 0.00404694 -0.0114029 -0.00803782 -0.0221171 -0.00347657 -0.0394353 -0.00224898 -0.0166087 -0.0125033 0.00960264 -0.0167334 0.0259333 -0.0119194 -0.0239703 -0.0264824 -0.0100043 -0.0363657 0.0155088 -0.00716248 0.021667 -0.0188259 0.0203173 -0.0556617 0.00207905 -0.00380651 -0.0338884 -0.0226316 -0.00997855 -0.0308895 -0.0379125 0.0134151 0.00483478 -0.00269683 -0.013076 0.00457586 -0.00686805 -0.0185882 0.00325274 -0.0244127 0.0131334 -0.0147525 0.000306295 -0.0115754 0.0076596 0.0182825 -0.0256993 0.0133356 -0.0388931 -0.0189912 -0.00278164 -0.0162494 0.000133275 0.00494683 -0.00629523 -0.00193089 -0.00100746 0.00160144 
-0.00891265 0.0391433 -0.00477102 -0.0245232 0.0052143 -0.0117476 0.00848066 0.0407732 -0.00882133 0.0210304 -0.0107834 -0.0201258 0.00359269 -0.00786968 0.015448 0.00170821 0.02168 -0.0044743 0.0347402 -0.0153108 0.0188803 -0.00924403 -0.0339543 0.0162762 -0.0120232 -0.00630696 0.0117054 0.0169485 0.00799457 0.0130701 -0.0192739 -0.0300369 -0.00839554 0.0374672 -0.0203804 0.00463636 -0.0125016 -0.0102694 0.0375228 -0.0314004 0.00244313 -0.00610272 -0.014495 -0.00754639 -0.00269852 -0.0069274 -0.016395 0.00150833 -0.0150112 -0.0292793 0.0190836 0.0100559 0.012284 -0.0179915 0.0084246 -0.000373962 0.000225811 -0.0122998 0.00786378 -0.0125843 -0.00914442 0.000789345 -0.0108709 -0.00671484 
0.00726062 -0.00826549 0.00521691 0.00429319 -0.00769564 0.000116755 0.032052 -0.0105458 -0.0179295 -0.00823209 -0.0151443 -0.0294322 -0.00310698 -0.0228244 -0.00517502 0.00480054 0.0163437 -0.0142043 0.0171051 0.00979545 0.0266283 0.00419123 -0.0109798 -0.00186762 0.00372809 0.025807 0.0357578 0.0170627 0.0193399 0.00552205 0.0015567 -0.00621106 0.0436522 0.0309124 0.0158693 -0.0340224 0.00167979 -0.0330181 -0.00704226 0.0204759 -0.00369302 -0.0101226 0.0433271 0.0166526 -0.0142279 -0.0123181 -0.00603186 0.0143776 0.00222083 0.0186927 -0.0163811 -0.0339864 -0.0287466 0.010235 0.0192324 0.00615983 0.0282849 -0.00640787 -0.027782 0.0112566 -0.02289 0.0130826 0.01129 0.0135425 
0.0362713 -0.00417268 -0.00278659 -0.00572544 -0.00929217 0.0118832 -0.00575334 -0.0145097 -0.0256814 0.0202194 0.0140839 0.0235236 0.0014283 0.00515379 0.00375245 -0.020777 0.0241448 0.0230513 -0.00263543 0.0201564 0.00294391 -0.0164461 -0.038025 0.0169778 -0.02117 -0.0187859 0.00119446 0.0183458 0.0237456 0.0033362 -0.0242057 0.00152211 -0.00238941 0.00739219 0.0205475 0.00863071 0.0158427 -0.0140604 -0.0128629 0.0057768 -0.00558834 -0.00199678 -0.0324429 0.0155174 0.0236493 0.0162759 -0.00798563 0.0380312 0.0113146 0.043802 0.0343532 -0.0314889 -0.0033606 -0.0202675 0.00976307 0.0020251 -0.00958186 -0.00116315 -0.00082862 0.00571228 0.0161747 -0.0160062 0.00892914 0.00870485 
0.00104354 0.0292361 -0.0333649 0.00667954 4.53691e-05 0.0269899 -0.0117653 0.0111105 0.00976608 -0.0209515 0.0359156 0.0118008 0.000504543 0.012345 0.0190243 -0.0329629 0.0290283 0.0111458 -0.0413033 -0.00867527 0.00887793 -0.0249301 -0.0160821 0.0219722 -0.00827539 0.0130817 -0.0135874 -0.00581554 0.0392579 0.0173327 -0.00135953 -0.0648805 0.00795302 0.00506963 -0.0118258 -0.00333212 0.00453355 -0.0111884 0.0070472 -0.00928672 0.000476821 -0.0116952 0.0152755 -0.00828736 0.0436761 -0.0334036 0.0425034 -0.0179543 -0.00854379 -0.00192702 -0.0282211 -0.00407582 -0.0347508 -0.0055235 -0.0148084 -0.00917814 0.0169734 0.0126451 0.00835413 -0.00797652 0.0300604 -0.0114036 -0.000818476 -0.00221541 
-0.0261184 0.0208665 0.00218809 0.0278625 -0.014787 -0.0176471 0.0053758 0.0105433 -0.00877219 -0.00515653 0.0209986 0.0119227 -0.0143223 -0.010541 0.00647754 0.0202692 0.0046298 0.00978557 -0.0144345 0.00677195 0.0260412 0.0136955 0.0263806 -0.00738243 0.0059769 0.0274727 0.0164015 -0.00675465 -0.00649648 0.0254642 -0.025188 0.000653033 -0.0366657 -0.0297592 0.00542798 -0.0155245 -0.0125475 -0.0102483 0.0229502 0.00193522 0.0166613 0.00832459 -0.025453 -0.00967147 0.0479278 -0.0173471 0.0302478 0.0170859 -0.0225349 0.00332555 0.00112313 -0.0173764 -0.00169575 -0.0133277 -0.0308307 0.00241389 -0.0020911 -0.0182764 -0.0220292 0.0247156 0.00373242 0.0176694 -0.0106534 -0.0145916 
