980.098
980.092
980.09
980.067
980.039
979.956
979.729
971.764
826.159
768.969
767.01
802.073
735.809
745.822
713.071
684.711
683.243
742.029
744.64
747.23
754.331
762.27
657.379
695.885
773.419
743.779
756.109
702.348
650.924
745.55
721.706
744.747
759.551
773.605
712.023
711.988
721.342
783.587
662.979
728.469
711.542
684.641
727.716
742.252
743.743
613.701
712.957
743.054
686.088
791.42
598.618
757.241
743.434
734.671
666.599
744.217
718.497
735.472
704.605
750.945
690.126
699.71
625.429
674.873
705.247
707.887
582.012
691.32
763.281
737.251
683.768
659.961
679.268
769.938
709.795
707.41
675.726
722.899
617.642
649.06
689.417
788.578
731.523
622.664
694.038
691.091
643.684
640.315
679.66
623.088
734.069
673.127
608.703
759.056
611.985
696.047
690.852
730.793
702.859
868.308
629.501
695.994
670.421
683.034
629.644
666.026
655.608
632.969
669.826
624.037
766.59
712.991
688.916
666.838
659.88
650.6
631.162
683.776
666.355
614.633
642.514
601.251
720.449
703.88
641.839
635.005
569.966
708.105
718.624
688.328
587.902
604.583
670.564
688.627
656.097
714.946
602.774
649.297
527.969
604.393
647.37
677.803
648.079
676.238
559.594
599.643
638.314
627.497
675.747
632.342
700.483
659.858
621.442
543.343
640.432
597.659
676.95
584.45
579.845
688.513
702.161
650.378
600.36
586.663
593.915
619.197
630.985
580.996
589.807
614.919
597.914
644.729
596.978
673.142
637.338
625.318
641.588
686.69
640.442
701.007
603.948
678.901
585.566
638.613
632.261
593.142
604.137
616.687
612.754
645.594
626.231
726.293
563.298
607.927
684.958
683.18
558.887
663.868
692.408
657.536
629.932
608.36
670.282
681.491
623.091
518.208
665.056
568.851
606.686
600.251
641.3
587.696
650.615
705.496
600.738
550.573
625.154
544.652
605.058
746.062
704.511
698.981
579.754
636.699
607.109
573.475
571.103
537.428
539.483
576.304
533.05
644.183
569.698
590.211
596.719
654.972
578.04
469.299
675.725
615.81
621.519
616.182
572.328
636.985
519.218
566.185
597.569
653.603
578.724
542.847
536.14
537.344
676.255
577.189
572.201
483.399
550.978
552.131
537.732
574.623
513.099
583.013
564.686
596.888
664.677
668.077
549.953
601.739
665.616
485.556
516.237
688.52
514.363
563.122
613.281
604.393
441.087
572.133
625.292
479.876
450.803
459
535.018
636.421
596.753
645.645
567.16
569.816
534.373
521.415
512.988
606.829
534.341
506.173
659.93
654.592
644.243
533.095
624.76
556.447
670.978
506.224
630.665
556.554
585.354
663.042
558.969
673.278
540.425
474.077
562.12
443.417
579.46
623.279
552.836
469.707
556.969
551.163
495.921
566.603
519.539
548.738
546.379
563.097
502.917
563.347
608.877
482.263
583.827
614.605
512.382
617.694
601.86
467.322
547.619
582.371
595.938
527.484
452.907
501.567
466.178
550.35
578.937
562.884
463.31
528.01
574.793
444.133
582.67
482.556
503.678
508.413
515.808
496.737
591.07
542.243
546.559
536.564
546.134
658.136
458.042
534.72
548.706
500.582
575.174
537.224
572.36
554.519
469.182
612.088
582.347
456.4
472.811
645.911
489.03
448.966
520.007
576.686
505.51
475.34
501.035
549.158
569.445
511.394
419.209
521.719
549.588
502.136
606.989
528.356
576.961
580.578
494.611
534.346
599.518
480.967
583.366
463.768
550.754
623.26
481.015
576.019
496.638
541.409
571.027
452.075
525.426
572.805
542.411
643.923
500.975
560.163
468.628
487.596
545.528
485.144
581.662
546.335
484.471
491.463
552.597
521.504
471.77
480.883
486.188
486.288
515.547
501.534
668.516
511.06
590.046
507.212
539.827
583.547
456.623
599.191
511.264
607.932
551.884
481.593
604.233
552.649
448.388
613.706
551.302
543.504
527.46
501.346
475.564
529.379
557.1
609.424
464.547
527.719
483.35
535.735
475.854
536.769
532.601
536.375
509.218
549.73
469.667
514.192
468.459
463.246
536.551
502.93
507.802
503.146
429.215
572.97
520.509
488.42
522.646
603.449
539.173
514.295
515.501
493.32
489.914
502.597
415.891
516.643
500.559
510.244
495.126
529.659
607.761
713.118
486.267
473.894
597.291
577.735
563.392
487.671
456.123
485.273
431.093
464.257
508.327
509.508
424.163
524.763
487.064
512.544
621.289
498.968
553.466
589.865
464.787
521.725
488.052
510.871
507.961
551.13
450.116
510.666
561.36
527.913
515.357
486.82
524.483
459.227
550.977
506.977
539.108
507.526
562.599
616.9
510.713
496.542
610.434
470.176
462.013
486.706
449.324
525.785
501.175
578.426
460.201
489.395
502.934
507.632
461.07
446.116
510.948
519.635
533.982
502.637
486.578
501.92
471.499
480.442
447.71
433.991
505.583
567.099
502.736
520.551
517.656
505.907
590.738
459.283
493.421
449.443
402.845
570.259
414.339
601.407
478.789
594.556
492.269
499.598
498.22
538.639
514.873
511.799
524.789
515.436
587.43
499.004
584.351
521.553
425.646
531.975
525.873
528.383
368.712
485.445
440.431
447.349
488.124
525.723
574.138
578.116
457.133
547.915
524.68
452.634
533.673
381.248
487.132
487.361
485.322
558.224
504.233
516.469
575.02
471.447
425.541
574.342
429.438
509.905
440.779
495.649
499.057
513.059
473.076
505.911
567.39
493.794
475.725
567.756
447.25
512.331
526.471
481.951
468.386
531.259
545.86
482.033
480.275
536.889
522.674
481.01
475.302
503.732
605.198
506.471
596.332
463.916
436.051
487.69
429.601
470.495
555.566
524.254
505.951
439.492
489.943
559.602
439.427
510.26
458.354
458.273
466.216
412.874
518.293
522.888
580.133
453.899
587.715
467.075
493.206
494.145
461.841
506.492
419.97
468.468
417.032
484.638
498.027
491.171
484.974
448.614
554.831
502.925
463.267
452.341
471.902
572.417
622.091
559.704
556.09
535.85
563.635
516.963
485.664
532.708
458.639
410.731
568.379
478.592
478.94
567.422
452.898
484.653
548.601
510.564
514.221
476.824
481.822
422.021
457.64
525.158
529.991
429.872
422.05
533.845
471.821
578.515
554.196
496.022
576.655
530.222
440.557
503.613
530.898
483.295
495.283
484.006
561.864
401.846
426.453
463.929
414.857
482.73
472.311
616.715
490.097
550.442
535.964
552.232
488.295
521.543
486.836
522.97
488.884
514.574
492.935
463.746
482.858
501.12
570.754
466.231
460.527
480.95
436.636
509.205
477.939
421.925
517.964
453.991
521.538
557.678
479.48
481.714
505.971
436.653
543.676
569.895
482.174
488.266
575.98
541.704
433.608
405.203
467.17
488.602
512.593
468.438
547.825
512.637
478.707
440.119
457.259
435.263
461.668
498.786
557.177
530.818
478.131
594.397
490.506
513.468
478.633
469.481
548.438
484.258
523.825
515.855
481.065
554.93
457.858
481.606
537.032
470.168
483.164
482.681
574.341
495.621
502.412
526.127
441.971
486.924
486.438
454.307
416.98
547.644
490.599
530.159
467.559
533.505
560.619
432.289
494.11
457.679
581.439
539.785
442.452
406.985
468.898
499.375
523.367
536.717
442.844
609.139
503.913
450.435
441.236
506.319
395.688
555.686
446.234
529.51
485.616
511.536
409.573
605.017
422.349
512.848
416.452
461.536
534.201
531.023
538.528
539.565
540.715
467.358
540.291
513.205
426.844
432.59
477.214
526.602
532.188
578.235
462.433
444.352
552.329
452.538
431.106
489.13
531.149
488.272
467.825
532.658
544.353
438.044
496.238
440.027
464.29
450.376
538.353
502.766
525.48
510.831
446.071
484.719
439.39
484.911
615.721
513.314
429.021
428.128
472.533
508.973
504.725
479.008
433.013
492.22
473.01
554.882
480.4
495.583
426.5
481.798
455.351
454.04
495.183
499.489
416.84
533.838
427.298
459.988
425.228
431.896
569.64
461.28
526.502
638.029
429.482
533.333
502.216
595.964
518.755
473.213
474.868
476.998
497.565
584.483
497.973
535.203
516.344
546.319
408.009
565.109
451.015
472.214
544.004
485.167
449.794
438.745
505.01
488.012
403.407
510.193
545.612
532.926
528.144
446.106
483.662
434.457
390.11
508.401
529.881
458.418
521.992
519.992
489.354
506.942
483.995
477.236
510.396
492.802
492.979
511.338
475.658
486.153
527.957
475.386
449.791
540.722
454.494
496.514
413.485
560.268
462.862
501.306
487.286
540.866
421.494
393.917
447.494
568.233
483.281
480.34
446.821
492.466
471.056
424.981
459.262
486.877
466.628
407.923
534.412
477.143
442.048
591.369
454.466
466.89
464.456
420.838
486.43
475.463
475.646
485.006
538.861
504.075
482.685
502.953
449.497
484.351
430.256
510.433
525.35
463.408
558.063
456.752
443.16
514.1
472.325
483.536
464.937
518.634
483.933
475.189
436.141
509.257
581.188
589.668
426.755
409.305
469.207
468.603
456.922
496.68
423.072
413.771
484.645
494.403
495.646
470.174
436.465
495.935
447.676
486.851
496.789
440.394
492.58
456.682
447.026
489.986
452.91
479.762
439.655
478.887
514.816
517.53
408.06
368.313
484.435
410.895
426.684
458.854
487.713
444.571
498.101
451.682
427.122
510.779
469.075
651.129
421.501
590.111
440.472
525.537
511.157
496.579
546.922
461.816
486.742
419.85
585.227
356.441
459.209
451.222
488.99
436.208
493.685
453.255
486.215
614.997
433.914
526.222
514.877
393.846
482.772
518.176
449.94
556.054
528.073
470.082
466.226
514.315
418.533
437.343
509.014
480.263
467.798
462.609
491.698
442.776
459.532
489.431
465.499
377.147
423.471
472.503
460.04
489.519
426.541
461.807
464.635
535.493
477.12
330.75
445.467
464.8
495.837
508.785
453.997
453.848
487.629
457.717
481.017
496.819
466.173
530.032
422.031
492.336
398.808
416.77
518.282
520.529
470.276
515.114
482.804
517.408
491.968
501.421
598.255
428.182
446.149
541.111
475.712
429.364
468.6
366.883
495.825
520.092
421.466
471.992
523.264
498.491
394.502
429.336
555.245
548.016
545.098
526.331
525.794
431.856
489.179
502.31
447.224
490.662
522.205
496.41
460.847
436.098
487.161
415.837
427.439
428.276
471.36
463.122
429.162
472.657
466.558
453.341
331.156
442.288
517.818
428.031
450.9
503.347
490.774
471.449
546.786
479.488
495.323
512.907
450.394
469.568
491.476
444.38
416.684
392.716
452.711
466.505
521.69
513.785
470.057
464.305
501.915
435.72
409.761
545.351
481.058
488.318
443.821
482.1
363.915
423.207
473.279
427.416
445.22
436.472
422.071
516.768
539.06
500.163
453.997
408.196
476.855
512.686
442.317
466.698
598.139
376.922
408.071
470.226
501.338
448.126
465.545
453.693
453.241
483.171
546.252
409.355
534.018
482.806
469.237
414.869
491.488
486.494
461.863
555.24
429.449
463.856
464.066
511.25
509.643
453.562
493.836
533.876
437.119
613.093
541.377
461.005
504.569
478.627
387.807
464.741
487.487
528.862
547.972
506.034
492.288
472.889
423.351
443.547
450.163
444.537
483.233
342.708
487.93
496.032
543.51
495.191
478.488
398.472
445.94
450.893
519.01
465.313
453.802
455.861
440.5
403.957
461.805
479.385
576.284
512.363
465.242
457.936
394.44
535.648
480.694
463.925
482.55
448.043
341.124
477.411
442.691
514.006
489.61
458.028
481.304
449.955
463.677
451.385
453.697
463
435.52
516.731
454.799
533.74
434.761
409.714
342.351
393.11
408.714
466.196
520.789
487.13
441.162
431.432
459.076
428.955
504.539
556.449
484.601
420.937
509.024
465.638
500.599
482.15
552.503
462.992
394.441
438.779
399.302
502.265
361.217
525.717
446.562
438.379
453.116
410.919
526.698
485.86
435.315
477.358
495.187
411.972
428.188
521.857
463.095
476.552
421.627
435.426
565.907
516.868
480.66
459.854
445.963
478.44
417.311
421.522
426.034
396.412
427.334
456.402
454.037
531.704
421.908
422.754
447.311
505.219
497.414
509.526
490.746
492.463
461.032
486.507
440.735
466.055
452.789
383.164
407.477
425.01
496.673
516.726
559.661
430.597
393.162
482.552
416.749
471.295
516.512
471.431
441.836
497.367
412.3
396.461
455.985
445.084
514.154
488.089
527.27
421.799
429.554
476.881
462.041
486.118
403.562
399.296
508.996
470.585
443.358
534.555
419.848
377.075
436.433
442.194
455.242
417.285
529.462
499.859
457.106
493.988
453.655
464.114
449.206
411.425
425.594
501.672
435.686
459.991
517.659
526.858
412.644
396.471
467.408
453.386
393.289
490.427
454.595
526.073
412.737
509.241
426.521
490.371
500.123
444.1
471.12
442.782
480.474
368.317
586.968
514.705
454.908
499.578
485.776
425.407
453.555
435.369
412.907
530.252
457.988
430.594
502.154
410.735
498.598
466.429
402.113
498.478
457.345
427.353
520.694
435.818
551.119
474.378
441.501
444.822
409.801
479.162
351.206
429.529
429.296
500.016
514.097
511.281
445.057
419.208
420.726
487.241
439.491
417.937
561.002
513.64
465.268
471.486
510.81
495.407
460.273
403.919
438.951
497.753
519.832
531.274
441.007
499.138
418.803
492.076
425.69
516.676
437.514
376.081
475.284
476.593
403.054
430.621
461.602
513.746
479.765
442.788
468.046
473.853
462.774
533.853
409.479
474.865
479.451
437.734
480.254
447.105
509.45
410.16
460.939
424.842
527.551
413.424
528.077
419.971
494.677
517.258
403.525
460.691
482.384
499.332
457.757
596.879
496.29
428.805
429.609
500.773
501.633
409.365
408.545
439.544
438.157
464.234
441.072
463.479
396.743
391.252
490.751
508.535
429.855
488.882
442.212
492.136
454.837
468.51
444.942
431.233
472.544
486.258
399.883
517.413
419.028
426.881
410.601
505.546
498.144
381.319
437.344
482.842
486.563
428.814
498.571
471.871
501.068
459.282
528.939
422.334
474.384
407.882
494.095
493.739
432.493
477.765
434.389
503.726
429.501
418.617
370.565
436.608
447.556
467.641
484.321
471.644
467.934
485.211
480.922
534.422
501.183
474.634
442.781
417.986
465.354
477.985
571.591
478.728
398.45
469.486
421.376
467.931
535.912
447.15
460.125
367.885
393.037
451.069
434.177
475.388
456.679
466.401
414.751
504.227
533.979
381.27
476.922
487.008
494.569
520.205
461.375
463.902
525.073
479.022
433.684
404.898
428.512
421.533
502.892
547.153
431.027
453.695
488.281
447.829
514.98
354.262
439.679
447.525
429.293
475.348
472.173
448.306
478.282
453.28
449.247
541.304
445.116
376.45
535.876
432.808
500.744
519.546
465.519
477.272
334.109
481.506
413.319
491.666
494.555
499.08
429.445
456.179
548.967
427.072
507.923
520.789
494.78
493.619
439.908
447.846
449.271
421.61
470.888
427.492
423.993
604.294
568.62
439.32
468.47
418.901
475.405
420.774
481.57
383.362
401.965
365.477
425.805
575.942
509.549
402.317
434.679
419.064
440.947
427.397
492.028
433.408
522.982
492.556
516.787
441.728
478.217
508.33
452.733
475.297
393.859
528.095
476.658
468.549
421.267
456.779
496.411
430.9
481.383
523.286
390.491
390.312
510.102
558.796
463.39
426.348
455.665
419.418
467.855
379.632
426.458
441.705
453.569
432.761
412.943
441.374
472.24
491.685
443.598
578.457
452.097
468.914
468.145
542.12
451.582
433.85
468.586
453.924
472.561
381.472
410.776
431.213
477.309
498.212
449.215
585.708
545.967
434.996
374.265
376.314
457.451
432.421
473.701
468.252
514.783
483.344
463.856
463.969
436.269
459.622
409.456
414.042
460.215
405.183
482.013
496.839
472.96
443.145
464.408
451.849
605.43
476.203
471.301
427.448
485.713
427.363
516.756
483.947
425.654
488.417
408.836
549.777
525.592
430.743
439.533
493.311
423.22
497.483
451.286
472.114
450.953
414.084
456.63
500.364
440.229
403.75
477.001
464.955
382.755
502.066
555.958
446.901
434.645
460.086
492.636
473.259
450.019
544.382
490.905
488.784
521.643
464.304
420.576
475.742
467.275
386.769
377.764
426.482
409.163
398.651
549.181
377.471
483.696
428.908
494.283
450.634
483.149
496.896
455.017
482.303
393.497
406.377
312.723
439.175
465.356
411.392
375.126
489.083
416.231
454.802
506.075
520.25
500.279
473.622
465.675
451.944
469.044
523.513
530.415
384.586
472.097
394.678
542.94
437.713
482.195
494.067
433.367
416.389
498.117
479.035
417.488
429.426
489.842
521.552
447.284
499.944
400.761
494.867
522.332
391.124
422.449
411.913
416.481
464.827
449.38
391.476
432.62
529.424
475.489
503.111
485.984
492.278
395.92
495.165
422.986
500.409
527.486
403.739
530.897
402.5
446.745
361.227
450.051
431.155
417.776
456.383
432.743
402.792
624.607
427.048
510.409
432.079
496.839
590.247
476.813
360.863
494.44
448.032
530.118
499.954
502.606
486.043
467.144
438.288
484.849
444.182
437.537
579.164
460.379
395.85
399.173
484.753
436.918
412.714
489.112
481.565
461.313
550.268
528.941
416.821
459.622
440.909
582.191
443.462
460.832
429.021
477.16
466.775
454.872
509.724
482.454
457.594
524.905
519.509
521.8
421.096
448.368
491.15
354.636
454.636
532.115
437.024
427.915
384.656
510.661
471.592
447.081
473.359
481.231
468.825
509.453
412.014
414.355
440.113
467.101
478.121
486.019
436.657
480.195
429.199
442.495
455.511
417.58
488.234
447.593
465.67
408.142
445.633
489.091
426.29
476.823
440.284
480.821
478.325
419.454
520.263
398.982
483.326
401.28
421.656
445.526
459.212
418.069
471.924
423.238
340.723
442.537
485.738
453.635
430.683
424.643
460.748
407.147
432.179
448.436
456.717
467.253
501.418
487.619
440.343
471.262
488.582
528.227
447.83
440.456
432.507
463.522
412.577
451.21
409.939
448.556
444.787
497.459
422.759
417.957
396.93
444.058
479.845
401.109
430.78
395.283
572.438
397.35
450.695
443.049
457.066
525.785
467.306
500.829
487.324
390.678
419.541
401.201
441.577
445.264
518.086
409.238
482.792
468.157
487.781
460.286
448.568
476.753
440.737
475.866
514.275
512.368
416.055
399.087
466.781
412.827
457.234
483.564
494.177
517.811
487.719
474.351
394.719
399.03
458.717
416.846
329.806
495.455
468.46
504.629
536.107
466.232
412.33
490.993
411.685
471.821
461.647
435.295
411.127
397.21
463.328
478.527
461.908
477.383
463.226
525.35
432.457
437.844
496.149
370.744
487.278
485.76
424.52
423.921
435.51
427.938
451.268
514.55
507.66
451.635
514.222
438.103
476.687
433.564
489.902
413.049
443.874
451.415
471.318
442.711
472.805
490.617
429.372
472.392
376.717
472.299
402.312
484.552
436.573
493.072
491.131
411.533
405.219
448.429
404.045
421.257
422.992
443.917
460.217
408.086
386.496
495.494
436.854
416.851
470.2
475.443
444.704
541.19
535.439
389.053
388.794
430.934
426.026
493.539
490.778
484.084
491.476
449.113
566.951
528.114
424.497
419.893
510.862
493.733
446.692
452.084
391.27
418.117
536.083
393.149
464.655
431.962
438.991
459.301
437.903
376.148
429.756
451.316
435.257
409.456
430.968
436.078
460.961
372.477
406.872
425.765
423.316
431.142
454.336
426.007
478.748
433.403
452.682
458.522
467.762
381.944
443.183
487.266
487.918
410.301
457.63
468.054
441.393
462.553
414.002
435.527
496.065
491.64
383.162
423.567
494.166
425.344
509.316
411.464
423.613
521.091
455.495
489.571
454.283
403.59
484.169
414.243
487.918
474.249
434.118
514.379
502.544
409.787
362.926
418.785
411.075
485.38
421.374
505.643
404.476
477.911
414.7
482.544
491.768
438.755
476.886
471.637
519.336
470.784
452.784
409.203
501.707
504.968
517.235
460.088
428.261
502.909
377.212
487.021
500.302
419.726
399.441
477.345
481.757
391.317
481.881
407.709
496.552
405.871
399.951
421.007
446.657
484.931
447.855
396.176
430.51
512.388
469.515
457.89
513.247
457.704
560.052
541.264
436.856
493.547
456.169
407.317
453.361
465.563
452.379
464.675
347.714
389.842
453.159
477.99
467.196
437.758
526.251
548.796
485.755
473.885
473.806
447.98
429.347
457.696
446.247
492.789
490.09
522.095
443.422
409.821
378.608
437.157
435.917
517.414
334.086
501.775
536.437
426.833
448.805
480.634
473.788
525.01
466.033
470.688
461.629
455.618
487.591
446.658
462.365
519.454
476.663
427.64
459.935
491.659
482.642
475.691
447.429
459.493
412.142
455.211
436.289
459.12
423.878
424.21
440.9
483.008
415.946
477.191
421.344
445.418
476.786
429.372
535.304
475.666
435.746
411.997
397.999
496.461
476.261
412.229
444.372
463.994
429.119
457.091
436.291
394.278
450.811
410.086
431.463
464.312
531.898
426.622
488.447
445.547
382.315
415.22
471.629
384.819
451.224
450.461
375.755
401.512
422.674
447.222
467.17
311.643
471.997
485.504
483.413
454.74
514.658
453.846
434.208
416.555
387.788
446.195
449.336
413.55
464.842
454.672
426.718
486.777
488.746
410.323
462.518
479.118
440.204
414.664
429.392
526.408
448.396
437.21
479.197
412.754
442.641
391.956
410.762
569.516
409.752
455.046
409.604
462.544
471.213
350.314
502.3
485.805
530.299
550.896
452.297
459.171
460.835
540.149
386.33
495.299
451.573
488.22
384.175
477.991
431.946
462.419
455.369
437.543
441.802
426.525
392.721
443.599
446.645
463.855
433.895
477.946
410.002
472.882
447.631
475.797
424.613
462.676
542.527
429.519
459.223
465.675
478.241
494.926
462.641
501.632
363.454
494.267
435.488
380.784
404.609
371.228
499.479
447.625
487.022
401.364
466.909
455.723
409.411
373.801
424.655
485.558
443.467
400.312
420.285
403.911
415.858
466.563
436.424
388.402
464.233
384.655
432.52
413.227
397.951
520.621
408.825
451.181
409.498
435.965
510.342
365.734
499.423
447.688
480.124
472.647
469.961
479.204
479.131
423.835
371.188
457.753
413.632
345.275
422.097
438.522
379.486
399.141
414.099
506.206
508.473
355.596
466.853
500.802
415.058
395.714
437.687
424.63
428.307
360.397
463.126
385.095
379.653
420.794
411.918
469.159
501.93
462.024
405.102
407.851
386.771
511.474
399.205
503.216
468.309
468.582
524.353
438.348
477.37
434.307
483.338
425.126
521.319
441.819
506.122
429.39
507.273
514.845
389.116
432.591
402.024
396.493
402.49
484.851
421.992
444.786
339.729
439.471
427.273
482.486
433.452
479.982
442.703
417.283
417.978
472.88
412.191
491.266
441.744
433.838
421.898
549.782
510.879
479.336
349.167
453.767
393.7
523.012
446.084
337.418
465.757
437.439
387.493
478.957
404.578
416.301
436.404
435.822
420.507
466.025
498.101
416.423
509.144
417.308
407.37
443.958
399.156
482.521
450.801
435.991
425.414
468.767
485.598
432.695
384.802
415.819
435.042
417.805
512.248
433.863
445.27
480.21
475.084
470.593
533.069
456.363
430.628
432.025
434.882
425.188
586.348
387.064
474.475
446.406
539.174
453.968
408.939
394.464
406.576
510.668
434.015
441.494
448.701
487.624
481.472
414.409
454.767
406.597
528.839
456.688
425.335
404.256
558.46
478.146
404.98
483.4
539.916
363.265
507.504
457.29
442.874
470.001
473.643
402.41
445.26
486.321
400.828
391.289
453.315
413.25
486.673
389.507
458.156
424.896
468.336
435.76
431.896
419.065
474.389
424.557
529.097
554.936
447.302
459.647
415.201
406.69
472.27
415.165
474.632
405.483
482.002
488.057
417.756
412.285
428.051
447.053
456.538
451.347
499.862
396.061
423.771
417.796
450.281
483.019
485.177
504.116
460.129
501.143
453.897
441.027
470.36
465.963
494.492
484.167
460.432
427.611
483.775
420.892
372.373
474.923
479.676
430.417
508.382
457.462
468.663
472.669
464.455
433.111
443.671
419.143
489.492
452.353
445.958
410.256
420.928
408.027
424.991
462.537
415
386.922
507.085
440.917
399.905
455.693
381.588
436.297
481.155
450.46
455.521
441.093
399.981
436.728
497.774
522.283
427.385
402.768
446.219
453.912
478.652
487.819
399.35
485.368
433.567
403.634
422.714
463.065
465.378
426.878
440.537
496.673
425.519
544.161
515.276
514.911
496.557
512.931
456.335
413.629
447.365
423.288
390.91
473.75
429.4
481.677
497.085
435.095
497.402
400.047
398.509
407.743
516.592
478.109
467.813
483.963
558.376
439.31
476.237
330.235
424.456
471.448
507.503
454.185
462.411
406.823
434.809
353.45
532.076
423.168
408.03
389.227
503.562
448.227
501.715
430.555
453.451
324.576
388.914
409.458
451.031
424.654
460.353
433.663
471.014
486.328
511.703
376.78
473.903
414.126
418.189
498.805
460.24
445.128
445.903
483.021
516.629
381.071
405.735
447.451
519.314
331.989
470.371
392.009
479.206
428.772
480.324
481.246
453.888
409.409
392.299
419.164
468.693
453.965
472.809
433.379
402.527
459.41
471.172
456.844
408.654
446.454
453.719
453.003
434.154
447.605
437.82
403.149
409.365
373.558
459.68
430.22
534.529
496.473
337.663
455.676
451.488
449.986
494.848
498.232
420.878
493.436
429.202
470.943
487.442
449.39
450.548
539.81
443.254
473.005
470.822
507.969
429.804
401.479
419.635
494.229
397.428
521.56
440.619
451.645
462.833
418.684
438.304
489.723
489.479
415.546
435.782
424.218
406.954
414.929
392.557
409.214
487.561
475.564
441.04
450.913
450.613
493.342
431.594
434.724
469.517
396.38
470.449
455.329
475.152
411.358
493.335
477.932
462.446
462.088
436.52
473.575
469.732
519.335
496.317
455.243
388.114
435.624
487.047
458.724
468.653
442.252
449.065
486.393
485.966
464.534
449.48
526.089
401.568
455.169
465.109
454.579
462.616
397.491
403.608
411.563
467.247
415.338
467.826
477.092
402.633
499.485
418.853
426.071
437.617
427.174
468.427
466.012
397.559
437.414
446.782
471.99
447.589
416.337
443.418
479.796
421.835
462.89
449.822
371.565
497.507
450.357
466.253
476.886
465.57
422.325
514.926
515.901
341.451
435.462
437.498
374.402
386.418
514.659
444.906
529.522
450.954
528.497
423.505
416.681
437.459
413.953
451.865
419.248
466.211
451.812
481.667
422.324
475.474
441.162
482.868
449.853
482.611
461.94
424.702
446.982
459.124
416.125
384.495
449.863
500.09
447.477
418.834
436.241
394.268
501.418
472.998
443.634
386.545
452.763
454.956
444.227
416.398
475.972
439.974
449.07
497.122
418.488
443.041
423.45
424.729
393.754
432.477
442.921
374.066
475.384
396.754
439.958
409.789
407.741
361.317
466.118
603.503
421.912
406.601
400.445
459.259
498.605
443.045
469.993
422.723
379.484
481.638
441.926
441.712
430.972
448.118
479.406
429.398
444.001
535.023
415.039
401.107
413.495
520.685
435.318
468.588
452.068
367.642
429.942
439.478
498.334
492.541
420.613
433.121
444.501
360.64
428.525
402.947
431.831
395.871
455.417
512.236
459.006
459.996
445.133
455.542
434.034
458.167
478.826
475.214
496.265
475.757
442.184
481.98
492.211
538.042
431.329
392.141
467.98
405.349
465.582
411.484
492.029
439.352
525.366
507.709
471.959
449.511
414.779
405.843
421.936
542.343
440.659
412.039
493.255
456.894
449.364
443.41
456.402
505.255
430.003
533.849
448.815
455.907
391.634
439.572
434.324
500.642
415.552
430.609
479.806
481.583
513.597
465.693
428.117
413.231
380.607
566.995
554.987
523.626
409.333
395.232
420.205
468.835
410.704
430.9
438.876
436.653
428.22
496.553
529.471
422.709
392.4
486.262
366.693
437.688
401.658
385.493
410.412
452.955
479.506
361.529
467.633
410.292
377.54
408.325
453.735
444.649
497.255
473.077
469.532
508.418
403.552
451.641
431.4
466.618
406.918
506.818
461.685
457.095
471.347
487.96
425.847
493.952
448.445
504.302
382.525
466.569
433.831
505.358
489.904
474.383
474.367
431.703
492.021
445.692
423.716
360.064
427.386
397.426
416.224
390.87
420.517
438.491
360.48
429.212
410.238
419.17
399.272
388.277
421.195
456.982
444.389
397.543
520.083
465.438
449.611
495.4
404.396
404.09
392.505
438.017
475.756
461.517
511.866
426.732
399.841
461.69
489.198
443.508
415.731
555.197
488.946
486.11
481.027
451.691
523.354
443.926
458.987
359.357
485.713
428.022
558.317
441.797
446.973
405.142
390.911
505.937
421.353
396.973
449.867
434.387
489.393
430.013
453.124
391.767
426.921
439.646
408.87
462.668
488.241
456.436
445.785
411.303
441.781
510.503
434.247
453.835
500.471
540.568
410.875
447.202
507.915
409.762
425.817
415.203
458.714
411.882
458.862
378.658
433.442
425.054
456.805
450.975
483.523
414.228
433.608
454.382
443.927
527.388
468.486
459.499
519.721
446.057
437.861
497.61
567.272
474.697
421.749
444.947
424.36
440.929
483.194
437.794
445.275
505.055
450.957
447.904
425.531
469.065
395.606
441.815
525.725
395.996
401.651
474.657
434.736
436.389
438.039
495.943
451.897
382.496
423.487
400.396
426.784
415.197
421.029
447.249
474.73
393.389
424.934
449.34
461.316
454.461
419.799
454.065
450.288
540.743
427.555
444.717
419.416
516.379
444.781
365.424
434.151
452.405
469.112
394.731
432.319
406.135
429.613
424.116
430.149
437.455
526.268
465.978
402.725
494.938
474.733
453.063
487.919
410.646
507.256
378.461
422.129
426.658
470.553
521.063
482.044
467.304
462.491
427.61
468.405
379.058
443.082
443.388
397.654
407.044
354.817
456.591
469.276
497.213
366.223
343.775
467.739
432.704
448.091
434.846
442.229
400.733
453.377
423.426
465.653
506.026
410.929
478.702
470.371
422.423
462.804
461.037
503.486
450.672
457.007
521.476
385.185
428.466
388.459
372.314
409.541
494.562
393.46
531.62
509.043
442.194
448.631
460.858
432.81
461.856
441.607
462.201
479.8
423.188
593.309
408.869
470.11
431.047
412.985
453.306
392.069
376.663
423.325
448.809
435.687
430.157
512.435
454.819
427.446
446.844
484.052
431.798
466.378
429.046
440.39
486.218
452.496
501.817
451.826
434.624
444.838
490.597
400.927
479.662
509.839
460.122
405.106
413.23
424.566
487.876
490.603
467.086
381.042
485.198
528.563
449.424
481.531
477.11
447.147
447.669
386.28
480.133
433.708
458.087
460.863
400.767
505.666
399.962
412.641
432.688
466.625
441.683
443.398
480.858
413.871
462.368
435.573
511.684
436.897
403.262
476.406
432.841
439.892
444.486
419.496
487.381
384.59
454.828
467.649
436.827
412.931
441.686
430.48
449.104
469.612
447.967
443.531
405.132
457.34
432.721
531.841
381.247
406.906
440.925
471.851
441.618
532.678
373.505
447.166
452.523
432.938
461.734
423.256
387.713
473.018
478.971
422.421
467.833
461.452
444.089
406.892
477.617
450.413
432.006
428.912
427.889
449.406
424.618
399.004
419.573
408.091
494.435
448.812
384.906
482.697
392.458
404.185
472.848
448.307
457.826
422.302
460.457
481.499
476.886
405.804
470.718
441.412
550.893
520.325
454.543
475.995
554.177
447.325
472.68
361.404
462.14
441.673
341.758
362.802
454.691
419.572
435.39
449.753
491.572
405.737
507.105
475.214
484.978
437.661
400.563
498.856
430.546
470.696
457.727
519.279
421.217
375.16
548.822
472.055
418.633
420.213
485.104
437.979
411.693
430.743
500.488
415.604
524.465
441.824
435.026
468.974
417.954
413.669
415.356
442.361
418.153
464.551
371.274
472.048
454.102
543.044
404.949
411.903
458.634
382.411
454.84
470.954
364.673
496.22
404.492
410.879
402.103
424.257
431.761
500.275
419.51
488.565
475.987
386.009
481.747
389.994
479.383
524.997
407.118
453.501
426.849
470.424
457.96
436.319
452.921
534.964
359.07
443.813
424.707
429.373
443.093
419.82
381.511
461.911
491.906
361.04
424.085
435.987
453.924
403.857
417.591
399.413
399.768
463.771
497.497
450.276
475.42
483.628
470.949
513.659
458.516
410.966
371.907
452.721
567.055
407.25
431.938
452.327
522.166
430.036
522.471
454.834
442.561
420.066
447.46
550.455
418.814
445.763
407.457
506.124
470.318
461.931
441.134
521.077
412.959
443.208
452.565
506.204
466.449
414.244
468.873
484.476
492.109
380.12
544.468
410.756
448.832
394.85
422.68
432.916
437.421
531.856
476.302
445.38
393.599
472.37
407.972
457.075
422.499
424.475
375.147
540.739
425.428
422.965
422.15
471.3
514.114
426.538
418.272
399.801
453.318
468.493
447.838
482.992
453.934
417.381
468.236
448.864
525.763
385.767
454.415
355.508
426.612
454.308
414.874
472.193
446.657
471.983
436.205
465.604
477.22
504.421
493.976
412.716
518.249
475.422
444.48
406.251
521.707
456.728
438.547
420.151
467.763
483.708
493.812
407.726
383.386
472.109
510.929
498.827
566.087
453.114
456.653
469.638
398.025
392.994
540.443
352.083
471.276
531.735
434.259
495.567
451.916
399.688
402.111
446.945
402.671
526.359
443.514
497.29
453.038
409.435
499.134
401.239
476.351
442.873
441.201
480.47
443.358
500.256
435.307
455.781
431.875
460.12
421.122
445.19
388.174
415.038
476.888
439.517
381.986
482.75
395.363
424.684
451.9
430.091
432.495
434.441
416.093
409.441
420.82
480.834
429.474
504.402
445.593
465.68
498.404
418.167
478.359
465.223
466.019
467.756
443.109
445.059
402.703
398.166
507.417
435.193
387.281
386.994
442.099
488.068
415.68
383.791
443.691
444.851
436.512
454.159
510.489
507.256
433.553
481.517
355.596
481.461
409.246
433.65
433.495
398.421
488.366
513.456
382.551
382.797
454.405
375.795
464.848
485.108
459.205
429.222
482.83
454.755
428.751
416.211
475.991
493.674
515.49
419.261
371.206
462.357
395.747
493.277
380.609
534.418
396.804
441.01
481.421
476.545
487.352
470.117
444.181
373.365
365.713
494.384
439.236
483.621
379.327
511.438
429.305
461.885
455.445
445.437
457.063
434.783
446.945
424.066
422.492
442.144
419.117
474.25
474.232
494.867
395.042
401.272
412.332
491.348
382.764
447.253
437.176
452.052
429.665
475.063
492.589
460.22
473.096
488.737
500.552
418.333
448.243
440.478
335.18
452.27
548.632
442.962
440.666
514.494
443.78
437.736
457.456
504.334
502.305
439.71
420.443
494.635
393.283
355.093
447.936
437.997
506.975
388.313
468.214
458.394
452.182
482.072
509.604
431.588
427.513
414.014
454.74
409.264
471.508
449.76
431.89
437.173
442.357
429.672
465.49
485.293
447.328
544.888
453.946
390.842
448.341
413.315
481.821
461.757
476.094
465.681
471.433
416.342
524.713
450.131
482.445
483.81
441.843
467.679
437.39
393.283
467.536
409.89
463.115
445.642
500.771
450.556
510.18
386.17
511.801
536.722
446.837
404.518
436.227
408.335
438.669
468.924
500.758
467.3
405.819
463.865
488.515
442.614
469.337
543.131
511.45
388.181
439.478
441.868
410.279
403.526
434.874
524.942
424.2
488.911
532.913
420.473
448.58
470.042
414.006
437.971
459.344
399.753
409.385
442.735
380.656
423.783
459.282
470.968
526.356
489.792
454.827
455.566
379.141
435.311
463.008
423.882
502.182
410.763
393.928
408.44
391.503
542.509
383.003
492.098
439.634
503.332
383.714
397.014
416.352
472.043
495.12
457.804
377.118
485.945
432.613
382.93
466.629
441.577
502.197
469.783
426.236
476.693
397.593
433.359
429.066
368.382
440.867
530.72
368.471
489.307
349.178
409.752
414.677
491.488
369.588
497.04
424.764
543.35
498.428
514.392
430.288
529.364
490.424
473.072
441.445
473.237
497.486
402.631
442.074
397.107
509.572
455.552
475.116
474.169
427.329
465.719
374.32
506.579
385.034
464.118
473.402
363.39
449.735
444.239
402.489
522.524
436.278
466.083
394.615
398.275
477.573
437.213
450.739
479.526
365.278
418.273
471.746
477.267
441.041
369.253
448.473
440.063
419.291
517.175
451.699
412.146
392.975
403.893
458.792
427.339
440.417
440.929
427.744
430.503
478.44
435.169
436.798
545.952
490.401
426.209
485.866
438.808
419.021
450.015
493.299
471.342
481.102
453.418
451.436
450.23
409.318
476.489
460.208
427.946
499.717
491.569
469.414
409.251
445.282
382.336
527.406
518.013
391.75
411.824
459.684
415.437
444.799
484.685
445.179
490.6
402.561
437.595
453.735
362.523
462.446
473.584
455.406
441.451
476.368
432.25
493.306
429.547
434.376
414.16
448.865
384.441
387.782
438.37
384.872
453.075
385.167
367.732
433.087
474.784
459.182
455.444
442.729
440.916
422.933
504.288
479.938
447.14
411.356
426.551
493.545
416.583
394.645
411.189
481.98
431.481
417.134
490.708
460.612
428.862
440.455
423.092
422.427
391.837
407.092
435.9
435.078
455.826
399.301
496.236
422.261
446.434
472.848
425.288
468.548
418.742
439.594
430.537
417.542
500.463
466.554
389.919
433.003
400.638
479.378
473.213
435.201
425.167
490.34
456.479
430.93
474.958
470.28
391.354
511.24
470.71
484.868
437.189
445.084
407.065
432.479
442.559
432.523
382.058
403.312
459.401
430.554
487.505
484.167
390.832
404.778
407.942
426.446
358.426
482.406
437.86
469.909
447.75
431.745
393.856
412.533
418.815
455.219
497.316
539.025
444.705
463.268
433.857
440.159
441.255
458.434
450.421
471.649
425.621
418.67
431.809
381.281
436.716
412.449
436.956
399.166
402.957
377.096
475.201
435.973
458.411
504.64
424.728
474.259
473.318
576.291
428.121
457.34
507.967
420.57
437.718
458.528
493.254
440.442
510.541
407.615
430.328
475.694
426.52
432.111
506.269
426.566
435.977
457.019
537.962
374.899
464.42
372.549
403.49
387.493
446.103
394.226
424.43
482.466
561.381
412.077
442.838
439.017
462.599
449.289
477
466.564
428.32
438.933
499.048
434.028
357.857
491.974
405.899
496.376
471.454
480.625
443.79
424.418
414.855
504.04
383.049
406.898
489.241
444.121
430.562
435.917
445.165
422.84
476.012
430.041
436.091
427.104
426.97
502.669
388.704
434.2
415.294
515.8
461.673
397.914
525.641
395.22
469.404
477.862
443.898
457.516
420.165
434.959
442.709
474.492
412.837
468.367
427.731
461.801
468.429
476.697
486.187
418.27
457.637
448.641
446.15
478.447
397.25
390.006
446.233
439.978
428.384
430.644
536.434
411.499
453.707
340.707
475.98
465.97
433.737
378.394
407.253
471.549
379.552
437.52
480.263
398.132
452.05
397.227
404.965
431.523
400.862
430.246
482.716
445.404
442.624
457.47
411.289
405.173
420.763
411.884
481.085
478.567
470.302
486.31
475.629
443.703
392.122
453.896
485.035
427.555
443.424
433.945
427.84
453.549
452.465
406.76
422.085
503.884
424.479
368.769
462.18
461.825
518.048
503.2
449.692
387.311
431.843
490.9
447.242
481.181
431.22
524.677
391.058
439.418
417.05
387.873
415.988
455.723
390.676
362.478
395.938
423.497
441.538
426.205
410.712
447.708
496.593
483.678
538.956
415.739
490.074
480.136
477.761
457.083
449.276
412.905
530.746
543.688
419.784
446.218
408.733
433.719
489.257
445.194
417.776
430.123
411.376
513.358
365.058
389.929
469.398
494.437
519.644
396.347
443.808
409.883
392.447
379.156
538.914
461.086
437.655
428.139
406.083
410.763
394.116
442.259
427.278
480.938
461.803
419.852
476.938
517.032
467.111
405.245
490.718
545.845
443.608
427.046
466.246
384.457
430.086
424.72
428.383
470.561
426.962
466.137
447.459
453.012
470.914
424.803
397.554
400.229
451.081
389.621
441.381
352.871
436.479
387.115
392.205
433.711
438.678
476.857
417.982
385.499
410.107
461.611
425.064
532.789
414.008
428.525
429.62
479.659
448.091
402.894
476.756
521.216
407.185
424.168
404.885
473.61
491.358
490.165
396.096
419.598
462.796
497.816
403.6
407.851
407.619
467.337
414.939
514.56
525.006
421.544
383.184
416.562
492.952
443.205
384.699
448.66
486.151
449.429
411.763
436.731
465.033
440.782
481.741
414.05
417.106
450.304
407.662
461.29
447.435
448.846
433.68
467.996
419.017
447.608
441.672
486.26
422.743
437.403
392.371
425.739
502.891
416.383
471.07
470.258
444.02
394.602
449.074
461.846
456.306
425.21
486.309
424.615
474.665
501.656
437.38
448.874
415.959
457.13
374.196
474.06
441.443
480.418
466.656
510.869
431.991
422.109
456.526
412.744
474.247
403.833
418.378
442.656
381.61
466.528
424.469
479.662
495.018
476.683
425.499
487.114
435.278
436.737
441.505
537.922
418.345
492.796
427.209
428.855
480.015
415.919
419.026
486.576
460.923
463.389
426.181
341.654
419.694
432.649
458.203
432.544
429.323
432.271
461.291
359.464
415.753
426.801
397.383
472.297
368.819
499.504
409.854
485.937
378.402
449.208
477.657
415.882
403.158
386.559
425.746
413.613
364.576
468.223
443
461.477
508.884
511.076
446.09
432.586
433.012
474.048
472.86
435.553
422.838
475.512
399.82
436.965
352.049
392.971
426.266
411.356
472.556
442.329
439.361
466.85
421.204
449.878
458.755
454.036
422.386
402.971
442.888
519.102
384.705
394.986
430.75
475.281
471.139
460.741
407.021
456.784
441.811
379.046
404.166
472.353
404.532
417.762
420.705
402.82
438.073
445.278
429.949
473.389
436.358
407.12
383.371
498.059
423.071
449.162
470.029
440.036
477.302
405.054
518.614
449.987
403.497
421.778
524.39
427.37
387.605
424.295
364.59
463.08
466.711
457.471
446.897
523.91
367.521
341.104
408.674
425.743
430.097
463.109
459.976
426.647
412.725
469.221
457.025
428.355
437.082
471.157
465.809
481.874
442.392
401.326
464.83
390.541
406.36
447.282
466.288
397.18
397.912
442.902
446.652
407.274
422.855
451.346
448.031
439.996
438.932
453.599
441.494
444.353
392.99
453.176
423.648
498.645
439.252
503.158
435.625
406.264
444.045
363.642
505.687
423.424
426.567
450.741
455.493
394.436
531.598
428.309
419.098
370.614
393.516
465.25
423.283
452.804
450.64
446.852
457.369
460.563
437.446
452.823
502.642
445.273
452.163
465.035
473.115
475.17
430.178
419.042
423.717
441.836
472.733
339.28
425.477
435.844
436.769
412.012
430.635
467.923
442.032
510.981
337.186
487
489.567
465.358
384.853
451.408
425.45
487.764
460.46
402.97
441.529
471.496
547.763
460.489
382.333
415.249
459.614
435.547
457.511
431.382
454.746
494.479
468.298
389.951
470.76
494.869
459.275
460.136
457.54
468.696
424.18
445.173
491.31
456.64
461.827
451.017
504.466
410.531
381.023
441.391
402.644
374.279
434.654
459.512
404.227
439.001
400.005
393.737
455.773
475.498
403.619
444.687
442.071
457.777
481.169
453.626
441.982
446.216
449.714
507.341
436.884
476.769
470.679
450.337
506.735
390.871
469.587
472.238
405.245
375.251
437.052
410.633
480.934
499.857
442.589
405.611
447.293
467.083
403.81
498.044
466.516
436.228
379.598
470.295
459.36
415.667
485.136
460.421
424.529
404.981
394.893
466.19
422.682
406.002
428.01
388.594
500.822
461.587
446.515
456.316
499.305
439.969
472.471
427.317
428.842
427.299
401.959
432.746
461.476
379.812
459.076
435.598
421.31
431.116
452.807
454.075
494.419
421.69
403.835
425.54
426.28
415.237
467.081
403.158
487.771
378.866
398.768
422.431
475.362
428.046
449.764
440.583
437.71
434.721
466.547
513.14
417.865
441.766
484.303
398.32
425.693
421.088
418.532
399.069
417.317
446.82
458.485
443.974
451.631
465.272
447.49
458.417
556.657
430.981
368.999
453.832
458.84
443.077
418.843
484.841
429.056
454.687
380.653
420.756
448.259
404.855
394.555
481.371
432.219
484.201
456.131
396.899
441.233
534.836
477.441
459.065
457.448
521.078
477.291
427.498
471.941
420.547
554.43
361.847
411.98
412.552
483.32
446.793
400.872
464.562
415.372
428.676
389.642
484.683
413.326
462.624
499.072
457.461
465.463
433.891
409.697
442.565
474.714
449.256
435.582
416.874
437.475
381.6
467.476
524.755
390.419
488.409
484.953
443.264
442.494
395.925
429.744
426.445
416.467
430.423
404.058
434.768
476.466
461.338
349.183
439.198
439.67
447.392
385.533
406.729
439.515
398.044
377.315
459.763
499.906
448.438
377.069
475.99
509.054
369.108
447.422
435.629
346.797
473.086
431.093
478.842
421.873
425.237
486.399
415.44
504.708
429.578
528.398
476.941
537.399
403.565
423.483
386.824
386.077
358.753
383.439
375.481
366.196
448.561
431.683
427.172
437.962
468.618
438.035
387.097
414.453
429.784
429.288
447.261
376.777
414.297
420.998
465.206
471.236
439.934
421.326
374.907
430.951
439.863
412.028
523.565
406.468
386.851
432.044
487.057
458.965
442.907
430.517
417.046
448.29
499.629
439.217
454.225
502.147
461.385
556.737
434.233
431.977
393.822
417.17
360.614
440.969
414.124
512.554
475.945
475.114
431.265
465.777
523.615
444.354
461.006
394.918
426.916
453.486
395.215
434.155
439.456
469.026
397.277
399.872
464.206
398.007
463.149
458.143
466.409
442.961
515.116
374.199
448.428
353.09
418.119
448.625
501.52
431.227
396.902
465.202
466.41
444.949
474.384
451.227
421.184
474.203
457.068
468.263
463.922
466.217
445.258
386.733
398.829
445.43
402.445
426.216
487.743
435.39
419.611
527.88
423.37
481.431
378.434
424.179
455.138
433.902
514.927
478.167
503.275
411.305
462.93
471.802
415.831
435.381
411.707
425.5
406.818
443.169
412.336
561.419
480.672
463.655
392.998
403.757
407.294
435.03
452.894
444.338
463.332
464.488
400.494
465.886
446.063
493.413
462.995
405.253
422.17
413.926
443.007
421.09
413.576
497.63
502.205
400.923
454.831
415.004
415.423
473.098
372.948
394.151
453.14
406.496
432.21
397.381
387.108
419.446
442.927
401.435
445.037
477.465
394.963
427.494
394.159
403.504
444.631
455.777
431.907
464.372
470.451
405.093
431.532
479.921
525.951
437.741
460.349
402.999
422.658
415.966
426.804
418.05
419.541
483.385
435.916
378.63
461.374
413.454
454.035
445.652
404.205
444.32
392.307
447.567
465.774
404.631
420.703
447.927
437.69
448.27
429.839
420.227
448.738
436.635
453.255
439.561
502.084
431.289
479.274
424.071
439.12
444.798
380.372
338.239
405.923
463.176
396.922
474.924
473.382
464.954
447.607
452.619
469.17
481.97
358.121
418.204
399.256
437.073
469.183
442.176
469.324
475.619
451.057
446.264
427.313
443.441
411.958
470.427
403.933
444.4
414.201
420.579
448.045
428.99
418.165
529.497
450.8
531.607
455.732
435.714
415.086
463.169
473.231
439.825
426.245
428.224
450.445
393.479
378.201
458.761
451.431
493.442
402.355
393.786
558.836
468.799
349.541
410.694
457.709
517.937
411.743
479.927
479.451
509.835
438.429
447.562
478.759
437.68
392.086
432.455
422.903
482.85
415.726
486.841
384.407
429.452
435.104
471.557
411.962
422.608
386.726
443.72
421.238
552.706
474.452
417.377
411.531
406.844
451.206
429.474
433.338
458.382
448.386
404.721
426.285
371.442
464.518
416.391
439.732
444.064
498.205
516.293
527.62
447.73
464.547
503.417
372.747
495.843
507.267
402.185
471.698
379.145
457.847
485.956
508.851
464.371
508.774
473.273
465.007
352.656
386.396
410.628
452.19
339.836
389.133
443.702
437.037
377.436
441.177
379.983
441.632
468.523
450.454
431.459
460.879
449.891
445.468
502.833
381.964
512.852
413.16
441.399
420.022
382.42
482.485
