120 64
-0.379884 0.414188 -0.0772653 0.0715115 0.173261 0.821636 0.26108 1.41297 -0.591348 0.924606 -0.685829 -0.409993 0.384201 0.390441 0.65614 -0.80901 -0.763583 -0.451402 -0.183418 -0.476797 0.687017 -0.629269 -0.981448 0.055403 -0.0702701 0.95105 -0.537778 0.110485 -0.881423 -0.364426 0.386691 -0.359964 0.796197 -0.0740791 -0.688926 -0.444698 0.56695 0.382424 0.107476 -0.365704 0.00329558 0.388322 0.327406 0.476572 -0.42193 0.0502799 0.22507 -0.157833 -0.445948 0.215041 -0.64152 0.273298 -0.714451 0.963499 1.13438 0.650446 -0.747647 -0.803652 0.926777 -0.0390421 0.0853374 -0.920879 0.673258 -0.400271 
-0.350668 0.486031 -0.168208 0.166134 0.162052 0.793487 0.269409 1.28995 -0.586128 0.897603 -0.51067 -0.346623 0.506053 0.377987 0.646876 -0.689846 -0.791507 -0.459075 -0.122478 -0.428061 0.710786 -0.546717 -0.923631 0.0624991 -0.0563666 0.789907 -0.52006 -0.0277566 -0.849613 -0.430621 0.414607 -0.375467 0.821649 0.0275461 -0.649658 -0.379921 0.508578 0.399195 0.113536 -0.393824 0.146798 0.503059 0.404806 0.493583 -0.416722 0.120673 0.118061 -0.221069 -0.459793 0.274098 -0.662168 0.249362 -0.693391 0.838897 1.08146 0.541033 -0.70674 -0.850786 0.874653 0.0697026 0.0751117 -0.880651 0.625289 -0.314612 
-0.309358 0.416775 -0.102899 0.169097 0.176158 0.801079 0.203173 1.26147 -0.613532 0.862276 -0.433245 -0.396069 0.516995 0.422787 0.662605 -0.6986 -0.733129 -0.491307 -0.0800861 -0.377537 0.655911 -0.566493 -0.900172 0.0923704 -0.052243 0.71603 -0.493983 -0.0246178 -0.884556 -0.399882 0.372576 -0.435503 0.82463 0.0074273 -0.585559 -0.369861 0.520908 0.357861 0.0804773 -0.371096 0.208343 0.522224 0.421516 0.523912 -0.440384 0.0835793 0.108357 -0.198055 -0.402475 0.334912 -0.663926 0.315887 -0.659491 0.789915 1.07387 0.556799 -0.702561 -0.817291 0.873373 0.0647297 0.0840168 -0.860584 0.658273 -0.343579 
-0.325966 0.42388 -0.0955435 0.17404 0.15589 0.779241 0.211847 1.26313 -0.598366 0.865303 -0.37283 -0.33892 0.503989 0.353351 0.597952 -0.708329 -0.739768 -0.451056 -0.0814454 -0.356034 0.664455 -0.510247 -0.903707 0.13492 -0.0322794 0.687613 -0.495394 -0.00244792 -0.861038 -0.433273 0.394477 -0.362761 0.775952 0.0560435 -0.570537 -0.285548 0.498984 0.364931 0.0894687 -0.378665 0.184216 0.510207 0.427449 0.515975 -0.421123 0.12075 0.120088 -0.204053 -0.422967 0.335253 -0.633819 0.313979 -0.614106 0.800314 1.06912 0.553008 -0.73328 -0.831571 0.814275 0.198828 0.0433937 -0.809014 0.612854 -0.374281 
-0.331165 0.434075 -0.0774766 0.176157 0.167972 0.775462 0.19302 1.2224 -0.602808 0.831061 -0.385963 -0.290667 0.479424 0.384822 0.57105 -0.713506 -0.75121 -0.493395 -0.120155 -0.371753 0.602046 -0.503602 -0.861151 0.0821398 -0.00919552 0.693541 -0.486861 -0.0974337 -0.813166 -0.390954 0.366958 -0.39538 0.749757 0.108018 -0.600519 -0.321291 0.521057 0.3449 0.112678 -0.383309 0.171984 0.518461 0.37386 0.552829 -0.371271 0.118499 0.105514 -0.154463 -0.369451 0.35995 -0.65609 0.322758 -0.61216 0.776046 0.999195 0.515285 -0.69995 -0.759736 0.803666 0.11556 0.0267065 -0.79497 0.584599 -0.327938 
-0.332116 0.398678 -0.0698995 0.198676 0.164008 0.742659 0.211359 1.25142 -0.570787 0.805741 -0.396603 -0.320641 0.482624 0.35393 0.555325 -0.643897 -0.688957 -0.483229 -0.0615497 -0.3149 0.642096 -0.48016 -0.873876 0.0992066 -0.0360485 0.698549 -0.450489 -0.090239 -0.827562 -0.383807 0.322471 -0.367189 0.754968 0.0556903 -0.559799 -0.283048 0.450755 0.344134 0.067291 -0.362957 0.162379 0.523291 0.402823 0.513457 -0.386881 0.137075 0.0898215 -0.143816 -0.340809 0.33073 -0.59639 0.301286 -0.591203 0.745838 1.02691 0.458444 -0.709542 -0.765366 0.817418 0.119379 0.0445583 -0.815703 0.593125 -0.352374 
-0.293559 0.403546 -0.10375 0.181315 0.138931 0.722873 0.166792 1.23646 -0.561767 0.828663 -0.335302 -0.352937 0.426557 0.375624 0.530419 -0.652971 -0.695692 -0.461789 -0.148698 -0.346204 0.599053 -0.447335 -0.836964 0.0789078 0.0339552 0.63666 -0.434592 -0.0507783 -0.85214 -0.343367 0.342404 -0.32051 0.704013 0.0433977 -0.511093 -0.277376 0.420475 0.382824 0.0335106 -0.375995 0.158859 0.537655 0.404335 0.569023 -0.360763 0.151253 0.059741 -0.169943 -0.338084 0.346215 -0.581901 0.30166 -0.597156 0.744541 1.01969 0.443468 -0.655198 -0.76385 0.824035 0.171749 0.00474789 -0.765874 0.573426 -0.32699 
-0.29956 0.380906 -0.0946699 0.213573 0.155883 0.751663 0.168861 1.20899 -0.593163 0.754759 -0.377741 -0.307888 0.39686 0.419011 0.510989 -0.616358 -0.646377 -0.461889 -0.113523 -0.333767 0.575615 -0.481809 -0.83377 0.0911042 0.0201902 0.661764 -0.444746 -0.0841547 -0.768512 -0.368993 0.294988 -0.355475 0.728931 0.043794 -0.472631 -0.218768 0.495006 0.345352 0.0317257 -0.374196 0.168512 0.514562 0.357309 0.538399 -0.359089 0.124556 0.0523832 -0.171706 -0.308296 0.315432 -0.615717 0.328913 -0.54774 0.697234 0.970148 0.463802 -0.709799 -0.738466 0.810459 0.15322 0.032626 -0.769213 0.522245 -0.321788 
-0.251951 0.396737 -0.0718046 0.134031 0.186374 0.702859 0.178373 1.23084 -0.567419 0.785266 -0.373293 -0.33082 0.405092 0.352837 0.549617 -0.643089 -0.607432 -0.458112 -0.101475 -0.352095 0.59376 -0.477622 -0.825923 0.0939456 0.0514302 0.642762 -0.397024 -0.0541253 -0.794249 -0.373024 0.339355 -0.341001 0.729399 0.077107 -0.484522 -0.248339 0.474451 0.350237 0.060775 -0.335092 0.214324 0.524941 0.345942 0.526517 -0.34628 0.151492 0.0968341 -0.156887 -0.300872 0.316739 -0.548101 0.27925 -0.628331 0.70529 1.00307 0.434613 -0.666242 -0.726807 0.782286 0.148446 0.0196994 -0.823584 0.548418 -0.221148 
-0.249918 0.37582 -0.0303993 0.181648 0.178774 0.68129 0.221103 1.13268 -0.531368 0.729788 -0.339957 -0.296677 0.403211 0.354388 0.535765 -0.598573 -0.631413 -0.465495 -0.0563115 -0.31576 0.580018 -0.424889 -0.826108 0.0517347 -0.00193649 0.596164 -0.421921 -0.0545132 -0.829875 -0.343735 0.306389 -0.308893 0.680817 0.0335227 -0.534251 -0.210686 0.417391 0.326271 0.0419343 -0.33931 0.197543 0.526918 0.351216 0.513153 -0.350385 0.139236 0.0792449 -0.138393 -0.295809 0.299687 -0.576989 0.286906 -0.591775 0.651768 0.939511 0.409935 -0.615389 -0.669164 0.73937 0.191585 -0.00539235 -0.753372 0.563427 -0.329227 
-0.27113 0.352494 -0.0830666 0.142239 0.136273 0.70548 0.172969 1.16045 -0.535736 0.721788 -0.330727 -0.303637 0.409796 0.355573 0.525608 -0.623336 -0.622423 -0.471727 -0.092156 -0.295491 0.551337 -0.428287 -0.778957 0.0584695 0.0274764 0.612876 -0.39391 -0.0753157 -0.828284 -0.349777 0.315912 -0.340786 0.6626 0.0643799 -0.473215 -0.215533 0.447959 0.330926 -0.00952462 -0.311977 0.161467 0.508386 0.330323 0.497319 -0.331635 0.146447 0.0458781 -0.179863 -0.293606 0.26561 -0.579892 0.281573 -0.569747 0.655436 0.895421 0.427773 -0.606679 -0.615902 0.738042 0.142397 0.0175892 -0.797468 0.570682 -0.309206 
-0.261821 0.368781 -0.0698427 0.200416 0.188713 0.696147 0.144908 1.14309 -0.525258 0.710253 -0.354827 -0.283439 0.354695 0.272697 0.450034 -0.61443 -0.619249 -0.389906 -0.0934969 -0.299518 0.528657 -0.386849 -0.78304 0.0839603 0.0271073 0.565899 -0.387158 -0.0370714 -0.775426 -0.360991 0.291927 -0.330849 0.622506 0.0630415 -0.527409 -0.223616 0.390697 0.309265 0.00449086 -0.313961 0.181333 0.499922 0.35132 0.558097 -0.305675 0.140061 0.0397724 -0.11516 -0.294064 0.277531 -0.562507 0.259087 -0.582729 0.671296 0.910335 0.379025 -0.656111 -0.632389 0.717164 0.116218 0.0270183 -0.781 0.527823 -0.290037 
-0.309813 0.344235 -0.0566744 0.196035 0.16404 0.608718 0.153505 1.12928 -0.565183 0.741755 -0.308771 -0.228639 0.34888 0.280918 0.475743 -0.529689 -0.575533 -0.419421 -0.101399 -0.339603 0.487095 -0.381233 -0.76975 0.0684633 0.0546818 0.555477 -0.36971 -0.0390987 -0.732522 -0.337666 0.304336 -0.275158 0.64464 0.0732282 -0.454379 -0.222557 0.429469 0.287573 0.028648 -0.324513 0.18538 0.508326 0.359356 0.517624 -0.327917 0.126652 0.0124703 -0.157525 -0.284455 0.302826 -0.532369 0.243948 -0.501963 0.643065 0.884755 0.418764 -0.614765 -0.674013 0.706011 0.168791 -0.0134625 -0.732921 0.522421 -0.286438 
-0.267626 0.349775 -0.00614952 0.148843 0.188909 0.611619 0.190839 1.09411 -0.491382 0.695453 -0.332272 -0.351242 0.345296 0.332495 0.485802 -0.537231 -0.562601 -0.400941 -0.0999376 -0.294418 0.525972 -0.392145 -0.761065 0.0569537 0.0972185 0.572973 -0.350703 -0.0364366 -0.771645 -0.324722 0.279983 -0.30572 0.638655 0.0524917 -0.436398 -0.178304 0.395309 0.278875 0.0449334 -0.283272 0.151639 0.486466 0.339793 0.518902 -0.313622 0.129641 0.0304365 -0.128578 -0.272252 0.262294 -0.475362 0.254879 -0.494353 0.586794 0.891636 0.400117 -0.557162 -0.6235 0.724509 0.136972 0.0165059 -0.774735 0.473956 -0.262319 
-0.230649 0.356149 -0.070752 0.185505 0.215796 0.617803 0.127876 1.10407 -0.469489 0.727409 -0.344346 -0.27206 0.337532 0.302066 0.47223 -0.535371 -0.523887 -0.381811 -0.109128 -0.307787 0.528916 -0.347208 -0.713663 0.0426592 0.12401 0.565029 -0.346903 -0.0126093 -0.745276 -0.319999 0.249812 -0.305071 0.639645 0.0320687 -0.434952 -0.173333 0.35824 0.316883 0.0251729 -0.335403 0.170184 0.482511 0.302976 0.49696 -0.30846 0.148722 0.037299 -0.105931 -0.237381 0.237238 -0.454325 0.228575 -0.475173 0.603522 0.893493 0.3973 -0.568706 -0.586381 0.701868 0.174216 -0.00693378 -0.738718 0.522431 -0.27714 
-0.286048 0.317954 -0.00465288 0.20939 0.212957 0.623933 0.154042 1.10869 -0.45934 0.659467 -0.300149 -0.252967 0.322081 0.237649 0.45001 -0.555378 -0.530239 -0.350307 -0.100367 -0.335086 0.506447 -0.387068 -0.714318 0.0616648 0.0889518 0.576126 -0.310953 -0.0127096 -0.782247 -0.312661 0.23827 -0.25166 0.581112 0.0812925 -0.396387 -0.169413 0.391981 0.32485 -0.022403 -0.31473 0.194061 0.45601 0.269091 0.50881 -0.303771 0.125561 0.0564562 -0.151775 -0.179308 0.260031 -0.451579 0.22908 -0.462196 0.586749 0.805919 0.385738 -0.568073 -0.617548 0.629034 0.114095 0.00184562 -0.725529 0.467853 -0.264968 
-0.231258 0.328982 -0.0192296 0.176459 0.172995 0.653994 0.147591 1.07256 -0.468551 0.655145 -0.293948 -0.26534 0.344982 0.284354 0.402719 -0.525866 -0.489053 -0.346786 -0.0946337 -0.310392 0.475549 -0.390443 -0.712107 0.0343393 0.0823059 0.541388 -0.296693 -0.0491613 -0.688691 -0.288777 0.245633 -0.331191 0.589093 0.0584809 -0.412566 -0.147702 0.332335 0.307493 -0.0489278 -0.273061 0.178651 0.429925 0.305153 0.484487 -0.267445 0.132778 0.0416176 -0.130915 -0.218248 0.27688 -0.447713 0.225657 -0.452834 0.604713 0.85897 0.373733 -0.568317 -0.589475 0.614011 0.122959 -0.0187452 -0.671045 0.477123 -0.248578 
-0.220076 0.314678 -0.0331706 0.194147 0.133884 0.582551 0.129892 1.06655 -0.471318 0.658179 -0.270459 -0.219413 0.322313 0.276898 0.401917 -0.507517 -0.51985 -0.330894 -0.068299 -0.293684 0.48191 -0.370369 -0.710732 0.00945097 0.0677181 0.507558 -0.289945 -0.0473691 -0.695844 -0.285166 0.228687 -0.252552 0.604363 0.0270529 -0.398909 -0.149093 0.347271 0.26188 -0.0258763 -0.272091 0.159072 0.414013 0.265093 0.507338 -0.277086 0.145067 -0.00257655 -0.0860352 -0.222658 0.241478 -0.43494 0.233991 -0.462354 0.582837 0.832256 0.312045 -0.483935 -0.582211 0.61983 0.157334 0.00736119 -0.693101 0.4708 -0.271447 
-0.281558 0.321297 -0.0524702 0.173322 0.16988 0.595762 0.192191 1.0328 -0.408241 0.603884 -0.310809 -0.27176 0.318289 0.258288 0.446418 -0.451544 -0.463012 -0.331143 -0.137578 -0.322798 0.472501 -0.34121 -0.637833 0.0583257 0.134215 0.530828 -0.261577 0.00555637 -0.711693 -0.273335 0.192778 -0.209276 0.571907 0.078616 -0.339968 -0.12206 0.330793 0.295365 -0.0230226 -0.282465 0.185334 0.38115 0.246992 0.487821 -0.215468 0.125473 0.020515 -0.148596 -0.197915 0.225086 -0.405766 0.28516 -0.429386 0.517485 0.83685 0.338599 -0.519662 -0.560543 0.625218 0.133378 0.0044644 -0.714937 0.443959 -0.242672 
-0.277397 0.30951 -0.0232928 0.153295 0.157333 0.56637 0.140871 1.03628 -0.4551 0.595438 -0.342651 -0.225714 0.334695 0.252618 0.388155 -0.447045 -0.497065 -0.294868 -0.09209 -0.27547 0.453437 -0.373832 -0.618821 0.0354086 0.118544 0.527669 -0.299072 -0.0217095 -0.714682 -0.285082 0.226404 -0.214919 0.51056 0.0907526 -0.388457 -0.0943402 0.350647 0.23334 -0.0462606 -0.292238 0.139256 0.435739 0.250632 0.496489 -0.247018 0.146996 -0.00596176 -0.104255 -0.171995 0.231031 -0.436594 0.213693 -0.457116 0.482388 0.83429 0.368153 -0.511471 -0.503992 0.597585 0.131062 -0.0439725 -0.685632 0.450745 -0.278714 
-0.285285 0.268829 -0.0186176 0.168087 0.164935 0.542324 0.102818 1.0398 -0.398611 0.590981 -0.350092 -0.239413 0.268642 0.225688 0.4131 -0.481546 -0.441991 -0.323381 -0.117937 -0.289644 0.44181 -0.315576 -0.606473 0.0627375 0.109211 0.484937 -0.223777 0.0237179 -0.697335 -0.298758 0.163787 -0.242569 0.501931 0.0250141 -0.333312 -0.108334 0.337095 0.235831 -0.0169436 -0.271915 0.108329 0.420729 0.237962 0.475172 -0.23099 0.169211 -0.0163459 -0.126272 -0.153317 0.222189 -0.351968 0.187371 -0.424622 0.522097 0.813085 0.338975 -0.511637 -0.482463 0.587204 0.127418 -0.0120582 -0.673978 0.430338 -0.206797 
-0.290496 0.30984 -0.0109553 0.163466 0.107103 0.525337 0.117874 1.02083 -0.405804 0.544451 -0.313622 -0.230906 0.289624 0.228646 0.355486 -0.446944 -0.466141 -0.29267 -0.0982628 -0.291664 0.47866 -0.349431 -0.608347 0.0523287 0.0898178 0.534003 -0.273309 -0.0178401 -0.670762 -0.224422 0.198952 -0.231067 0.521064 0.0561079 -0.30932 -0.0833089 0.287835 0.234894 -0.0682453 -0.238877 0.141896 0.416507 0.243989 0.469978 -0.205897 0.112567 -0.0102656 -0.0927517 -0.151487 0.218625 -0.355761 0.210341 -0.404919 0.50205 0.766683 0.301731 -0.454445 -0.483617 0.563504 0.157824 0.016091 -0.66995 0.417728 -0.233135 
-0.256918 0.304838 -0.0689515 0.206693 0.110714 0.555792 0.1544 0.969842 -0.391937 0.548199 -0.336259 -0.252826 0.314301 0.18518 0.362566 -0.404528 -0.418183 -0.268695 -0.0921334 -0.312639 0.405399 -0.298718 -0.611485 0.0657301 0.078526 0.490854 -0.175443 0.00263343 -0.681728 -0.267774 0.217216 -0.230091 0.495969 0.0791656 -0.333194 -0.131203 0.254191 0.261746 -0.0711196 -0.244396 0.159352 0.399347 0.224058 0.468229 -0.212717 0.139149 -0.000601068 -0.126843 -0.130963 0.20656 -0.388004 0.229109 -0.414614 0.490615 0.744496 0.297469 -0.468508 -0.482497 0.564689 0.121477 -0.044664 -0.697369 0.377704 -0.212754 
-0.244922 0.300128 -0.0149833 0.236653 0.163748 0.474138 0.113191 0.977515 -0.376021 0.5717 -0.335704 -0.204765 0.239182 0.223354 0.324017 -0.415818 -0.392919 -0.25429 -0.155652 -0.292862 0.454922 -0.330408 -0.596699 0.0556267 0.148313 0.530913 -0.237918 0.0170536 -0.680394 -0.247604 0.134407 -0.227851 0.441023 0.0738348 -0.325619 -0.0796503 0.280957 0.216751 -0.0375801 -0.258394 0.118279 0.363181 0.163643 0.496765 -0.198856 0.16907 -0.01573 -0.125638 -0.145199 0.200184 -0.346595 0.194527 -0.374129 0.433224 0.760452 0.30808 -0.483541 -0.474639 0.539763 0.15325 -0.0340476 -0.651639 0.375512 -0.252107 
-0.232033 0.292734 -0.0298458 0.166679 0.172741 0.497366 0.10625 0.964803 -0.348792 0.527803 -0.283676 -0.218806 0.275226 0.214093 0.337077 -0.367711 -0.405686 -0.25589 -0.143867 -0.291738 0.400841 -0.297452 -0.574407 0.0213478 0.156994 0.464477 -0.200891 -0.0168494 -0.650193 -0.24627 0.171061 -0.195133 0.443378 0.0986038 -0.353219 -0.0382762 0.254874 0.244103 -0.0754772 -0.261197 0.143679 0.400144 0.15878 0.445638 -0.179713 0.16915 -0.00820615 -0.066246 -0.102861 0.230164 -0.320981 0.185372 -0.391044 0.466652 0.761331 0.253765 -0.429851 -0.404054 0.555944 0.154154 -0.00808437 -0.647958 0.411599 -0.216236 
-0.263666 0.31146 -0.0127965 0.19911 0.135499 0.455954 0.0719028 0.98704 -0.339497 0.509993 -0.308452 -0.240399 0.23518 0.210079 0.354283 -0.375633 -0.396341 -0.232922 -0.124092 -0.314542 0.390299 -0.275434 -0.508486 0.0258746 0.163833 0.47711 -0.186844 -0.00749791 -0.645397 -0.253154 0.116339 -0.182993 0.486909 0.0512222 -0.279802 -0.0350031 0.259956 0.237282 -0.079032 -0.256543 0.123296 0.337527 0.152502 0.429041 -0.167083 0.209002 -0.00772407 -0.118764 -0.0927181 0.187203 -0.318897 0.18913 -0.353597 0.46777 0.706606 0.272727 -0.380326 -0.416629 0.489845 0.124214 0.0435584 -0.65739 0.365368 -0.204867 
-0.227908 0.275549 -0.0213371 0.189685 0.12047 0.480437 0.11148 0.909888 -0.340409 0.509378 -0.295858 -0.224206 0.237867 0.176164 0.342275 -0.321907 -0.346505 -0.166031 -0.124904 -0.296665 0.350454 -0.257259 -0.571528 0.019972 0.172909 0.465177 -0.175097 0.00290094 -0.647339 -0.215987 0.102722 -0.181779 0.403001 0.0650101 -0.289086 -0.0547134 0.263873 0.203948 -0.0987475 -0.221955 0.109707 0.351885 0.171937 0.427806 -0.190982 0.139582 0.0216237 -0.0186368 -0.0845888 0.159813 -0.300279 0.178361 -0.354312 0.387951 0.710571 0.281402 -0.44658 -0.437184 0.465827 0.142491 -0.00123811 -0.626391 0.342992 -0.221379 
-0.229727 0.268779 -0.0160255 0.236749 0.117038 0.477886 0.121229 0.88547 -0.313296 0.502395 -0.319574 -0.205051 0.227827 0.145367 0.340674 -0.329355 -0.338963 -0.177518 -0.155648 -0.269957 0.383786 -0.303498 -0.472285 0.0422787 0.161981 0.427305 -0.181724 0.0149632 -0.635238 -0.219822 0.126624 -0.141413 0.363035 0.0999425 -0.285135 -0.0599498 0.226987 0.19379 -0.11472 -0.227484 0.0999095 0.351698 0.113334 0.462798 -0.191917 0.13939 -0.0128297 -0.0376707 -0.0521049 0.138259 -0.312905 0.156111 -0.344276 0.396863 0.683401 0.271305 -0.403778 -0.340936 0.517782 0.160322 -0.0275668 -0.65204 0.352785 -0.1768 
-0.273206 0.254733 -0.0223812 0.208331 0.166169 0.440941 0.129746 0.893891 -0.284646 0.487279 -0.268806 -0.252129 0.177642 0.163754 0.330745 -0.346531 -0.347326 -0.240945 -0.192655 -0.270679 0.322717 -0.245211 -0.513708 -0.00406442 0.200915 0.4368 -0.172568 -0.0020848 -0.611394 -0.21708 0.10353 -0.136649 0.371709 0.0119097 -0.250967 -0.0386462 0.216305 0.238558 -0.0999529 -0.195401 0.0893228 0.329721 0.114 0.451785 -0.193029 0.129421 0.0357758 -0.0571398 -0.0983518 0.125058 -0.243152 0.176242 -0.352472 0.40677 0.689388 0.286425 -0.359081 -0.350189 0.467659 0.0911864 -0.0252511 -0.579911 0.306573 -0.195775 
-0.240732 0.250244 0.00216845 0.187817 0.156102 0.456617 0.0807321 0.859764 -0.262052 0.466519 -0.288922 -0.204609 0.210609 0.125402 0.286549 -0.314568 -0.341294 -0.164339 -0.113459 -0.262031 0.370664 -0.230177 -0.505052 0.00723551 0.168856 0.430281 -0.115022 0.0151649 -0.599295 -0.186615 0.0943985 -0.163317 0.402983 0.00874658 -0.267178 -0.0322312 0.212355 0.245432 -0.0728112 -0.234012 0.114276 0.321783 0.14303 0.419494 -0.120335 0.160249 -0.0257457 -0.0674655 -0.00854841 0.164767 -0.240278 0.145733 -0.289468 0.384211 0.657727 0.264025 -0.399561 -0.377131 0.460482 0.105724 -0.0306599 -0.598597 0.325526 -0.211145 
-0.219543 0.247282 -0.00720471 0.207052 0.12477 0.397324 0.0596891 0.866694 -0.27152 0.431431 -0.304056 -0.173785 0.155961 0.0964956 0.267359 -0.284352 -0.280541 -0.158025 -0.136491 -0.236465 0.330163 -0.240559 -0.501001 -0.00773127 0.192212 0.432488 -0.113809 0.0388758 -0.615629 -0.164585 0.0751802 -0.154292 0.354395 0.0352762 -0.232425 0.00741166 0.182354 0.17356 -0.112701 -0.188047 0.130301 0.313434 0.112822 0.452167 -0.153907 0.136221 -0.0430893 -0.0117228 -0.0622601 0.126524 -0.244746 0.152019 -0.315052 0.317588 0.641845 0.229937 -0.34099 -0.361535 0.39811 0.173925 -0.0325877 -0.606337 0.305862 -0.185466 
-0.209035 0.248184 -0.00486034 0.177437 0.114193 0.423209 0.0804973 0.854462 -0.261638 0.447722 -0.269801 -0.187244 0.171882 0.161784 0.238291 -0.252849 -0.268062 -0.178828 -0.131396 -0.26115 0.300961 -0.220212 -0.439309 0.0435992 0.228185 0.41083 -0.0674582 0.0211592 -0.595891 -0.172442 0.0990267 -0.140977 0.34721 0.0296548 -0.245278 0.00619866 0.205035 0.180441 -0.119728 -0.143682 0.0942195 0.298941 0.07175 0.411638 -0.100175 0.174638 0.0112862 -0.0639148 -0.0248467 0.139979 -0.262189 0.195436 -0.308218 0.304362 0.660405 0.201481 -0.334796 -0.312408 0.361868 0.149939 -0.00990468 -0.588648 0.294084 -0.151672 
-0.210587 0.240825 0.0295136 0.205653 0.146889 0.445437 0.110638 0.858722 -0.242248 0.412134 -0.27312 -0.171384 0.140179 0.121141 0.274954 -0.241484 -0.309302 -0.148959 -0.14261 -0.235578 0.306929 -0.214353 -0.415424 -0.0313223 0.182092 0.385356 -0.0873759 0.00173352 -0.609031 -0.194564 0.0269719 -0.14603 0.34355 0.00420443 -0.233863 0.03433 0.205023 0.175536 -0.121146 -0.191251 0.0686549 0.294187 0.120871 0.423869 -0.109815 0.147697 -0.020225 -0.0519791 -0.0130113 0.146772 -0.150661 0.179266 -0.282116 0.32336 0.645932 0.214864 -0.371153 -0.343448 0.386376 0.125008 0.00321147 -0.549467 0.277041 -0.168151 
-0.270795 0.211473 -0.0214785 0.216518 0.146598 0.389276 0.0812529 0.810819 -0.178286 0.434545 -0.253099 -0.212335 0.135927 0.088523 0.244152 -0.241876 -0.260896 -0.147676 -0.130917 -0.252793 0.280761 -0.263228 -0.379541 0.0156087 0.236059 0.346409 -0.0432689 0.0466347 -0.561195 -0.145508 0.0599676 -0.132434 0.333804 0.0328121 -0.203617 0.0293533 0.193525 0.130742 -0.140054 -0.214224 0.0545185 0.300393 0.0902151 0.42472 -0.160368 0.125407 -0.0406109 -0.0686245 -0.0252387 0.126986 -0.249147 0.172475 -0.279821 0.328703 0.636839 0.157701 -0.322739 -0.288204 0.3833 0.140958 0.00945132 -0.557896 0.291084 -0.134665 
-0.208851 0.169456 0.0337557 0.220392 0.123628 0.369943 0.0760478 0.818589 -0.202237 0.408546 -0.266739 -0.178936 0.134435 0.102913 0.18526 -0.277527 -0.229618 -0.0674887 -0.114979 -0.226263 0.277596 -0.21102 -0.4648 0.0107641 0.20689 0.348757 -0.0354993 0.027934 -0.509076 -0.147174 0.0563565 -0.116414 0.318047 0.0553383 -0.233696 0.049205 0.202459 0.160407 -0.164496 -0.164304 0.0903397 0.255832 0.0548652 0.424929 -0.081206 0.124003 -0.05663 -0.0194686 0.016901 0.120712 -0.1849 0.165269 -0.244786 0.237622 0.581571 0.181546 -0.301318 -0.264793 0.382312 0.113641 -0.0417182 -0.519396 0.244083 -0.160954 
-0.250763 0.248305 0.0053147 0.179956 0.131632 0.362301 0.0608735 0.810161 -0.207663 0.409294 -0.271752 -0.20038 0.13569 0.0451077 0.217401 -0.226908 -0.211212 -0.129173 -0.152803 -0.239906 0.2626 -0.163394 -0.416881 -0.0229011 0.251624 0.379552 -0.0490815 0.0316898 -0.545146 -0.171767 0.0669388 -0.105026 0.281612 0.047904 -0.217232 0.0430576 0.130945 0.146099 -0.170432 -0.154875 0.0848678 0.280721 0.0285793 0.394828 -0.0634531 0.147094 -0.0253774 -0.014012 0.0406592 0.118951 -0.154546 0.118665 -0.212508 0.279914 0.544385 0.179563 -0.310395 -0.296836 0.335233 0.119999 -0.00309142 -0.52788 0.251779 -0.135917 
-0.234568 0.218311 0.0566916 0.168065 0.12378 0.330579 0.0365099 0.792071 -0.201541 0.378494 -0.290168 -0.172748 0.112492 0.0536411 0.229767 -0.183523 -0.210345 -0.0823826 -0.190172 -0.266182 0.247548 -0.184188 -0.385698 -0.0183336 0.295716 0.34604 -0.0360749 0.00577241 -0.520826 -0.134315 0.00797672 -0.0697581 0.252498 0.0206522 -0.157695 0.0775357 0.113244 0.169712 -0.148578 -0.154783 0.0748495 0.263302 0.0253572 0.418272 -0.0689835 0.145502 -0.0639597 -0.0504565 0.0505734 0.0585574 -0.18967 0.131029 -0.226965 0.2779 0.57947 0.141329 -0.212673 -0.303277 0.30867 0.106154 -0.0177466 -0.554829 0.253912 -0.140824 
-0.206438 0.208257 -0.0157857 0.203055 0.145069 0.326537 0.0389495 0.753787 -0.162292 0.377402 -0.240152 -0.173271 0.0740674 0.017066 0.176784 -0.159378 -0.196703 -0.0562512 -0.192951 -0.22315 0.217301 -0.165382 -0.401823 -0.004742 0.214972 0.362309 -0.0293928 0.0835625 -0.53036 -0.17474 0.0540798 -0.0579302 0.271896 0.0408887 -0.164164 0.0876537 0.172982 0.159751 -0.193876 -0.185584 0.0354454 0.303207 0.0134238 0.411386 -0.0277352 0.132119 -0.0299207 -0.0437534 0.082321 0.0759273 -0.133594 0.137377 -0.215364 0.243544 0.521423 0.166356 -0.31436 -0.228281 0.295683 0.088544 0.0280241 -0.487465 0.224946 -0.125378 
-0.200675 0.161529 0.0154778 0.196573 0.112131 0.318196 0.0521342 0.741374 -0.172678 0.318611 -0.289548 -0.164408 0.111879 0.0309935 0.176153 -0.157396 -0.173854 -0.043052 -0.209123 -0.252056 0.250825 -0.149742 -0.376045 -0.0272312 0.208389 0.294649 -0.0563355 0.011495 -0.512581 -0.163594 -0.000836791 -0.0389133 0.21813 0.030534 -0.151671 0.0726541 0.111906 0.170503 -0.203771 -0.139761 0.083764 0.213045 0.0270733 0.410251 -0.0419424 0.14313 -0.00845677 -0.00333148 0.0688005 0.107407 -0.132163 0.171589 -0.194215 0.218485 0.545496 0.132543 -0.305449 -0.231142 0.303276 0.144402 -0.0190171 -0.49592 0.224885 -0.145127 
-0.210336 0.147995 0.0452203 0.207006 0.153609 0.332848 0.0653742 0.712095 -0.158109 0.294161 -0.253721 -0.158346 0.04513 0.00274783 0.207006 -0.16072 -0.197982 -0.0272034 -0.149461 -0.206917 0.213382 -0.171833 -0.319912 0.00189241 0.24591 0.305521 0.0218246 0.0949857 -0.534371 -0.14648 -0.048807 -0.0696837 0.207185 0.0365775 -0.138515 0.0931534 0.08693 0.112074 -0.185657 -0.139088 0.0427525 0.210167 -0.00626921 0.400551 -0.0165337 0.141886 -0.00180782 -0.0163902 0.0416184 0.047361 -0.123806 0.149208 -0.158269 0.216628 0.493144 0.094232 -0.264581 -0.195395 0.288672 0.104211 -0.0197055 -0.492794 0.189966 -0.126717 
-0.227208 0.190207 0.0352047 0.183519 0.116832 0.293147 0.0534423 0.713849 -0.135042 0.30289 -0.283877 -0.148474 0.0574332 0.0325446 0.16103 -0.131508 -0.149718 -0.0021742 -0.216413 -0.187297 0.204628 -0.125169 -0.316208 -0.0200236 0.27827 0.28313 0.0179638 0.0374215 -0.488395 -0.141703 -0.0321093 -0.0560173 0.224123 0.0338053 -0.134076 0.067262 0.096185 0.134787 -0.181115 -0.118471 0.000808589 0.263464 0.00237454 0.372528 -0.0297838 0.147642 -0.0277619 -0.0123172 0.108225 0.0629674 -0.098365 0.182322 -0.140407 0.206291 0.516816 0.124559 -0.242054 -0.187106 0.238261 0.150548 -0.0253809 -0.495261 0.160303 -0.169245 
-0.212643 0.181369 0.0413692 0.195919 0.107248 0.277321 0.00423028 0.7101 -0.0796175 0.288947 -0.293482 -0.141904 0.0472658 0.0306866 0.139722 -0.127412 -0.117906 -0.0386101 -0.181905 -0.179449 0.197545 -0.142778 -0.327014 -0.0789378 0.287148 0.310195 0.0226428 0.0449113 -0.505418 -0.100373 0.000833179 -0.0384608 0.162231 0.0185998 -0.0998134 0.0864836 0.114422 0.141528 -0.196105 -0.0926336 0.00977769 0.208013 -0.00768492 0.393573 -0.0296232 0.158888 -0.0442565 0.0134251 0.123991 0.0287354 -0.116509 0.136879 -0.115258 0.175813 0.502006 0.116269 -0.221827 -0.1871 0.274842 0.0963707 -0.00544048 -0.533568 0.154579 -0.0724713 
-0.21604 0.153736 0.0143584 0.227471 0.0978153 0.274683 0.0459828 0.691912 -0.107816 0.280053 -0.274214 -0.123153 0.00897117 -0.0109091 0.167746 -0.122242 -0.14981 0.049592 -0.16709 -0.194545 0.155881 -0.13556 -0.247791 -0.0625732 0.293741 0.267504 0.027048 0.0544467 -0.479854 -0.126642 -0.00273281 -0.0337789 0.156311 0.0190723 -0.0975815 0.14862 0.0274639 0.0834596 -0.221732 -0.102195 0.0222329 0.212135 -0.0478691 0.386189 -0.0469502 0.12663 -0.0342827 0.0118896 0.104137 0.0516171 -0.11193 0.145754 -0.137405 0.161755 0.480632 0.121009 -0.225877 -0.177224 0.241944 0.17369 -0.01056 -0.521929 0.165619 -0.104258 
-0.18357 0.213824 0.0587867 0.196035 0.103931 0.269651 0.0591262 0.7116 -0.073815 0.256564 -0.282561 -0.134446 -0.00600738 -0.0247186 0.130223 -0.100654 -0.103523 0.0117487 -0.155406 -0.21936 0.137574 -0.116195 -0.276617 -0.090439 0.2601 0.27414 0.0482731 0.0542937 -0.489272 -0.0942028 -0.0678763 0.0270726 0.112852 0.00470487 -0.102568 0.130012 0.0842232 0.0615598 -0.237834 -0.0995715 -0.0171586 0.241891 -0.0751623 0.387028 -0.0104423 0.134661 -0.0288094 -0.0253235 0.104776 0.0474645 -0.0797682 0.120859 -0.106598 0.111211 0.437896 0.118365 -0.209699 -0.138415 0.208995 0.126854 -0.0100106 -0.51854 0.172225 -0.0945698 
-0.289083 0.14593 0.0525455 0.212172 0.122795 0.271522 0.0690056 0.636256 -0.0688046 0.258488 -0.235251 -0.173372 0.00851588 -0.0139376 0.137944 -0.0861359 -0.0756259 0.0176874 -0.148241 -0.217735 0.171005 -0.149101 -0.267452 0.000757158 0.29957 0.252629 0.0679315 0.0724162 -0.455727 -0.113411 -0.0583292 -0.0528994 0.098484 0.00907415 -0.0680159 0.152071 0.0606451 0.0701064 -0.208192 -0.143032 -0.0204904 0.20365 -0.0749668 0.337348 0.0260059 0.150733 -0.0477401 0.00175625 0.125542 0.0107157 -0.0733687 0.0867633 -0.117592 0.153138 0.425215 0.0566699 -0.233898 -0.105504 0.189359 0.0969185 -0.0361491 -0.489912 0.164821 -0.0955648 
-0.199259 0.18412 0.0614396 0.180345 0.0994255 0.231902 0.0254844 0.660011 -0.0349139 0.246285 -0.246652 -0.121065 -0.00293766 -0.00946886 0.0847869 -0.0637165 -0.090211 0.0504477 -0.170838 -0.197918 0.157185 -0.0999985 -0.23572 -0.0572225 0.282078 0.279957 0.111696 0.0820925 -0.452778 -0.0904969 -0.0462342 0.00645029 0.125141 0.0232168 -0.0510271 0.16468 0.00394181 0.115612 -0.225081 -0.108278 0.017845 0.226253 -0.100119 0.374784 0.0182163 0.147683 -0.09763 0.0215044 0.155523 0.0400471 -0.0209951 0.101894 -0.124275 0.1185 0.434298 0.104764 -0.163926 -0.0964648 0.154094 0.141852 -0.048992 -0.466701 0.141237 -0.14358 
-0.272129 0.170299 0.0690926 0.182253 0.102304 0.253958 0.0320942 0.627117 -0.0695031 0.217605 -0.282093 -0.156911 -0.000460383 -0.0719511 0.126787 -0.0264554 -0.0454749 0.0873142 -0.19556 -0.199784 0.0862342 -0.120411 -0.236683 -0.0526068 0.268707 0.275571 0.103035 0.0594032 -0.424547 -0.0510341 -0.094232 0.0204535 0.0728253 -0.00150179 -0.0509863 0.202321 0.0469687 0.0895767 -0.281036 -0.0723128 -0.048402 0.161529 -0.0943647 0.320632 0.0531318 0.138508 -0.0590354 0.0385459 0.153903 0.0187893 -0.00652136 0.135332 -0.089458 0.117208 0.424298 0.0551909 -0.164755 -0.0781127 0.161203 0.142845 -0.00373895 -0.488615 0.172599 -0.0800031 
-0.229703 0.171563 0.055582 0.188535 0.109359 0.242686 0.0108521 0.641007 -0.0236845 0.247926 -0.252117 -0.116431 -0.054674 -0.0385398 0.120868 -0.0183847 -0.0343875 0.0412006 -0.202455 -0.208977 0.1323 -0.10233 -0.220445 -0.0718468 0.338688 0.237164 0.169628 0.110488 -0.4282 -0.08225 -0.06379 0.0217127 0.0676638 0.0388819 -0.0373453 0.156834 -0.000127491 0.0545675 -0.221019 -0.0581409 0.0160241 0.14019 -0.129591 0.366725 0.0139066 0.148013 -0.0401909 0.0384493 0.177149 0.00786188 -0.0239108 0.137523 -0.0607215 0.0757238 0.399542 0.0380159 -0.120301 -0.110917 0.149539 0.142878 -0.0421302 -0.43956 0.116959 -0.0666219 
-0.223509 0.163837 0.0716349 0.212075 0.0943541 0.180113 -0.00450467 0.680855 -0.027925 0.217934 -0.238891 -0.13509 -0.00130361 -0.0467583 0.0852618 -0.0470595 -0.0257795 0.0747551 -0.155464 -0.176748 0.10201 -0.0845793 -0.207176 -0.0820238 0.309828 0.255736 0.126198 0.08866 -0.42701 -0.0521941 -0.096191 0.0604924 0.0421074 0.0229117 -0.0259233 0.176254 0.0131778 0.0815672 -0.241534 -0.0727099 -0.0270618 0.140701 -0.144826 0.346513 0.0474904 0.121077 -0.0663991 0.0520112 0.176264 -0.0816464 0.00232326 0.140287 -0.103535 0.0601693 0.396459 -0.000429957 -0.144725 -0.0525958 0.170321 0.109155 -0.00479571 -0.453839 0.0718329 -0.0856137 
-0.224735 0.136748 0.0574209 0.224572 0.116152 0.171987 0.0280777 0.587341 -0.0179444 0.171867 -0.228672 -0.108158 -0.0533909 -0.0538342 0.103614 -0.0302336 0.00526604 0.0893222 -0.193356 -0.165322 0.104704 -0.0317266 -0.166558 -0.047247 0.324598 0.243986 0.156616 0.0896566 -0.47964 -0.0115784 -0.101071 0.0160437 0.00131441 0.0595051 0.00616752 0.225922 -0.0234455 0.0699107 -0.274672 -0.0642323 -0.03244 0.123753 -0.118778 0.340661 0.0170701 0.176673 -0.0588867 0.0449299 0.208921 -0.0451262 0.0513311 0.15225 -0.0636955 0.0781907 0.320443 0.030583 -0.135327 -0.0342293 0.121603 0.115635 -0.0272318 -0.442731 0.0582544 -0.0493929 
-0.216834 0.152181 0.0538617 0.193847 0.127936 0.159955 0.0449169 0.599629 0.0369012 0.237263 -0.265021 -0.129977 -0.058078 -0.105639 0.0544343 -0.0259533 0.00648184 0.0935164 -0.24875 -0.198121 0.0732405 -0.115406 -0.152833 -0.0470506 0.314744 0.204587 0.132322 0.0849386 -0.432363 -0.0454021 -0.128591 0.076867 0.00979265 0.00431712 -0.00354076 0.199042 -0.0353927 0.0899669 -0.273918 -0.0814768 -0.0277909 0.175662 -0.162893 0.299887 0.0443346 0.12837 -0.0855703 0.0556206 0.2467 -0.0396675 0.0600754 0.0717426 -0.0289078 0.0602305 0.349905 0.000790697 -0.14601 -0.0250112 0.0969454 0.134562 -0.0309691 -0.430978 0.0771297 -0.0693083 
-0.172459 0.129442 0.107978 0.180854 0.109967 0.172408 0.0444301 0.553053 0.0203686 0.190854 -0.253758 -0.0820112 -0.0893711 -0.10767 0.04979 0.0125179 0.00220351 0.132626 -0.217582 -0.178581 0.0759132 -0.0330334 -0.14713 -0.0340929 0.324107 0.18384 0.166682 0.0751587 -0.467772 -0.0482929 -0.0973274 0.0287066 0.0145121 -0.00585815 -0.0184435 0.191592 -0.0883447 0.0287415 -0.308784 -0.0556812 -0.0260403 0.113068 -0.193348 0.301381 0.0818146 0.151583 -0.0835277 0.0473753 0.201959 -0.0381303 0.0465967 0.0648288 -0.0276948 -0.0152285 0.324848 -0.00205586 -0.112449 -0.0264142 0.0848053 0.105959 0.00335106 -0.409186 0.0400399 -0.0319999 
-0.209767 0.121568 0.104205 0.172172 0.109007 0.152202 0.02068 0.575432 0.0372398 0.158067 -0.224433 -0.111429 -0.0533399 -0.0807942 0.0386972 0.022742 0.0277597 0.124912 -0.221041 -0.14317 0.0459241 -0.0475442 -0.128602 -0.104949 0.347722 0.219482 0.175731 0.0751111 -0.371135 -0.0102461 -0.0996148 0.0818126 -0.0174024 0.0812519 -0.0106981 0.237151 -0.0312553 0.0300692 -0.294956 -0.00299783 -0.0238934 0.15561 -0.183133 0.29098 0.0850651 0.115463 -0.0966275 0.0572055 0.271457 -0.0602306 0.0921433 0.0672736 -0.0297829 0.0390126 0.312699 -0.0441814 -0.0850113 -0.0193857 0.0530589 0.0808197 -0.00102215 -0.407733 0.0535143 -0.0493231 
-0.201367 0.143268 0.0718653 0.201827 0.101208 0.147922 -0.0280731 0.520165 0.0693444 0.184291 -0.246252 -0.0752323 -0.103156 -0.113335 0.0309993 0.000780086 0.0882555 0.140358 -0.166817 -0.145111 0.0442562 -0.0143558 -0.0927815 -0.0684364 0.333029 0.180543 0.196302 0.0907477 -0.387225 -0.00206113 -0.13477 0.111222 -0.0346251 0.040914 0.00298782 0.231979 -0.0822271 0.0372073 -0.319056 -0.00913237 -0.0250263 0.120795 -0.215529 0.268072 0.0604307 0.185418 -0.0780955 0.0607004 0.290692 -0.0627536 0.0744054 0.0989963 -0.0158267 -0.0122057 0.330411 0.0666022 -0.0934717 0.0355747 0.0807869 0.0816107 0.010291 -0.395237 0.0371977 -0.0241809 
-0.189731 0.0686346 0.076814 0.18716 0.0925804 0.126067 -0.00211402 0.555212 0.102176 0.127707 -0.184011 -0.111967 -0.082323 -0.123134 -0.0133582 0.0585557 0.0464833 0.153369 -0.175015 -0.1881 0.0154261 0.00437225 -0.0866434 -0.0631416 0.345852 0.206237 0.191353 0.15649 -0.370933 -0.0489868 -0.137045 0.0994523 -0.0162866 0.000517288 0.0196057 0.231474 -0.050608 0.0411313 -0.302207 -0.0269547 -0.0964844 0.0971674 -0.180521 0.317427 0.0840328 0.164507 -0.0939764 0.0790721 0.257591 -0.0863719 0.132367 0.0626537 -0.0138668 -0.0375519 0.296773 -0.00793974 -0.0874309 0.0248109 0.0306609 0.106814 -0.0646347 -0.405365 0.0422325 -0.0412125 
-0.197199 0.0996108 0.0927324 0.198159 0.0311142 0.073669 -0.0128388 0.548296 0.0837268 0.160857 -0.240111 -0.0776821 -0.0961772 -0.12488 -0.00704896 0.0825454 0.0904767 0.15514 -0.16692 -0.162725 -0.021242 -0.0396417 -0.0489561 -0.0983685 0.367417 0.150679 0.251232 0.0962723 -0.348449 0.0623986 -0.104247 0.113999 -0.0640882 0.0665848 0.0114013 0.245327 -0.0856515 0.0329148 -0.302281 -0.0498631 -0.0535742 0.0725975 -0.202945 0.309857 0.077167 0.152015 -0.0747815 0.102208 0.2743 -0.110953 0.083538 0.0580724 0.056543 -0.0518252 0.275979 -0.00247749 -0.0402806 0.0382598 0.0726555 0.153401 -0.0243676 -0.362537 0.0359746 -0.0471304 
-0.178753 0.123236 0.10681 0.203703 0.125845 0.0979091 -0.00995872 0.47522 0.107139 0.0950041 -0.233605 -0.105709 -0.115867 -0.145868 0.0248248 0.0665914 0.116356 0.223215 -0.204248 -0.164198 0.00503534 -0.0234555 -0.0488261 -0.0596428 0.354179 0.115039 0.246002 0.0862626 -0.365205 -0.00944748 -0.142062 0.129011 -0.0664595 -0.012994 0.0340878 0.28956 -0.0825617 0.0662302 -0.330335 -0.0323078 -0.0407568 0.0818048 -0.196226 0.3136 0.116335 0.148269 -0.0513233 0.0619649 0.322332 -0.0926402 0.154004 0.0743045 0.0365118 -0.0570481 0.24465 0.0128137 -0.021833 0.076481 0.0619006 0.145474 -0.0132392 -0.347593 -0.000198759 -0.0485333 
-0.224977 0.100148 0.107789 0.184886 0.0926875 0.105717 0.0041282 0.494404 0.127632 0.1238 -0.209429 -0.0929414 -0.0981453 -0.155728 -0.0593 0.132179 0.100876 0.214189 -0.175724 -0.168149 -0.0144377 0.00292956 -0.0619849 -0.0815673 0.378197 0.14683 0.214676 0.137733 -0.381003 -0.021616 -0.161358 0.143156 -0.0883087 0.0390518 0.0499413 0.271305 -0.113323 0.00302439 -0.30955 -0.0521183 -0.0538272 0.0419287 -0.273399 0.262042 0.122419 0.187075 -0.0789114 0.0563406 0.289476 -0.0937951 0.149928 0.0806653 0.0218803 -0.108313 0.218671 -0.0200208 -0.00525772 0.0660764 0.0243578 0.0918558 0.0323659 -0.354217 -0.039756 -0.0663358 
-0.19123 0.0905095 0.0762329 0.220122 0.066808 0.105224 -0.0116784 0.473176 0.170795 0.0489676 -0.249723 -0.0971633 -0.142824 -0.156436 -0.0327009 0.116821 0.167209 0.186546 -0.177487 -0.139394 -0.0356957 0.0284011 -0.0368363 -0.0934014 0.391957 0.119425 0.276463 0.0833871 -0.32089 0.0744996 -0.195493 0.136445 -0.136789 0.0292037 0.108895 0.307142 -0.093485 -0.00341016 -0.331427 0.0154779 -0.0753333 0.0705464 -0.217242 0.284387 0.122643 0.173566 -0.115932 0.121007 0.308441 -0.0991866 0.163261 0.0967781 0.0918896 -0.107672 0.232592 -0.0324215 0.0292431 0.12196 -0.0534914 0.1078 -0.0226493 -0.34108 -0.00361547 -0.0149308 
-0.175469 0.0743821 0.0774249 0.195099 0.0651816 0.023576 -0.0108711 0.475403 0.165023 0.0488847 -0.172089 -0.106449 -0.149661 -0.160136 -0.023408 0.115571 0.166024 0.286539 -0.187418 -0.116316 -0.0283139 0.0192822 -0.0276848 -0.0754793 0.359416 0.108153 0.308443 0.10905 -0.310049 0.0192261 -0.184625 0.124756 -0.139829 0.00267542 0.108476 0.265211 -0.127885 -0.0163922 -0.355924 -0.00669019 -0.0913354 0.00831176 -0.239271 0.267609 0.118686 0.151688 -0.0953498 0.0938094 0.282932 -0.134749 0.207167 0.0797017 0.0644535 -0.0755801 0.215951 -0.0497012 0.0118302 0.123865 -0.0123477 0.0935568 -0.0359423 -0.360877 -0.0719252 -0.0199728 
-0.201355 0.096157 0.103821 0.210592 0.106741 0.0324501 -0.0421774 0.474965 0.161622 0.0372019 -0.223385 -0.102411 -0.154912 -0.164822 -0.065182 0.150086 0.137694 0.259481 -0.209252 -0.108425 -0.0115188 0.0446883 0.018793 -0.0903583 0.428139 0.119368 0.273761 0.193998 -0.28724 0.0585936 -0.18655 0.146145 -0.154778 0.0141784 0.126932 0.282381 -0.0952042 -0.0123299 -0.336988 0.0372868 -0.0438163 0.0525965 -0.229706 0.249974 0.154059 0.104735 -0.126999 0.138875 0.314595 -0.130855 0.152623 0.0728456 0.0665018 -0.130999 0.192894 -0.0549353 0.0299654 0.154904 -0.0416778 0.151826 -0.0123121 -0.318763 -0.0719357 -0.0190981 
-0.202586 0.114694 0.123385 0.176867 0.105747 0.0256002 -0.00460684 0.443227 0.216299 0.0709709 -0.2258 -0.0814089 -0.184324 -0.197417 -0.0552047 0.158269 0.194791 0.266875 -0.233936 -0.141945 -0.0365774 0.023668 -0.0196023 -0.0803858 0.40253 0.119587 0.277013 0.121041 -0.305956 0.0385536 -0.230891 0.181482 -0.190693 0.0228758 0.111898 0.30167 -0.152028 -0.0240083 -0.347833 0.0148468 -0.0638409 0.00404762 -0.249099 0.253619 0.208448 0.139869 -0.091508 0.105976 0.359302 -0.0968225 0.217736 0.0578693 0.0777638 -0.145765 0.188041 -0.0739402 0.0134189 0.202702 -0.0255326 0.133623 -0.0175808 -0.311168 -0.042644 -0.0103609 
-0.171416 0.0533895 0.108558 0.205268 0.0327153 -0.000471332 -0.0585324 0.443483 0.194573 -0.0248031 -0.212836 -0.0746222 -0.201982 -0.210582 -0.0851385 0.188121 0.166421 0.256369 -0.238606 -0.152439 -0.0597644 0.0736083 0.0548595 -0.103184 0.437018 0.0890297 0.349415 0.138554 -0.273011 0.0485851 -0.219325 0.189068 -0.163577 0.0272845 0.102429 0.324163 -0.15098 -0.0128554 -0.373605 0.0124064 -0.114303 0.0208554 -0.267959 0.288226 0.164007 0.170278 -0.0778484 0.0860132 0.352638 -0.146868 0.245082 0.0297347 0.0895954 -0.167396 0.213261 -0.0800073 0.0347619 0.192733 -0.0548014 0.111087 -0.0424139 -0.29832 -0.0481298 0.0283473 
-0.163791 0.0243022 0.0990614 0.202716 0.104187 -0.00319993 -0.0183629 0.401684 0.173956 0.00532217 -0.180989 -0.0840624 -0.193488 -0.181613 -0.0513545 0.183025 0.190191 0.277327 -0.199376 -0.140938 -0.0561089 0.0734738 0.0658497 -0.136164 0.45084 0.0685142 0.355536 0.119462 -0.283105 0.0799982 -0.212673 0.186363 -0.194819 0.0110516 0.101082 0.315569 -0.186819 -0.0121114 -0.398475 0.0755456 -0.112657 0.00677431 -0.301217 0.260446 0.185091 0.171605 -0.0890764 0.105956 0.376774 -0.131378 0.237294 0.0369372 0.103326 -0.148416 0.146503 -0.0743069 0.0264858 0.18901 -0.119833 0.0857977 -0.0351263 -0.29681 -0.0545211 0.0295516 
-0.1586 0.0556638 0.135436 0.205316 0.0655832 -0.0362913 -0.0919923 0.368614 0.212682 -0.00508947 -0.204803 -0.0304918 -0.265412 -0.215104 -0.107166 0.194958 0.213493 0.302572 -0.195223 -0.14698 -0.0873187 0.127898 0.0705112 -0.174786 0.437415 0.0531382 0.337708 0.149734 -0.271868 0.0978399 -0.256015 0.171802 -0.200491 0.000713942 0.150197 0.30896 -0.185246 -0.0478955 -0.384601 0.0345729 -0.0452334 0.00206397 -0.298598 0.255503 0.191959 0.139406 -0.117114 0.130408 0.366309 -0.139442 0.240926 0.0344003 0.10772 -0.177229 0.155856 -0.0532335 0.0763982 0.207095 -0.0844198 0.130802 -0.0308105 -0.303004 -0.0841231 -0.0391167 
-0.156583 0.0574439 0.0731489 0.227276 0.0577167 -0.017831 -0.0107347 0.343822 0.217729 -0.0154677 -0.221962 -0.0456608 -0.265823 -0.264494 -0.148697 0.235768 0.253068 0.30649 -0.234115 -0.0998918 -0.0748395 0.114452 0.115614 -0.106874 0.42429 0.0192582 0.380412 0.163274 -0.258243 0.0836537 -0.223871 0.20872 -0.235177 0.0193028 0.107887 0.380488 -0.220259 -0.0350124 -0.37865 0.0629859 -0.0869526 0.0155613 -0.287501 0.239914 0.202397 0.162809 -0.0910705 0.085514 0.427029 -0.184687 0.273999 0.0592455 0.140338 -0.222241 0.101886 -0.0946857 0.0689225 0.224769 -0.123595 0.143127 -0.0165973 -0.266072 -0.0970964 0.0358288 
-0.187304 0.0222745 0.122612 0.226123 0.0359267 -0.0351775 -0.0173568 0.351107 0.283199 -0.00768161 -0.195592 -0.00453686 -0.229696 -0.244814 -0.103734 0.221723 0.195257 0.347981 -0.191323 -0.133133 -0.0860342 0.0989079 0.140661 -0.140104 0.414339 0.00263101 0.402833 0.131968 -0.282749 0.0736987 -0.270646 0.227139 -0.259073 0.0194842 0.137797 0.348635 -0.203562 -0.0456279 -0.384244 0.0204034 -0.10827 -0.0398043 -0.275748 0.275567 0.168344 0.151481 -0.0880149 0.105535 0.421336 -0.200654 0.241046 0.0559981 0.137487 -0.217813 0.136217 -0.115909 0.0828875 0.232467 -0.133984 0.0964638 -0.0733191 -0.26726 -0.116947 0.0405318 
-0.185743 0.0512164 0.0955863 0.190522 0.0434243 -0.058067 -0.0208804 0.355772 0.249522 -0.00284045 -0.234843 -0.0575044 -0.272806 -0.255312 -0.117923 0.213918 0.307057 0.359726 -0.252095 -0.111714 -0.0898205 0.0992521 0.112535 -0.147181 0.479651 0.0553227 0.368538 0.139466 -0.230488 0.0708784 -0.266736 0.223182 -0.276424 0.0084768 0.173466 0.369729 -0.186735 -0.0695751 -0.379672 0.0762032 -0.111229 -0.0293752 -0.327828 0.235289 0.213162 0.158911 -0.144658 0.132772 0.400299 -0.164165 0.293097 0.00912887 0.182749 -0.242425 0.0643699 -0.102499 0.121522 0.249591 -0.146703 0.13135 -0.038291 -0.268105 -0.157128 -0.00798105 
-0.19037 -0.00503592 0.0902662 0.213353 0.0346858 -0.0826049 -0.0890212 0.299834 0.307793 -0.061057 -0.20583 -0.0533199 -0.301444 -0.260911 -0.152447 0.24047 0.311366 0.337562 -0.216642 -0.145554 -0.137326 0.127068 0.193899 -0.090153 0.458673 0.0308696 0.398105 0.151124 -0.193409 0.117195 -0.270964 0.241485 -0.311123 0.0143314 0.159107 0.37856 -0.24426 -0.1049 -0.395102 0.0506309 -0.125626 -0.0263501 -0.369923 0.191957 0.255294 0.131399 -0.115739 0.121753 0.447215 -0.173537 0.294151 0.0225927 0.185526 -0.261568 0.134591 -0.114502 0.118593 0.237269 -0.158553 0.146245 -0.0525373 -0.240912 -0.157499 0.0602183 
-0.145981 0.0466834 0.137689 0.209498 0.0386259 -0.0736128 -0.0651184 0.288783 0.26044 -0.0341968 -0.217373 0.0253561 -0.264504 -0.257943 -0.149906 0.260421 0.290923 0.396459 -0.201867 -0.117531 -0.113649 0.143432 0.129813 -0.132982 0.440304 0.0188533 0.419758 0.146811 -0.234056 0.122765 -0.297503 0.250945 -0.269762 0.0100612 0.187694 0.368054 -0.253145 -0.0941602 -0.407445 0.0876914 -0.103559 -0.0492737 -0.378778 0.230486 0.224608 0.134896 -0.108312 0.131539 0.496989 -0.168308 0.300004 0.0500025 0.158243 -0.248981 0.0531165 -0.12324 0.116227 0.255227 -0.179684 0.111114 -0.045496 -0.254637 -0.159944 0.0513357 
-0.167965 0.0278967 0.128117 0.171675 0.0452165 -0.115155 -0.0710284 0.252867 0.327584 -0.0610357 -0.22333 -0.035288 -0.300569 -0.255223 -0.175721 0.309975 0.287883 0.394728 -0.189878 -0.133142 -0.161583 0.126343 0.164766 -0.118022 0.486194 0.00639469 0.426377 0.145764 -0.212677 0.120936 -0.286365 0.269132 -0.326761 0.00288629 0.237252 0.402081 -0.265336 -0.126804 -0.367473 0.0734578 -0.128851 -0.0594606 -0.384512 0.201522 0.263138 0.157539 -0.132163 0.154336 0.42865 -0.231591 0.3734 0.00849461 0.206849 -0.271962 0.0926566 -0.160071 0.121885 0.291606 -0.166692 0.132384 -0.0547809 -0.20687 -0.158084 0.0416565 
-0.140325 0.0153376 0.137005 0.248013 0.0650981 -0.0834109 -0.123521 0.253143 0.315833 -0.111221 -0.242761 -0.0702939 -0.279138 -0.269214 -0.192859 0.313272 0.289511 0.38738 -0.242323 -0.126083 -0.154 0.124669 0.189008 -0.173517 0.530787 -0.0111474 0.472901 0.17123 -0.234795 0.13658 -0.301563 0.271232 -0.29244 0.0389476 0.224268 0.409922 -0.269364 -0.118149 -0.395393 0.10376 -0.149832 -0.0821998 -0.380103 0.216115 0.220257 0.149816 -0.13038 0.180495 0.433077 -0.206381 0.318904 0.0101093 0.187894 -0.291914 0.0760994 -0.182798 0.139895 0.322355 -0.254375 0.122654 -0.0315496 -0.229815 -0.138454 0.0500393 
-0.168486 0.00801221 0.172424 0.248047 0.0790192 -0.0879543 -0.0517116 0.24269 0.295256 -0.0590626 -0.189065 -0.0332399 -0.323488 -0.279852 -0.204361 0.353717 0.323827 0.374294 -0.236158 -0.0882435 -0.210473 0.166764 0.171029 -0.148572 0.466079 -0.0316831 0.497419 0.175968 -0.213227 0.110402 -0.310561 0.256604 -0.363422 0.0254949 0.240353 0.407926 -0.269213 -0.0762162 -0.425607 0.109033 -0.103102 -0.0878318 -0.404396 0.214986 0.239332 0.149662 -0.10899 0.15753 0.469279 -0.270569 0.36437 0.0389984 0.191054 -0.350067 0.0160577 -0.175745 0.20575 0.33341 -0.230083 0.0716761 0.0039708 -0.230442 -0.18199 0.0415236 
-0.191244 -0.0111346 0.168722 0.18447 -0.00524827 -0.133462 -0.0615426 0.214102 0.343485 -0.0893835 -0.134496 -0.0546524 -0.305057 -0.321829 -0.191944 0.347719 0.309541 0.391738 -0.239072 -0.107583 -0.207856 0.21829 0.220168 -0.185967 0.48647 -0.0496237 0.497374 0.202742 -0.187478 0.145681 -0.326995 0.267031 -0.342816 0.027751 0.283693 0.391878 -0.314839 -0.105451 -0.435888 0.118631 -0.113415 -0.0907109 -0.433148 0.222477 0.285357 0.110073 -0.103615 0.160793 0.527554 -0.24477 0.353577 0.0227497 0.256594 -0.326151 -0.0404214 -0.170824 0.175045 0.337877 -0.265083 0.100068 -0.0990202 -0.233322 -0.218684 0.0549866 
-0.166463 0.00779962 0.148843 0.201027 0.0379247 -0.111518 -0.0830123 0.211199 0.373372 -0.0962132 -0.159033 -0.0241818 -0.321815 -0.312943 -0.204274 0.345077 0.373249 0.436746 -0.247886 -0.0829163 -0.208358 0.19186 0.226585 -0.125611 0.482691 -0.0424176 0.516181 0.213658 -0.147666 0.220923 -0.33228 0.283991 -0.371577 0.0048973 0.245473 0.434718 -0.274656 -0.122939 -0.45047 0.103194 -0.122932 -0.146253 -0.419867 0.218261 0.295889 0.174504 -0.148776 0.184566 0.532211 -0.220198 0.41878 -0.00571911 0.285303 -0.355079 0.0204888 -0.172811 0.212154 0.367812 -0.251203 0.133075 -0.0389807 -0.227268 -0.198267 0.0612358 
-0.182437 -0.0291857 0.148161 0.205253 0.025617 -0.183066 -0.0599628 0.227285 0.401568 -0.167802 -0.178 0.00441065 -0.323072 -0.323483 -0.194968 0.359089 0.380877 0.423409 -0.222897 -0.106229 -0.192547 0.18504 0.261937 -0.157459 0.491886 -0.0137243 0.518652 0.20227 -0.166769 0.109878 -0.34 0.286011 -0.414812 0.0272712 0.26061 0.453292 -0.335581 -0.158214 -0.451665 0.116502 -0.142111 -0.118689 -0.420862 0.22666 0.268306 0.164523 -0.122494 0.147894 0.508204 -0.256223 0.400197 0.0176021 0.267101 -0.350348 -0.00589971 -0.170771 0.169986 0.394901 -0.253937 0.132456 -0.0704755 -0.237591 -0.204999 0.0715329 
-0.130919 -0.0348844 0.117329 0.176408 0.0353814 -0.188757 -0.112378 0.201484 0.390585 -0.186366 -0.173028 -0.00451884 -0.374981 -0.363233 -0.243196 0.363636 0.344879 0.468524 -0.24322 -0.0853959 -0.241561 0.208458 0.267212 -0.171727 0.503835 -0.048075 0.517263 0.201693 -0.135814 0.1695 -0.41095 0.327654 -0.424668 0.0157645 0.274354 0.470251 -0.27512 -0.152403 -0.456299 0.135478 -0.157155 -0.111441 -0.43916 0.191262 0.27944 0.132993 -0.109306 0.192545 0.547026 -0.253842 0.417205 0.0206391 0.257448 -0.422767 -0.0605228 -0.21045 0.255013 0.374095 -0.322368 0.106861 -0.0366173 -0.215177 -0.234655 0.0836194 
-0.114478 -0.028816 0.129618 0.231367 0.0570772 -0.159228 -0.107735 0.198025 0.412605 -0.194465 -0.185732 0.00215604 -0.371845 -0.369568 -0.236879 0.40987 0.433848 0.445774 -0.183588 -0.0872037 -0.209955 0.224509 0.259193 -0.195227 0.526783 -0.0489023 0.555955 0.21211 -0.151162 0.167685 -0.378994 0.342441 -0.438159 -0.0234776 0.304156 0.448985 -0.305982 -0.075822 -0.436864 0.140649 -0.165707 -0.141295 -0.469994 0.18442 0.316936 0.141151 -0.141613 0.171553 0.585084 -0.205838 0.433174 -0.0150379 0.272738 -0.350208 -0.0427072 -0.210918 0.2283 0.395345 -0.31948 0.129004 -0.0572241 -0.197871 -0.221469 0.0962174 
-0.149139 -0.0499614 0.152474 0.183013 0.0253795 -0.185435 -0.112871 0.200169 0.410856 -0.163118 -0.138225 0.00377429 -0.374175 -0.36907 -0.209931 0.374189 0.43255 0.487563 -0.2254 -0.0705681 -0.255677 0.186422 0.235509 -0.14877 0.535097 -0.0788754 0.528883 0.245729 -0.144097 0.220727 -0.429805 0.342515 -0.452575 0.0304434 0.282536 0.46843 -0.340835 -0.14611 -0.466576 0.182981 -0.169684 -0.136609 -0.513953 0.17712 0.343895 0.172336 -0.124565 0.149528 0.585059 -0.246678 0.439165 0.0200563 0.317254 -0.396017 -0.0495517 -0.225484 0.267879 0.4508 -0.314474 0.122386 -0.0548548 -0.165839 -0.24224 0.0561676 
-0.161847 -0.0160741 0.174657 0.174731 0.0551899 -0.198323 -0.12096 0.168083 0.435255 -0.217717 -0.163065 0.013789 -0.385692 -0.356358 -0.217392 0.467903 0.382777 0.485972 -0.242054 -0.0947132 -0.276163 0.223798 0.264532 -0.185462 0.527706 -0.0535238 0.566929 0.193177 -0.139366 0.193777 -0.418358 0.3401 -0.467715 0.0371875 0.321303 0.478212 -0.336004 -0.163401 -0.486445 0.151914 -0.14714 -0.150791 -0.505419 0.18755 0.31511 0.153569 -0.113086 0.232634 0.597257 -0.331639 0.472521 0.0148942 0.30785 -0.415942 -0.0760517 -0.231081 0.27184 0.419276 -0.308265 0.0933086 -0.0314879 -0.161264 -0.305137 0.0939811 
-0.151247 -0.0318332 0.175198 0.1841 0.0221028 -0.251999 -0.11178 0.104725 0.421783 -0.17112 -0.176517 0.00183664 -0.421505 -0.348839 -0.294093 0.466269 0.433812 0.553323 -0.279418 -0.0781761 -0.280635 0.2201 0.304719 -0.154831 0.580044 -0.072364 0.553277 0.218242 -0.123935 0.22465 -0.426449 0.387468 -0.487911 -0.0103016 0.314423 0.481422 -0.35859 -0.140867 -0.521323 0.213839 -0.195278 -0.154762 -0.546022 0.162968 0.322604 0.13958 -0.128767 0.213372 0.585158 -0.351021 0.452782 -0.0439794 0.306279 -0.46357 -0.0530797 -0.243732 0.237434 0.474062 -0.391093 0.0627284 -0.0603836 -0.164623 -0.309069 0.0623955 
-0.167109 -0.0605009 0.18943 0.188147 0.0146651 -0.221047 -0.114622 0.106941 0.45501 -0.231037 -0.12964 0.0431604 -0.386174 -0.421227 -0.256095 0.445674 0.469136 0.521531 -0.272455 -0.0932544 -0.285326 0.257575 0.343866 -0.180258 0.583957 -0.106769 0.555192 0.187968 -0.107316 0.188249 -0.381658 0.318421 -0.481451 0.00046094 0.341717 0.523463 -0.341466 -0.124211 -0.480989 0.17858 -0.165772 -0.176546 -0.525924 0.177958 0.360013 0.124661 -0.167898 0.258446 0.616802 -0.300125 0.471796 -0.0172039 0.320707 -0.445556 -0.0599001 -0.257564 0.29239 0.482623 -0.374256 0.108074 -0.0597826 -0.148017 -0.310846 0.0909281 
-0.162456 -0.0509139 0.134581 0.211014 -0.00132257 -0.195564 -0.112086 0.113801 0.456578 -0.251858 -0.160831 0.0202106 -0.406129 -0.400858 -0.277564 0.478348 0.468346 0.53381 -0.235765 -0.0355731 -0.265152 0.23068 0.368218 -0.158277 0.539051 -0.14548 0.59523 0.209904 -0.106842 0.197767 -0.419449 0.377513 -0.494177 0.0271714 0.352465 0.454191 -0.403456 -0.177287 -0.487364 0.177801 -0.204362 -0.190305 -0.523818 0.154024 0.353358 0.159302 -0.119503 0.259902 0.598362 -0.323628 0.522846 -0.0317493 0.314854 -0.507382 -0.117946 -0.309642 0.3099 0.506483 -0.367397 0.0827416 -0.0805972 -0.147143 -0.327343 0.116114 
-0.13574 -0.0360994 0.196696 0.247961 0.0433567 -0.253552 -0.105664 0.167984 0.450576 -0.266832 -0.189654 0.0460584 -0.443885 -0.394584 -0.286801 0.481745 0.491149 0.538559 -0.243897 -0.0703294 -0.287427 0.268377 0.361962 -0.201503 0.574486 -0.112254 0.637711 0.216143 -0.0635889 0.250193 -0.393101 0.400966 -0.534385 -0.033661 0.308204 0.506665 -0.418449 -0.169029 -0.522444 0.188417 -0.154164 -0.230935 -0.515431 0.178121 0.411245 0.149432 -0.134098 0.256409 0.611036 -0.313928 0.542437 -0.0509682 0.325827 -0.518093 -0.0751739 -0.23437 0.287641 0.455877 -0.429502 0.135258 0.000505275 -0.123901 -0.286917 0.115025 
-0.114384 -0.0516653 0.136303 0.210695 0.0567405 -0.231825 -0.120745 0.114623 0.505559 -0.262632 -0.134769 -0.0235957 -0.419242 -0.411203 -0.322439 0.505676 0.499453 0.569684 -0.206193 -0.0339894 -0.282165 0.246035 0.40059 -0.194251 0.546907 -0.138432 0.586664 0.208977 -0.057206 0.255038 -0.459937 0.389366 -0.57636 -0.0171033 0.374103 0.469932 -0.390399 -0.166226 -0.525372 0.15595 -0.202619 -0.180784 -0.49229 0.106477 0.374576 0.156746 -0.148037 0.233989 0.592259 -0.327571 0.557612 -0.0664986 0.371765 -0.530265 -0.159506 -0.30746 0.327985 0.539002 -0.447037 0.0966895 -0.0892685 -0.127405 -0.331132 0.131148 
-0.107785 -0.110258 0.168587 0.205776 0.024384 -0.252136 -0.170839 0.0886307 0.521545 -0.343037 -0.184303 0.036808 -0.455631 -0.44344 -0.298793 0.500002 0.522862 0.590187 -0.247654 -0.0539201 -0.342405 0.232865 0.408608 -0.191516 0.601351 -0.168739 0.688803 0.267389 -0.051455 0.244585 -0.430493 0.416998 -0.586661 -0.0298242 0.387088 0.524506 -0.409609 -0.179696 -0.524714 0.143882 -0.177091 -0.250823 -0.59232 0.123054 0.348931 0.152355 -0.169381 0.239961 0.617115 -0.360035 0.559663 -0.0461722 0.346558 -0.514514 -0.145325 -0.265668 0.393021 0.554131 -0.449229 0.144403 -0.0616173 -0.125033 -0.357606 0.150704 
-0.129093 -0.146286 0.172854 0.180437 0.0418495 -0.256639 -0.163638 0.10108 0.512613 -0.265302 -0.15628 0.0359701 -0.416778 -0.441973 -0.316929 0.550214 0.549461 0.561199 -0.273156 -0.0518045 -0.353303 0.281 0.398582 -0.221013 0.555135 -0.129184 0.623543 0.249002 -0.0426614 0.214695 -0.469552 0.38706 -0.645903 0.00818685 0.39018 0.570108 -0.473037 -0.191819 -0.51544 0.172177 -0.20731 -0.237914 -0.592227 0.173455 0.40955 0.129824 -0.118819 0.25197 0.656549 -0.352475 0.559828 -0.0889277 0.408383 -0.5167 -0.163984 -0.312917 0.354631 0.543442 -0.425859 0.0816857 -0.0867277 -0.111167 -0.317727 0.132476 
-0.114128 -0.0707272 0.183936 0.183527 0.00313036 -0.336992 -0.13125 0.0184612 0.553025 -0.322511 -0.159212 0.0629644 -0.467911 -0.481417 -0.30092 0.561626 0.550182 0.614521 -0.268199 -0.0856312 -0.371023 0.343769 0.420246 -0.209119 0.604073 -0.133177 0.682024 0.266792 -0.0766929 0.303648 -0.471339 0.395779 -0.622086 0.0208152 0.390282 0.565669 -0.395345 -0.232385 -0.498917 0.225509 -0.214717 -0.245818 -0.58844 0.141635 0.388926 0.152281 -0.132548 0.250928 0.674125 -0.386577 0.559417 -0.0205026 0.399206 -0.543018 -0.241107 -0.271021 0.355853 0.548651 -0.444508 0.073976 -0.0222 -0.0860837 -0.390324 0.158257 
-0.135785 -0.0630337 0.175325 0.172026 0.0247024 -0.310055 -0.136187 0.0514113 0.596377 -0.329423 -0.144172 0.0279404 -0.408361 -0.457268 -0.334008 0.541511 0.543751 0.64063 -0.275051 -0.056789 -0.396963 0.247136 0.471029 -0.233801 0.594547 -0.207976 0.682651 0.184025 -0.0422938 0.257516 -0.445448 0.429899 -0.598722 0.0132569 0.446781 0.576352 -0.463757 -0.224128 -0.544881 0.236612 -0.245644 -0.264291 -0.595011 0.123275 0.430487 0.128585 -0.162856 0.251172 0.6787 -0.342294 0.583115 -0.0533008 0.460563 -0.561442 -0.217644 -0.306896 0.391608 0.5726 -0.495914 0.103305 -0.062445 -0.0831266 -0.368469 0.177472 
-0.153638 -0.084361 0.209812 0.208794 0.00656032 -0.337504 -0.173878 -0.00833801 0.604641 -0.348741 -0.114511 0.0550878 -0.524642 -0.469709 -0.353103 0.546138 0.612456 0.659916 -0.277816 -0.0389469 -0.380158 0.307765 0.480998 -0.235433 0.578056 -0.184667 0.718839 0.263722 -0.043793 0.322219 -0.491521 0.444696 -0.626546 0.00758108 0.422898 0.568488 -0.489361 -0.227928 -0.566164 0.228646 -0.187127 -0.218274 -0.616324 0.154479 0.430068 0.126271 -0.162615 0.290846 0.704761 -0.377913 0.611868 -0.0609468 0.415096 -0.583899 -0.197386 -0.325064 0.378112 0.58112 -0.502666 0.0847193 0.0142571 -0.0704973 -0.392405 0.190523 
-0.106411 -0.117899 0.173473 0.193393 0.00172759 -0.379583 -0.181992 -0.00580474 0.602058 -0.377584 -0.15514 0.0589321 -0.508699 -0.507604 -0.357471 0.597871 0.564278 0.618945 -0.26968 -0.0343914 -0.39401 0.306642 0.501656 -0.238035 0.566636 -0.216308 0.723427 0.272552 -0.0259879 0.27384 -0.534296 0.464502 -0.644759 0.0162474 0.439735 0.577063 -0.493608 -0.236689 -0.534496 0.265453 -0.195387 -0.26285 -0.621349 0.14569 0.452585 0.149813 -0.154236 0.257112 0.69269 -0.355704 0.647792 -0.0737493 0.457958 -0.625866 -0.212879 -0.303817 0.392945 0.599048 -0.477524 0.118946 -0.0359681 -0.0551253 -0.385816 0.15285 
-0.152634 -0.101107 0.199229 0.220315 0.00358069 -0.320046 -0.147203 0.000688423 0.651062 -0.385101 -0.132722 0.0131053 -0.53414 -0.512581 -0.387147 0.582599 0.61382 0.69052 -0.285179 -0.0492347 -0.432369 0.273654 0.47131 -0.241 0.64725 -0.198435 0.764744 0.255358 -0.0284935 0.29057 -0.431104 0.467666 -0.651146 0.0372424 0.436421 0.588954 -0.467416 -0.227345 -0.57521 0.227556 -0.223847 -0.278135 -0.637077 0.138352 0.48124 0.140351 -0.109048 0.263855 0.731686 -0.41191 0.631491 -0.0654015 0.461197 -0.575148 -0.237483 -0.314776 0.383812 0.642413 -0.507318 0.0978369 -0.0652519 -0.114851 -0.401455 0.163323 
-0.124835 -0.124082 0.199037 0.195683 0.00280787 -0.352443 -0.181342 -0.0501775 0.625014 -0.404317 -0.163296 0.0761241 -0.518808 -0.565588 -0.362232 0.589712 0.585719 0.686389 -0.277018 -0.000451657 -0.421323 0.371853 0.514339 -0.213484 0.583455 -0.166433 0.737857 0.225782 -0.0064129 0.270188 -0.534218 0.46031 -0.720446 -0.0387555 0.43296 0.625465 -0.51506 -0.24878 -0.54373 0.245678 -0.239505 -0.286544 -0.68534 0.0744331 0.439073 0.151952 -0.196571 0.255145 0.703388 -0.383754 0.651712 -0.0533692 0.451299 -0.606318 -0.288922 -0.363921 0.417168 0.64773 -0.526189 0.0591069 -0.084133 -0.0806125 -0.43388 0.157745 
-0.135705 -0.128353 0.171471 0.189954 0.0381588 -0.358868 -0.15067 -0.0102304 0.634486 -0.415829 -0.0992108 0.0856259 -0.567679 -0.561527 -0.407533 0.635436 0.676695 0.640537 -0.263213 -0.0296908 -0.421271 0.300078 0.501742 -0.230747 0.679457 -0.222146 0.771714 0.29181 0.00949936 0.297587 -0.553424 0.473136 -0.687517 0.016303 0.452894 0.631495 -0.523556 -0.226284 -0.597863 0.23707 -0.219029 -0.262393 -0.642286 0.0995247 0.444346 0.137686 -0.17974 0.280034 0.714022 -0.438006 0.683494 -0.0873874 0.496166 -0.640434 -0.264297 -0.362429 0.415835 0.659668 -0.550862 0.0844746 -0.0251476 -0.0212218 -0.408499 0.172678 
-0.126864 -0.127285 0.182308 0.207291 0.00642006 -0.355624 -0.158625 -0.0739684 0.624827 -0.437503 -0.124988 0.0577638 -0.560806 -0.521877 -0.452568 0.63941 0.667962 0.71235 -0.271533 -0.08003 -0.458344 0.387656 0.5682 -0.235468 0.668679 -0.239172 0.7699 0.248328 0.0315908 0.307059 -0.551016 0.474031 -0.666538 -0.0201105 0.456703 0.625165 -0.49186 -0.222783 -0.567821 0.275697 -0.233752 -0.313763 -0.652496 0.0987066 0.483489 0.138768 -0.182545 0.281036 0.756989 -0.418268 0.68062 -0.0785289 0.473748 -0.664871 -0.279179 -0.390333 0.439946 0.686251 -0.577985 0.0883153 -0.0352453 -0.0860308 -0.469063 0.190546 
-0.130117 -0.143064 0.187008 0.161729 -0.0416882 -0.420001 -0.140337 -0.0286158 0.645484 -0.443961 -0.0985243 0.062564 -0.566869 -0.533635 -0.423387 0.632143 0.70305 0.710223 -0.271405 -0.0468386 -0.452551 0.35143 0.577269 -0.234413 0.638145 -0.291363 0.721171 0.269724 0.00320958 0.341539 -0.516295 0.528157 -0.693273 0.0266769 0.490062 0.611541 -0.51268 -0.262144 -0.621046 0.281809 -0.225113 -0.319013 -0.695038 0.0925507 0.494194 0.146032 -0.188414 0.27499 0.7886 -0.418591 0.745746 -0.052769 0.500564 -0.707641 -0.256696 -0.396813 0.491379 0.696949 -0.563176 0.0928061 0.0020231 -0.0390109 -0.460991 0.203571 
-0.11804 -0.153324 0.227011 0.229572 -0.0111118 -0.439419 -0.174857 -0.0714453 0.674439 -0.452036 -0.155692 0.0641423 -0.563012 -0.562598 -0.433973 0.709336 0.716693 0.70419 -0.268936 -0.0287592 -0.473242 0.353751 0.582127 -0.261052 0.653013 -0.217374 0.813739 0.291748 0.0310134 0.31092 -0.574167 0.532908 -0.775413 -0.00298053 0.545375 0.630229 -0.555286 -0.253085 -0.613959 0.278835 -0.245638 -0.287922 -0.70941 0.120052 0.510665 0.160446 -0.15443 0.320329 0.794504 -0.426762 0.68608 -0.102291 0.531338 -0.705864 -0.352248 -0.382319 0.486125 0.733773 -0.59557 0.11033 -0.0762073 -0.0422564 -0.493202 0.215778 
-0.113939 -0.156579 0.196822 0.147703 -0.0268434 -0.463593 -0.185756 -0.105495 0.702084 -0.451289 -0.127411 0.0901461 -0.598416 -0.520119 -0.446873 0.698424 0.702081 0.709601 -0.271118 -0.0351685 -0.445267 0.389027 0.640221 -0.240256 0.677887 -0.25645 0.800458 0.201288 0.0308062 0.330868 -0.602888 0.54548 -0.747845 -0.0151939 0.489948 0.628128 -0.533241 -0.236047 -0.587631 0.316841 -0.270254 -0.356976 -0.696465 0.089167 0.509296 0.153435 -0.133363 0.332317 0.788518 -0.431837 0.733595 -0.0960457 0.5177 -0.740592 -0.325289 -0.361789 0.495768 0.68263 -0.623107 0.106559 -0.0501867 -0.00571875 -0.485039 0.180402 
-0.100942 -0.132554 0.240854 0.224569 0.00833009 -0.451696 -0.212514 -0.0883154 0.700348 -0.473941 -0.0935317 0.104077 -0.586729 -0.559631 -0.454149 0.70038 0.728064 0.745629 -0.308266 -0.0493362 -0.485728 0.434116 0.633001 -0.257316 0.687889 -0.280267 0.838449 0.269494 0.0452102 0.350602 -0.610509 0.56535 -0.781333 0.00859184 0.498754 0.671464 -0.56078 -0.292656 -0.619194 0.275467 -0.238012 -0.319045 -0.71197 0.0616528 0.494513 0.130554 -0.147807 0.323635 0.805111 -0.429704 0.741051 -0.0857699 0.541214 -0.753206 -0.353595 -0.419241 0.486742 0.727683 -0.674036 0.0999302 -0.0582295 -0.0330676 -0.480374 0.182177 
-0.115266 -0.164998 0.278063 0.207166 0.028871 -0.505638 -0.207587 -0.117788 0.709595 -0.445262 -0.127642 0.0966529 -0.565322 -0.595152 -0.453067 0.708515 0.738915 0.760421 -0.318998 0.00063868 -0.489002 0.416405 0.610722 -0.262975 0.696579 -0.27549 0.866106 0.274123 0.093459 0.306486 -0.595051 0.578903 -0.809903 -0.014163 0.543006 0.64351 -0.569939 -0.269266 -0.640645 0.297524 -0.259537 -0.330487 -0.762183 0.0460835 0.520642 0.100047 -0.150407 0.317372 0.828171 -0.429777 0.744678 -0.081283 0.57015 -0.708241 -0.355528 -0.436014 0.545239 0.726572 -0.714107 0.0729414 -0.0318581 0.0350965 -0.507729 0.21039 
-0.119804 -0.189378 0.214036 0.216521 -0.043656 -0.456947 -0.206238 -0.148956 0.745784 -0.483938 -0.14184 0.0788747 -0.655377 -0.590399 -0.468487 0.763727 0.776778 0.757291 -0.266863 -0.0285379 -0.490498 0.418106 0.64897 -0.285564 0.667721 -0.296874 0.849748 0.321239 0.0688616 0.369463 -0.556551 0.570114 -0.84414 0.0049098 0.530607 0.738792 -0.579144 -0.271844 -0.633613 0.322066 -0.245502 -0.344767 -0.706926 0.0506121 0.546776 0.173697 -0.150785 0.311949 0.822488 -0.424796 0.782455 -0.131951 0.558849 -0.795409 -0.364515 -0.443769 0.537152 0.746574 -0.700693 0.0537507 -0.0429026 0.05355 -0.520168 0.240058 
-0.0694108 -0.209512 0.242656 0.209396 -0.00921234 -0.489279 -0.226541 -0.199305 0.729609 -0.496455 -0.116523 0.0555671 -0.603327 -0.638936 -0.493261 0.737994 0.801729 0.796433 -0.28708 -0.000130078 -0.542691 0.447814 0.640707 -0.259459 0.676052 -0.28762 0.929408 0.33123 0.0790327 0.323183 -0.590158 0.528086 -0.821767 -0.0368097 0.550991 0.704659 -0.599433 -0.255623 -0.624418 0.293097 -0.277077 -0.353636 -0.755991 0.0532639 0.577023 0.16673 -0.186667 0.340855 0.808879 -0.447435 0.784153 -0.0783002 0.58012 -0.792685 -0.383122 -0.414618 0.575236 0.788843 -0.697834 0.0936832 -0.0419054 0.0507563 -0.497371 0.208723 
-0.0911992 -0.170603 0.224831 0.217015 -0.0166907 -0.507165 -0.193238 -0.1437 0.761126 -0.493436 -0.0947499 0.0873249 -0.6313 -0.603665 -0.530413 0.747051 0.785055 0.809483 -0.287434 -0.02507 -0.524466 0.409515 0.683132 -0.246524 0.70059 -0.324949 0.890001 0.281539 0.0624402 0.384904 -0.672346 0.624306 -0.875416 -0.0275619 0.559464 0.74598 -0.608931 -0.28009 -0.648906 0.321748 -0.250282 -0.382729 -0.821492 0.0431967 0.554092 0.139427 -0.219889 0.341562 0.883156 -0.452509 0.770409 -0.0994107 0.596319 -0.794306 -0.401597 -0.48175 0.528541 0.793014 -0.713041 0.121778 -0.0669599 0.038336 -0.532261 0.23224 
-0.0962211 -0.189942 0.235748 0.234267 -0.0232112 -0.49791 -0.206347 -0.137051 0.773598 -0.547827 -0.131497 0.109209 -0.685539 -0.627288 -0.57025 0.840839 0.756613 0.823775 -0.280265 -0.0448263 -0.539968 0.431867 0.663309 -0.261975 0.719993 -0.285939 0.930223 0.32437 0.106303 0.364822 -0.622308 0.574415 -0.859594 0.0254306 0.58709 0.707404 -0.626434 -0.345317 -0.677037 0.345754 -0.302341 -0.404338 -0.766202 0.0594139 0.546706 0.194498 -0.177916 0.306416 0.883593 -0.501541 0.825519 -0.132034 0.606292 -0.822676 -0.410737 -0.447269 0.551827 0.783026 -0.756718 0.0750451 -0.0662098 0.0492267 -0.602784 0.2414 
-0.0847185 -0.158049 0.236597 0.20573 -0.00886007 -0.503724 -0.207479 -0.217718 0.810079 -0.537036 -0.130091 0.114043 -0.639466 -0.656925 -0.517084 0.782083 0.819404 0.828616 -0.292605 0.0222067 -0.556154 0.408628 0.703858 -0.283879 0.661407 -0.345867 0.935806 0.309097 0.0982172 0.400851 -0.632151 0.618616 -0.887074 -0.018807 0.579961 0.763796 -0.663135 -0.317439 -0.67026 0.351033 -0.277496 -0.395741 -0.819096 0.00757354 0.553768 0.164339 -0.169327 0.33875 0.851043 -0.502365 0.823002 -0.14383 0.547331 -0.796639 -0.45069 -0.484087 0.628974 0.848868 -0.758835 0.0681826 -0.0734502 0.0679799 -0.575016 0.259222 
-0.111971 -0.196114 0.229285 0.198174 -0.046085 -0.532217 -0.221987 -0.217144 0.836992 -0.5656 -0.106677 0.110254 -0.699346 -0.673222 -0.567365 0.852444 0.815529 0.859931 -0.241321 0.0164498 -0.584977 0.493733 0.705226 -0.285034 0.701691 -0.312348 0.950308 0.321265 0.113019 0.402711 -0.651704 0.634004 -0.904181 -0.0013381 0.57698 0.700737 -0.667083 -0.336604 -0.6459 0.381775 -0.32569 -0.376072 -0.776799 0.0214137 0.61938 0.159886 -0.167222 0.34084 0.868969 -0.54845 0.833174 -0.126654 0.598862 -0.835067 -0.442746 -0.436322 0.585912 0.883616 -0.779534 0.0934114 -0.053732 0.0776312 -0.581403 0.262826 
-0.0990274 -0.205859 0.270917 0.224019 -0.00381943 -0.55071 -0.216884 -0.221403 0.828304 -0.522471 -0.150478 0.0838343 -0.697221 -0.648125 -0.576982 0.817397 0.852115 0.921953 -0.293279 0.022409 -0.611416 0.469971 0.761865 -0.264444 0.730075 -0.377539 0.950913 0.308031 0.158609 0.44652 -0.658361 0.643627 -0.894142 -0.0481419 0.628625 0.745081 -0.639236 -0.300095 -0.645402 0.339853 -0.28343 -0.429781 -0.827531 0.0408821 0.603187 0.166184 -0.219026 0.374527 0.939908 -0.494962 0.846551 -0.153971 0.637003 -0.881334 -0.482028 -0.473577 0.62072 0.873612 -0.813231 0.0602555 -0.0474285 0.0879789 -0.59558 0.25386 
-0.123152 -0.201071 0.263155 0.195339 -0.045604 -0.603469 -0.233934 -0.251707 0.830248 -0.595919 -0.107181 0.112431 -0.685309 -0.705946 -0.575347 0.83702 0.870984 0.875267 -0.277785 0.0126722 -0.602184 0.514038 0.722059 -0.315117 0.739533 -0.346774 0.975035 0.303796 0.134319 0.388525 -0.631654 0.662981 -0.921722 0.0269939 0.635969 0.782341 -0.698307 -0.348744 -0.703898 0.387914 -0.287749 -0.431236 -0.84067 -0.0229262 0.605889 0.151202 -0.209419 0.360009 0.90166 -0.52237 0.920481 -0.141971 0.6556 -0.908888 -0.483171 -0.489308 0.62569 0.884981 -0.771121 0.0845276 -0.0575594 0.0881653 -0.607262 0.247155 
-0.139571 -0.196473 0.235654 0.200728 -0.0906696 -0.598559 -0.222808 -0.250537 0.863847 -0.626565 -0.0756244 0.130744 -0.71951 -0.70008 -0.568675 0.858311 0.866698 0.889362 -0.263399 0.0208249 -0.622287 0.51256 0.748538 -0.272371 0.789383 -0.370656 0.979072 0.336092 0.149731 0.409461 -0.666327 0.630794 -0.937415 0.00827647 0.647165 0.767518 -0.729556 -0.370767 -0.692943 0.375642 -0.320926 -0.410587 -0.832992 -0.00619293 0.585448 0.141713 -0.183768 0.384777 0.934736 -0.539935 0.876075 -0.129037 0.690364 -0.897937 -0.496627 -0.539397 0.642235 0.85722 -0.795 0.0805069 -0.0678341 0.108743 -0.611532 0.232478 
-0.0723161 -0.201043 0.288287 0.190787 -0.0289 -0.606885 -0.243965 -0.267489 0.872744 -0.648354 -0.114719 0.131023 -0.702121 -0.700767 -0.586064 0.895731 0.898492 0.899261 -0.342007 0.00261337 -0.618157 0.504216 0.798628 -0.264529 0.74383 -0.392287 0.998417 0.367451 0.158744 0.421299 -0.71172 0.661419 -0.961751 0.0185239 0.624486 0.796358 -0.70075 -0.318485 -0.669393 0.378186 -0.293585 -0.471479 -0.894504 0.0107775 0.612796 0.110165 -0.213407 0.362678 0.932255 -0.560052 0.908914 -0.169437 0.679555 -0.905531 -0.527447 -0.482199 0.634745 0.918967 -0.831427 0.0911593 -0.0336936 0.0708236 -0.604705 0.270524 
-0.108734 -0.204356 0.251418 0.200344 -0.023565 -0.609913 -0.218087 -0.294596 0.90096 -0.629988 -0.116091 0.160693 -0.718533 -0.705135 -0.56075 0.889898 0.916627 0.892159 -0.289027 0.0462581 -0.616073 0.502061 0.800001 -0.267956 0.781112 -0.392006 0.992236 0.345146 0.189088 0.469376 -0.683411 0.622542 -0.984802 -0.0289913 0.646563 0.827169 -0.692099 -0.324261 -0.722685 0.381862 -0.26545 -0.473909 -0.897803 0.0110408 0.628831 0.142854 -0.215772 0.395443 0.944604 -0.545172 0.889371 -0.122561 0.690182 -0.960449 -0.531087 -0.536595 0.678024 0.960443 -0.840773 0.0846502 -0.0614063 0.0933738 -0.721054 0.259727 
-0.103201 -0.255383 0.259693 0.170335 -0.0638394 -0.630376 -0.264312 -0.273389 0.904244 -0.661266 -0.100773 0.140793 -0.760037 -0.736722 -0.583978 0.909458 0.962637 0.929528 -0.300104 0.0721735 -0.628732 0.550423 0.816665 -0.330026 0.737691 -0.396302 0.999492 0.347758 0.216738 0.450772 -0.686412 0.636619 -0.98358 -0.00108434 0.654709 0.826973 -0.729946 -0.380044 -0.730486 0.359346 -0.340457 -0.47195 -0.900175 -0.0166353 0.636801 0.112171 -0.236207 0.365504 0.987726 -0.603558 0.890549 -0.182353 0.714074 -0.967273 -0.558729 -0.49514 0.68047 0.922247 -0.831546 0.0776903 -0.0772671 0.102985 -0.633734 0.298585 
-0.0961486 -0.258871 0.248161 0.193685 -0.0492306 -0.633744 -0.246692 -0.343197 0.917975 -0.70034 -0.131016 0.109027 -0.746536 -0.729979 -0.600816 0.918817 0.952741 0.977109 -0.289842 0.018451 -0.634539 0.538269 0.839199 -0.324424 0.748579 -0.393056 1.04759 0.335521 0.229578 0.449909 -0.733695 0.704629 -1.01306 -0.0121942 0.690108 0.799473 -0.769551 -0.368658 -0.718742 0.35037 -0.344867 -0.480823 -0.924517 -0.0108362 0.65217 0.167396 -0.192944 0.395459 1.01228 -0.550682 0.938256 -0.175234 0.720594 -0.978721 -0.529699 -0.54741 0.665853 1.01396 -0.864136 0.0813532 -0.0574664 0.128298 -0.666412 0.337578 
-0.074901 -0.249725 0.283217 0.22201 -0.0722544 -0.665327 -0.277008 -0.306616 0.93997 -0.661357 -0.0661718 0.134622 -0.781185 -0.783927 -0.598575 0.944261 0.957367 0.975922 -0.309743 0.0576182 -0.639551 0.540924 0.855471 -0.335961 0.762494 -0.415468 1.06107 0.352519 0.210886 0.453856 -0.706776 0.68782 -1.0911 -0.0526033 0.691023 0.830093 -0.752639 -0.368635 -0.710669 0.431438 -0.369382 -0.505993 -0.92394 0.0102648 0.649637 0.156811 -0.192917 0.394712 1.02815 -0.59801 0.975777 -0.178985 0.732147 -0.983863 -0.574642 -0.56564 0.710722 1.00269 -0.875976 0.0522645 -0.0512891 0.154833 -0.714158 0.338985 
-0.0920188 -0.285217 0.250185 0.202663 -0.0180831 -0.679047 -0.255794 -0.397032 0.973267 -0.690069 -0.103986 0.13561 -0.75528 -0.748181 -0.657554 0.987362 0.969623 0.976695 -0.304887 2.64974e-05 -0.671581 0.553918 0.900206 -0.338729 0.773098 -0.402482 1.06748 0.351566 0.243422 0.481006 -0.712202 0.716701 -1.04068 0.00480728 0.687879 0.836682 -0.763453 -0.413058 -0.689911 0.428568 -0.356992 -0.511841 -0.943233 -0.0509717 0.698237 0.160498 -0.194732 0.433685 1.03186 -0.573576 1.02118 -0.178937 0.745557 -1.00336 -0.598194 -0.580353 0.716634 0.99544 -0.917175 0.095929 -0.0366058 0.163844 -0.672686 0.339631 
-0.0890821 -0.210012 0.287507 0.217587 -0.0281117 -0.672101 -0.245258 -0.372782 0.943437 -0.689768 -0.110995 0.157444 -0.779705 -0.724217 -0.650769 0.953894 0.980223 1.04994 -0.305359 0.0155292 -0.671971 0.560916 0.866464 -0.325366 0.806826 -0.489745 1.10437 0.351301 0.233887 0.546874 -0.761419 0.70974 -1.10283 -0.042529 0.736127 0.823068 -0.734804 -0.395877 -0.715263 0.415522 -0.339496 -0.492061 -0.954846 0.0151244 0.668044 0.176597 -0.247119 0.382059 1.03315 -0.609012 1.00375 -0.162439 0.750715 -0.995266 -0.600255 -0.555427 0.731865 0.996934 -0.924543 0.0680893 -0.0282561 0.158024 -0.691529 0.294411 
-0.116638 -0.231852 0.286755 0.214356 -0.0577809 -0.724797 -0.264814 -0.386674 0.940976 -0.758076 -0.128051 0.139879 -0.837642 -0.783128 -0.672859 1.00231 1.00438 1.04241 -0.285191 0.024316 -0.701471 0.564746 0.925334 -0.32955 0.819126 -0.443694 1.06919 0.344784 0.20938 0.490565 -0.756269 0.723892 -1.10672 0.00264004 0.725686 0.887139 -0.785123 -0.384045 -0.724086 0.433061 -0.368215 -0.525839 -0.955759 -0.0477183 0.679803 0.111499 -0.198071 0.402856 1.05562 -0.596798 1.02624 -0.133995 0.709886 -1.03394 -0.597045 -0.612781 0.774364 1.00967 -0.958453 0.0905755 -0.0535247 0.161867 -0.704234 0.309338 
-0.120368 -0.25384 0.246355 0.207285 -0.0586895 -0.709556 -0.246523 -0.373813 0.972272 -0.790984 -0.122369 0.161627 -0.817843 -0.744401 -0.660945 0.988334 1.01192 1.02433 -0.344394 0.0470256 -0.721665 0.553755 0.88711 -0.33875 0.83581 -0.455097 1.07196 0.345883 0.246662 0.518492 -0.766406 0.757436 -1.13356 -0.0457234 0.688461 0.893844 -0.788297 -0.372509 -0.770985 0.485277 -0.381176 -0.510944 -1.02283 -0.0109744 0.701569 0.116608 -0.18297 0.432208 1.09504 -0.65734 1.03418 -0.144975 0.758111 -1.02699 -0.652447 -0.613629 0.753366 1.04627 -0.974689 0.0886156 -0.0274518 0.168193 -0.787811 0.296085 
-0.0271483 -0.288872 0.27328 0.210974 -0.0560359 -0.730675 -0.294818 -0.417672 1.01784 -0.741927 -0.121835 0.160404 -0.849225 -0.782191 -0.708825 0.985905 1.06629 1.06084 -0.345326 0.0384877 -0.744377 0.571729 0.950153 -0.315884 0.82642 -0.455677 1.13052 0.382691 0.274709 0.52604 -0.757177 0.797958 -1.14956 -0.00490791 0.733918 0.876203 -0.790342 -0.39534 -0.756558 0.468128 -0.368051 -0.544379 -0.998704 -0.0188564 0.723182 0.149624 -0.23823 0.464138 1.07242 -0.631819 1.08029 -0.229235 0.795514 -1.08138 -0.670096 -0.589368 0.795791 1.05303 -0.988278 0.0644996 -0.0938691 0.153645 -0.737037 0.327237 
-0.0300122 -0.0119935 0.035407 -0.034751 -0.0174329 0.0281164 -0.0200188 -0.0110936 -0.00614454 0.0282095 0.00634122 0.00806218 0.0133146 0.043679 0.0517125 -0.00662022 -0.038547 -0.0222535 0.0240394 -0.0114885 0.0409209 0.0109824 -0.00433832 -0.00670121 0.0319928 0.011605 0.009328 0.024901 0.00935402 -0.018407 -0.0126677 -0.0347745 0.00785353 0.00247256 -0.0153345 0.0233166 -0.00171826 0.0190643 -0.00870539 -0.0251939 0.000116948 -0.00120993 0.0259352 -0.014735 -0.00601561 -0.00531799 -0.0325339 -0.022631 -0.0192177 -0.0186536 -0.0303233 -0.0330083 -0.00963173 -0.000817407 0.0143438 -0.00651748 -0.0151669 0.00506805 0.00864997 0.0214562 0.0302549 0.00101117 0.0457004 -0.0275005 
