64 64
-0.0844028 0.106575 -0.0302428 -0.158573 -0.535132 0.226754 0.209714 -0.160918 -0.270113 -0.391568 -0.389738 0.381641 0.520191 0.16266 0.294473 0.0479528 -0.0567103 -0.284279 -0.21249 0.301362 -0.00362098 0.137967 -0.0995644 0.262073 -0.19769 -0.241219 -0.00420868 -0.151115 -0.446356 0.298482 0.297838 0.715777 0.0302962 -0.218852 0.368311 -0.228801 -0.10745 0.415195 -0.0116146 0.275239 -0.438098 -0.0158354 0.276695 -0.24746 -0.0608352 -0.0552162 -0.00997088 0.0375643 0.272739 0.367764 -0.0213018 -0.237044 0.200417 0.190994 0.312673 -0.0115085 -0.459643 0.205131 0.497513 0.231348 -0.269453 -0.428458 0.380844 -0.218911 
-0.0246086 -0.491233 -0.0388674 0.306135 -0.428375 0.156222 0.129191 0.260704 0.184237 -0.134812 -0.0603446 -0.174446 0.300114 -0.540563 -0.0435901 0.0945335 0.0459151 0.356778 0.00179016 -0.247769 -0.261941 -0.0496596 0.0526039 0.0606199 -0.474423 -0.222471 0.460925 -0.0110571 0.15308 -0.824188 -0.109805 -0.12602 0.192545 -0.671888 -0.143178 -0.0841894 -0.244247 -0.0285145 0.520383 -0.217108 -0.32276 0.0325054 0.0191406 -0.10947 -0.531152 0.00927677 -0.0250399 -0.346258 0.113453 -0.327094 -0.157269 0.617935 -0.736077 0.400749 0.0702146 -0.41265 0.160083 -0.229151 0.146495 0.0915167 -0.248627 -0.0544663 0.203959 0.216666 
-0.231267 0.0331956 -0.00843058 -0.0903715 -0.433446 0.162565 0.0400599 -0.0173643 0.12759 -0.223146 -0.230314 0.251733 0.0777997 -0.0799882 0.0276081 -0.233332 -0.207605 -0.269243 -0.0212791 0.479329 -0.504021 0.552812 0.0276673 0.0239006 0.0890494 -0.445875 -0.340753 -0.344715 -0.0990774 -0.13941 0.190904 -0.457458 -0.36601 0.103696 -0.0594142 0.22825 -0.234053 0.517475 -0.36397 -0.0982208 0.0518554 0.385684 0.0757121 0.449174 -0.331826 -0.180598 0.166679 -0.0589563 -0.310437 0.0863489 -0.0930861 -0.0592981 0.108034 0.190218 0.0599149 0.246967 -0.00552563 0.102741 -0.57089 -0.223169 0.284175 -0.281923 -0.27129 0.128345 
0.232212 -0.0567014 0.0980823 0.361112 0.16978 -0.129751 -0.00901296 -0.371298 -0.0330176 0.194213 -0.174255 -0.204007 -0.118475 0.0441028 -0.245748 -0.177633 -0.0313012 -0.522458 0.531642 -0.189645 -0.130494 -0.161124 0.0371389 0.0330211 1.18084 -0.257439 -0.0390164 -0.0953445 -0.0940473 -0.355615 -0.111553 -0.203771 0.0911547 -0.00260381 -0.632139 0.292026 -0.037501 0.480399 0.158683 -0.21944 0.220244 0.0178276 0.344697 -0.105305 0.549778 0.227455 0.146443 0.31324 0.267177 -0.145517 0.00746905 0.375158 -0.494862 -0.183216 0.150224 -0.259984 0.314942 -0.233883 0.0916225 -0.194336 0.131355 0.198028 0.0141405 0.210019 
-0.300677 -0.153039 0.00429216 -0.524565 0.17475 0.00246445 -0.180892 -0.263146 0.313567 -0.288393 0.370594 -0.13932 0.0270467 0.12074 -0.0683613 -0.0681688 -0.233968 -0.237089 0.147747 -0.32073 -0.38716 0.0325941 0.328397 -0.0358843 0.0273173 -0.0606006 0.20494 -0.0638349 0.145914 -0.0169243 0.0951727 -0.460377 -0.0775075 -0.0156777 0.0174399 -0.237614 -0.203945 -0.102672 -0.369455 -0.138629 -0.656807 -0.133502 -0.171089 -0.297123 0.0486917 -0.0721698 0.0204983 -0.375937 -0.0713082 0.00737208 -0.27146 0.339999 0.0956185 0.317533 -0.0482924 0.0139823 0.070015 -0.0623779 0.0458881 0.203439 -0.230278 0.463195 -0.0843987 0.0307306 
-0.396703 -0.389031 -0.574664 -0.621667 -0.0200334 0.6259 -0.426112 -0.376989 -0.358441 -0.234288 -0.290865 -0.218604 -0.249597 0.355182 -0.386842 0.345586 0.0139493 -0.269966 0.0288445 -0.431056 -0.157854 -0.157706 0.671869 -0.145132 0.07003 -0.144521 0.252823 0.518487 0.284703 -0.124271 0.0838466 -0.255915 0.536278 -0.450466 0.166737 -0.158559 0.0453523 -0.117316 0.511137 -0.725417 -0.0791581 -0.0447111 -0.0159856 0.0895587 -0.194969 0.228213 0.0749499 -0.156395 -0.358449 0.128596 -0.159886 0.0262928 -0.158288 -0.0843851 0.0211978 -0.205714 0.398446 -0.355059 -0.226238 0.630992 -0.0744826 0.122236 0.266244 -0.088288 
-0.131628 9.44309e-05 -0.108198 0.0214991 -0.0242883 -0.321341 0.00602677 0.0635139 -0.103977 -0.0659189 0.0107131 0.27623 -0.418921 0.319225 0.300942 0.282248 -0.014619 -0.64576 -0.353517 -0.0476206 0.320617 0.118681 -0.290871 0.120906 0.360636 0.14103 0.168448 0.20352 0.277373 0.160404 -0.343315 0.150535 0.048626 0.450923 0.275732 0.202323 -0.0256455 -0.0757399 0.339748 -0.320315 -0.24175 -0.080892 -0.229257 -0.0703687 -0.433049 -0.0161851 0.065729 0.0707206 -0.157202 0.401778 -0.074045 -0.39604 -0.247771 -0.112221 -0.537377 0.0144856 -0.161792 -0.288656 0.752142 -0.0428967 0.293335 -0.395663 0.356549 -0.0906269 
-0.137997 -0.49121 -0.130193 0.0210839 0.0843132 0.15959 -0.0640574 0.197304 0.364212 -0.0133153 0.120638 -0.127013 0.53214 0.154037 0.154052 0.327064 -0.00519825 -0.238668 -0.0878709 -0.638093 0.107091 0.134615 0.28521 0.0936755 0.106377 -0.525752 0.393296 -0.108026 0.31345 -0.0236155 -0.0718186 -0.468487 -0.216521 0.341201 -0.00977896 -0.469818 0.0313585 -8.9915e-05 0.091334 -0.223062 0.508786 0.0567178 -0.306792 -0.276944 0.212358 0.0282938 0.221625 -0.306878 -0.887951 -0.094455 -0.264644 0.28032 -0.414649 -0.0431524 0.0814966 -0.170914 0.147525 -0.00692145 0.209432 -0.197983 -0.349775 0.546169 0.111536 0.626852 
0.237173 0.30966 0.32312 0.116312 0.190632 -0.75032 0.344625 0.0199223 0.1375 0.270985 -0.108024 -0.0127666 0.121382 -0.363112 0.0599051 -0.684613 0.24779 0.56462 -0.254581 0.13154 0.00872101 -0.28713 0.0144354 0.268649 0.453813 0.00420814 0.124656 -0.220833 -0.734907 0.0158386 0.471171 0.426906 -0.172606 0.0289123 0.0299598 0.139489 -0.299276 0.201966 -0.0743579 0.20075 -0.286171 -0.0402326 -0.101581 -0.389117 0.590144 -0.0585195 -0.0720285 -0.372388 0.14757 -0.166575 0.635316 -0.468051 0.034248 -0.399923 0.0374781 0.51693 0.209525 0.226297 -0.363214 0.305588 0.0873185 -0.104213 -0.0108393 0.351186 
-0.0634497 0.00501139 -0.279794 -0.138158 -0.419063 0.287815 -0.0289757 0.42847 -0.257311 0.324049 0.250621 0.11571 0.304997 0.319167 -0.260955 0.419574 0.107805 -0.0604831 0.878597 0.576526 0.186198 0.16721 0.895495 0.491945 -0.170813 -0.478617 0.0976344 0.0867601 0.170839 -0.107042 0.066276 -0.22866 0.280222 0.261604 -0.019005 -0.240279 -0.166544 -0.0466645 0.419033 -0.498454 0.533594 -0.379779 -0.666958 0.132012 -0.00724846 -0.267841 -0.185802 0.0512204 -0.795773 0.145478 0.0794656 -0.40522 -0.0440044 0.129505 0.0719407 -0.254991 0.467568 0.100501 0.353934 0.178262 0.0699674 -0.00843193 0.292542 -0.312725 
0.264868 0.174559 0.198153 0.694513 -0.0120695 -0.191364 -0.0179802 0.454909 -0.60167 -0.0596745 0.0593687 -0.356848 -0.208232 -0.188033 0.0246314 0.169619 -0.312221 -0.140495 0.380757 -0.223593 0.191403 -0.0556865 0.135027 0.445451 -0.133985 -0.370047 -0.051216 0.139916 -0.136122 0.241513 0.339819 0.0794127 0.501514 -0.14273 0.381453 -0.0164256 0.260811 -0.440487 -0.382661 0.0931792 0.255122 0.0869319 0.306536 -0.138652 0.273441 -0.125946 0.20807 0.170533 -0.134125 -0.0110954 0.0102723 0.266134 0.0664231 -0.126482 0.297056 0.382235 0.618364 0.0857689 -0.0648158 -0.0482862 0.121151 -0.237001 -0.523892 0.323866 
-0.0422886 -0.222756 0.368241 0.112484 0.155885 0.0755848 -0.486935 -0.182333 -0.742702 -0.266259 -0.466281 -0.19054 -0.403014 0.115867 0.0758245 0.0553261 -0.128976 -0.10499 -0.33174 0.629715 -0.364072 0.0359392 -0.207232 -0.00146638 -0.290149 0.107837 -0.0776081 -0.393183 0.0758258 0.0667953 -0.251816 0.168713 0.509876 0.0782002 -0.27017 0.253022 0.000470045 0.338354 -0.612665 0.120667 -0.248697 0.158111 -0.142286 -0.180119 0.242193 0.430853 0.0357352 -0.194419 -0.28874 0.028216 0.108046 0.0822626 -0.241714 0.0137524 0.0501508 0.553303 0.189596 0.216489 0.0387967 0.120657 0.264408 -0.192977 -0.424175 -0.126077 
-0.0225713 0.00208515 -0.231766 -0.63674 -0.184925 0.226167 -0.253528 0.110146 -0.159035 -0.7755 0.672673 -0.398778 0.23973 -0.00971325 -0.54636 0.219268 0.0584604 -0.38173 0.447563 0.331195 0.368492 0.00909969 0.0849108 -0.147835 -0.000172203 0.20954 0.0598832 -0.306565 0.35546 -0.376947 0.465427 -0.219209 -0.161723 -0.314231 -0.475429 -0.438374 0.0973287 -0.30561 0.0777171 -0.0284743 0.804443 -0.43069 0.299438 -0.182758 -0.170451 0.0744197 0.117841 -0.032221 0.17524 0.527737 -0.169909 0.117889 -0.306506 0.36517 0.218624 -0.0239533 -0.270822 -0.208684 0.0930167 -0.11564 -0.137148 -0.312469 0.27539 0.239916 
-0.230532 0.191659 -0.27446 -0.451352 -0.498866 -0.119137 -0.102353 -0.224348 0.0605143 0.184925 -0.0902673 -0.042382 -0.117096 0.676362 0.108957 0.672541 -0.296384 -0.00490277 0.13571 -0.313946 -0.271835 -0.0600337 0.135723 -0.0171933 -0.0714826 -0.219767 0.249211 -0.556575 0.0396564 0.433209 -0.165458 -0.267627 -0.203576 -0.0751503 0.294441 -0.226143 0.198204 -0.560378 0.435135 0.226208 0.528961 -0.066699 -0.220848 -0.299604 0.0734265 0.238542 0.0527543 -0.323566 -0.213708 0.181173 -0.186968 0.28633 0.199223 0.574202 -0.327622 -0.0804669 -5.87553e-05 0.129244 0.361982 -0.356445 0.10729 0.188688 0.156192 -0.198268 
0.0844659 0.130366 0.0744595 0.202568 -0.0761146 -0.287623 -0.44207 -0.0504052 -0.052659 -0.0873457 0.378937 0.261064 -0.0677938 0.258651 0.270553 0.492895 0.0194781 -0.129558 0.315758 -0.453533 0.141073 0.081963 0.0990777 -0.0744999 0.0352616 -0.0973302 0.553312 0.0745924 0.325279 0.266585 -0.260241 -0.125535 0.374046 0.401929 0.425294 -0.163122 0.259661 0.0306162 -0.00307745 0.373441 0.463754 -0.230585 -0.300665 -0.769433 -0.0910838 -0.246495 0.378426 -0.109706 -0.40095 0.374418 -0.22397 -0.245335 0.195802 0.243305 0.748811 -0.426828 0.0752031 -0.182015 -0.276365 -0.238104 -0.432987 0.0751509 0.514443 0.247964 
0.126064 0.123656 -0.169548 0.669696 -0.162915 -0.372605 0.49639 -0.209666 -0.317599 0.113329 0.116025 0.181888 -0.0464899 0.0547483 0.238478 0.0340328 0.0791113 0.59243 0.350133 0.226175 -0.352652 0.0637726 -0.0283555 0.226183 0.328517 0.132479 -0.00856324 -0.0116236 -0.577393 -0.230923 -0.0869784 0.181456 -0.153016 -0.122316 0.168863 0.0917714 0.131531 0.702562 -0.147425 0.077608 -0.392495 0.738767 0.693557 0.223651 0.137685 0.319324 -0.128496 -0.0450631 0.254046 -0.0544405 0.378861 0.0136398 0.329 -0.225711 -0.221751 0.231746 -0.00936128 0.128362 0.040685 -0.45836 0.35468 -0.0899165 -0.185625 0.240226 
0.377152 -0.407519 0.738544 0.143286 0.213082 -0.710779 0.137563 -0.230941 0.108156 0.0144881 -0.184801 0.086038 -0.0753058 -0.106129 0.0475292 -0.0190108 -0.403942 0.338068 -0.155549 -0.230811 -0.868301 0.0808966 -0.538289 0.177163 -0.123437 0.173993 -0.0265558 -0.0367522 0.0499128 -0.196434 0.0158264 0.159417 -0.208958 -0.0431125 0.500701 0.0623193 -0.0961918 0.290438 -0.436726 -0.286477 -0.269118 0.361827 0.0530676 -0.0964625 -0.178942 -0.101038 -0.698902 0.0133165 0.0469708 -0.393967 -0.0456296 -0.102178 0.0704475 -0.120355 -0.349184 0.347115 -0.101645 0.39524 0.0992913 -0.306475 0.164133 -0.0225693 0.145862 0.160605 
-0.444653 0.214278 -0.127992 -0.00271598 0.756027 -0.249276 0.0938103 0.395912 0.380589 0.040711 -0.197834 0.163632 -0.0723644 -0.550708 0.509711 -0.363154 0.0520538 0.245871 0.725217 -0.045136 0.20537 0.304247 -0.343903 -0.256486 0.628711 0.506072 0.156052 0.0764269 -0.429751 0.104553 0.124311 0.194474 -0.328034 0.39484 0.362747 0.0901169 -0.0604578 0.286914 -0.495041 -0.251069 -0.388645 0.346743 -0.110264 -0.088857 0.303849 0.160496 -0.513849 -0.240814 0.194496 -0.633722 0.237146 0.0189398 0.199747 -0.228733 -0.0961217 -0.221698 0.305051 -0.0711 -0.317773 -0.356574 0.583857 0.0456781 0.0919107 0.264057 
-0.348177 -0.239074 -0.0365966 -0.159357 -0.28934 -0.00648759 0.221798 0.196882 -0.275347 0.0206994 0.120958 -0.0701983 -0.219565 -0.0155355 -0.0603925 0.741025 -0.246044 -0.100749 0.2744 0.320518 -0.212314 0.459764 0.259269 0.348928 0.193784 0.183397 -0.299046 0.0801681 0.363 -0.195073 -0.0801787 0.0470515 0.304948 0.128942 0.173912 -0.224442 -0.0535694 -0.115509 0.169564 0.382376 -0.270021 -0.38587 -0.457749 0.296805 -0.0492248 0.0679293 0.0405086 0.12222 0.243444 0.1126 0.0831921 -0.134601 -0.0788245 0.0741223 -0.132878 -0.063793 0.115699 -0.129717 -0.339226 -0.252635 -0.124333 -0.217257 0.202885 0.00665847 
0.0834888 0.302587 0.00314314 -0.208953 -0.171779 -0.352271 0.269702 0.0488894 0.259787 0.251369 -0.216198 0.428055 -0.000208592 0.365377 0.186786 0.0975042 0.0291939 0.280457 -0.399126 -0.267079 0.3469 0.0588427 -0.324327 -0.0466304 0.263934 0.0194291 -0.280377 0.462924 -0.202991 0.0576566 0.157996 0.0547098 -0.0290569 -0.152916 -0.367849 -0.0531709 -0.354176 0.375216 -0.099238 0.195319 -0.00581592 0.0172272 -0.134917 -0.0324011 -0.0077318 -0.291897 -0.420533 0.0271785 -0.154855 0.101966 0.304496 0.424217 0.670334 0.0863782 0.215356 0.2538 -0.268579 0.111629 -0.470538 -0.488008 0.310915 0.071635 0.0691582 -0.18258 
-0.490003 0.389449 -0.290319 -0.177238 -0.403104 -0.0254665 -0.0637976 0.376611 0.0889348 -0.285226 0.0331312 0.0240045 0.282067 0.115932 -0.432227 0.533858 -0.00414903 0.322819 -0.0831667 -0.025197 0.696743 -0.149356 0.0624191 0.231392 -0.414087 -0.351473 0.24629 0.323663 -0.205626 0.00434707 0.378372 0.0663071 0.370368 -0.116033 -0.0407935 0.0594544 0.330678 -0.140077 0.250457 -0.202586 -0.0116819 -0.777363 -0.471697 -0.0332712 -0.306959 -0.230468 0.349562 -0.46798 -0.171415 0.327022 -0.0199688 -0.596772 -0.281438 0.0678358 0.647224 0.134056 -0.421709 0.402096 0.212626 -0.262605 -0.222078 -0.0195217 0.00390215 -0.229335 
0.418612 0.196754 -0.00152778 -1.00537 0.139153 -0.507443 0.16052 0.314709 -0.106425 -0.453749 0.176644 0.08126 0.200154 -0.0302228 -0.137171 -0.490767 -0.300945 -0.183163 0.298703 0.316051 -0.334772 -0.166116 -0.448004 0.124742 -0.198379 0.028785 -0.0114061 0.12563 0.104918 -0.0552766 -0.339039 0.165594 -0.434696 -0.356367 0.310552 -0.0249674 0.457969 0.0337074 -0.510795 0.00991021 -0.627474 0.2625 -0.49306 -0.145484 0.129036 0.410642 -0.128039 0.526811 -0.0105987 0.6089 0.202115 0.23262 0.0974404 0.260488 0.139346 0.333989 -0.315027 0.256143 -0.00755844 0.0703452 0.275221 -0.647818 -0.056035 -0.162595 
0.172184 0.639986 0.180667 0.217478 -0.2037 -0.17407 0.00537937 0.198895 -0.10607 -0.000389733 -0.228245 0.0996209 0.257234 -0.616323 0.23325 0.087345 -0.209599 0.377207 -0.258618 0.183875 0.0480607 -0.0813534 -0.0935597 0.0977248 -0.232011 0.517239 -0.449432 -0.238764 -0.183448 0.25522 0.0776202 0.372398 0.207064 -0.121935 -0.0675377 0.238622 -0.0500835 0.343919 -0.614623 -0.120102 -0.47669 0.589619 0.197168 -0.274657 -0.116433 0.528264 -0.362453 0.132099 0.464805 0.182406 0.425662 0.0245952 0.301141 0.012469 -0.401367 0.0350621 0.156155 -0.0226144 -0.0309958 -0.328847 0.529788 0.152088 0.0577416 0.0278787 
0.0510703 -0.0690058 -0.201738 -0.228513 -0.168248 0.136548 -0.38817 0.674352 -0.189875 -0.129441 0.18909 0.395136 -0.0751182 0.48238 -0.158911 0.125376 0.161764 -0.558427 -0.315173 -0.130466 0.363294 0.00169671 -0.0860036 0.244759 -0.162617 -0.29746 0.087914 0.0372378 -0.0629474 0.131246 -0.322469 -0.0390513 0.0762354 -0.10129 0.158914 0.120225 -0.242901 -0.467608 0.258732 -0.404552 0.120972 -0.219443 0.0733389 -0.280689 -0.002702 0.255743 -0.343901 0.0923598 -0.307566 0.0800663 0.0339225 0.188139 0.0102751 -0.32087 -0.0402045 0.133229 0.148124 0.370159 0.494214 -0.151849 0.267719 0.315218 -0.00582826 -0.26854 
0.00402231 0.344488 0.2086 0.331265 0.137331 -0.190966 0.424515 0.347107 0.0745792 0.391057 -0.0288333 0.140797 -0.178509 0.0385658 -0.180978 -0.0785723 0.488301 0.339546 0.0575121 -0.263957 -0.103548 0.773609 -0.068478 0.167445 -0.196578 0.305713 -0.0381188 0.215786 -0.354329 -0.249928 -0.0552025 0.727953 -0.168468 0.0807074 0.0675026 -0.345776 0.18515 -0.325706 -0.508485 0.109759 -0.0409915 -0.0950149 -0.324765 0.0904124 -0.0204847 0.241782 -0.197749 -0.109586 0.626395 0.624771 0.056242 0.162287 -0.353416 -0.246431 -0.0803247 0.160503 -0.168563 -0.291528 -0.525765 0.154205 0.00889441 -0.143395 0.0451622 0.159854 
-0.310978 0.0052435 -0.273067 -0.151629 -0.380147 0.250192 0.308678 0.0944761 -0.0124093 0.352702 0.563463 -0.00800562 0.294589 0.71684 0.0435881 0.122824 -0.615539 -0.234894 0.361104 -0.09337 0.268126 -0.0456825 0.0116924 -0.134275 -0.37022 -0.113903 -0.251076 0.487299 0.666028 0.13054 -0.102843 -0.0786656 -0.0981846 -0.343466 -0.124781 0.107812 -0.00789384 0.0806267 0.485288 -0.0858846 0.37135 -0.389777 0.042784 0.395346 -0.322249 0.377336 -0.17281 0.208944 -0.111835 0.305127 -0.0745725 0.162076 -0.24291 -0.287818 -0.0510707 0.611188 0.181372 0.01153 0.17126 0.098983 -0.428047 -0.151017 0.119833 -0.351737 
-0.0992109 -0.0696178 0.448555 0.307248 -0.0196437 -0.468444 0.0176742 0.0485581 0.128049 0.414805 -0.198888 0.371734 -0.404634 -0.48582 -0.164244 -0.488983 0.212931 0.333396 0.0275883 0.137345 -0.191567 -0.0500247 -0.0360042 0.176345 -0.0545402 0.160667 0.180042 -0.507183 -0.173878 0.343363 -0.223862 0.314146 -0.0990532 0.296525 -0.124383 0.280952 -0.114139 0.909751 -0.0461005 0.140171 -0.302908 -0.358316 0.186638 -0.382485 -0.020498 -0.0177158 -0.068628 0.0868774 0.414831 -0.634693 0.391286 -0.631297 0.520235 0.0112338 0.326658 -0.10334 0.0898836 -0.215043 0.331559 -0.29693 0.0553864 -0.0444468 -0.42484 0.205658 
0.0135834 0.289535 0.173545 -0.119325 -0.112596 0.279752 0.490765 0.281801 0.0958998 0.0887123 -0.0839923 0.207519 -0.122123 -0.000932815 -0.0445528 -0.266026 -0.307021 0.426047 0.316404 0.151857 0.104768 0.176005 -0.281351 -0.130552 -0.329905 0.23186 0.0929652 0.0637455 -0.805761 0.429109 0.265125 -0.0792269 -0.101041 -0.174639 0.393357 -0.473968 0.625392 -0.0847472 -0.106137 -0.225035 -0.184054 -0.626423 0.158578 -0.0566406 -0.15895 -0.279745 0.395424 0.327492 -0.0515555 0.740172 0.110524 -0.639625 0.566141 -0.162705 -0.152641 0.469899 -0.356528 0.128756 -0.278205 0.203038 -0.131799 -0.107439 0.0737937 0.146889 
0.266943 0.206525 0.134722 -0.0835084 0.236416 -0.170748 0.0218724 0.537988 -0.131835 -0.0523036 -0.157378 -0.30589 0.060982 -0.00465251 -0.256104 -0.404581 -0.0177397 -0.247623 -0.331768 0.2368 -0.364685 -0.27361 -0.132861 0.258203 -0.229907 0.00600758 0.231359 -0.169035 -0.898715 0.10706 -0.464547 -0.18982 -0.145795 0.131429 -0.411912 0.718941 0.0716299 0.0599031 -0.221187 0.454851 -0.385579 -0.126844 0.0393965 0.0975711 -0.136537 0.0966783 -0.00841712 0.0617561 0.162923 0.0312759 0.0829566 0.267497 0.160099 -0.294394 -0.0442347 0.32655 -0.0939027 -0.253841 0.268979 0.368374 0.022529 -0.340979 0.0436143 -0.129836 
-0.414418 0.253208 0.593509 -0.493591 -0.00984871 -0.74131 0.202542 0.134112 -0.420667 0.41322 0.149898 -0.0911604 -0.215008 -0.491551 0.398784 -0.178564 -0.118955 -0.105045 -0.152722 0.296862 -0.23142 -0.370796 -0.490716 0.061594 0.318163 0.132045 -0.128423 -0.103811 -0.12447 0.0342658 -0.0421334 0.168562 -0.241979 0.253915 0.0719433 0.097162 0.0614346 0.0300382 0.103882 -0.413355 0.00398012 0.18996 0.0444276 0.276024 0.207553 0.0295959 -0.268718 -0.0699004 0.0366086 0.156174 -0.113004 -0.46661 0.217764 -0.0867814 -0.135204 0.215194 0.233267 -0.167151 0.0389583 -0.194837 -0.36749 -0.0807415 0.290369 -0.294701 
-0.177936 -0.152014 -0.0506253 0.308848 -0.0380168 0.234685 -0.580992 0.18305 0.0839804 -0.226873 -0.377459 -0.159015 0.45592 0.283878 -0.094608 0.278274 -0.0488231 0.119047 -0.126153 -0.264651 -0.2209 0.111054 -0.168823 0.0994735 -0.640502 0.130913 -0.155992 -0.382084 0.298803 0.0304069 -0.362618 -0.0642615 0.217351 0.047139 0.0713896 -0.000762698 0.0711795 -0.352377 -0.196434 -0.27284 0.375385 -0.266688 -0.194245 0.345468 -0.207187 -0.0465287 0.576463 0.0968055 -0.486158 0.383797 -0.129743 0.0495459 0.218282 0.118948 -0.10326 -0.122074 0.174696 0.631157 0.0620421 0.132218 -0.206261 0.322881 0.33408 -0.601043 
0.134746 -0.31388 0.457376 0.226239 0.120093 -0.338018 -0.0159616 0.201675 -0.0586506 -0.190814 -0.177249 0.160188 -0.371907 -0.221393 0.351815 -0.421315 0.0646959 0.488143 -0.529258 0.0334155 0.200809 0.13896 0.0174487 0.271407 0.103379 0.597499 -0.304341 -0.16862 -0.379746 -0.011801 0.119436 0.144395 -0.0348707 -0.136857 0.153567 0.388922 -0.211318 0.40938 -0.15132 -0.263726 0.279003 0.270599 -0.00226035 0.273639 0.217684 -0.0965582 0.0773537 0.195108 0.132347 0.0569961 0.0237312 0.289636 0.313049 -0.325543 -0.390117 0.594498 -0.029349 -0.101446 -0.0390638 -0.0889896 -0.0124495 -0.0488845 0.0738087 -0.314493 
-0.111632 0.0926162 -0.729398 -0.306929 -0.354784 0.163406 -0.0681746 -0.235855 -0.18687 -0.345909 -0.0937186 0.05139 0.112423 0.499935 -0.246732 0.680472 0.267544 -0.1018 0.199065 -0.226566 -0.132642 -0.31316 0.349997 -0.0517581 0.224543 -0.234692 -0.227597 -0.194709 0.484831 0.120925 -0.175154 -0.327718 -0.279119 0.570451 -0.0259216 -0.342185 -0.0232301 -0.235136 0.00241851 -0.0854787 0.286364 -0.352679 -0.151504 -0.115441 -0.217905 0.287411 0.256055 -0.653879 0.161515 -0.04085 -0.152365 -0.500682 -0.298345 0.229624 0.343651 0.20727 -0.0859747 -0.0208182 0.316307 0.41249 -0.502124 0.142804 0.17787 -0.130714 
0.0317535 0.363507 0.202184 0.036126 0.142493 -0.299232 0.0933904 0.130972 -0.164673 0.0395859 0.721645 0.548522 0.115469 0.343226 -0.0838769 -0.0979579 0.368172 0.348177 0.136236 0.306488 0.597965 0.0437063 0.169791 0.0456619 0.583625 0.0500992 -0.0469081 -0.415908 0.0570017 0.111947 -0.229875 -0.546354 0.567256 -0.0204404 -0.110388 -0.0305094 -0.103633 -0.290763 -0.369566 0.158542 -0.044975 0.147051 0.351365 0.162842 0.200968 -0.110078 0.0164247 0.0922538 -0.338273 0.222631 -0.189215 0.316704 -0.382731 0.11744 0.0253438 0.131842 -0.173532 0.172215 0.110391 0.0266996 0.0705882 0.0485569 -0.40863 -0.0301498 
0.0534483 0.114185 0.235739 -0.466926 -0.00572322 0.0483262 0.0536818 -0.155419 0.138672 -0.157306 0.488223 0.235953 0.0600953 -0.540354 -0.033241 -0.202142 -0.0309944 0.229623 -0.195136 -0.343211 0.042794 -0.285844 -0.669103 0.228298 0.0407765 0.0146139 -0.0967128 -0.0541458 -0.670135 -0.272564 -0.262917 0.420947 -0.225944 0.236472 0.0231192 0.436943 -0.504598 0.104426 0.0207745 0.158865 0.0419827 -0.303083 0.00383314 0.0628774 0.0741134 0.0459877 0.0403753 -0.267278 0.472944 0.108473 0.300639 0.308308 0.393214 -0.0609815 -0.124948 -0.26651 -0.434934 -0.0391331 0.222115 -0.389522 0.0423095 -0.474411 -0.185895 0.245247 
0.106672 0.126174 0.132352 -0.235644 0.131136 -0.117516 -0.0551504 0.275392 -0.345432 0.277868 -0.0809264 0.0634722 -0.152694 0.00124888 0.474588 -0.440032 -0.16537 0.20687 0.0242079 0.175863 -0.295875 -0.356481 -0.0629501 0.159575 -0.171747 0.128717 0.289935 -0.0818904 0.210908 -0.307209 0.382478 0.315133 -0.227701 -0.497772 -0.396433 -0.0545628 -0.147434 -0.167272 0.0408366 0.152292 -0.577297 0.244091 -0.0906333 0.335569 -0.0294733 0.00554429 -0.416799 0.309856 0.0295751 -0.382681 0.17171 -0.0421888 0.205297 -0.423304 0.435525 0.00510332 -0.220677 -0.0171395 -0.231858 -0.490214 0.269996 -0.190236 0.00535431 0.25255 
0.241501 -0.25072 -0.0343923 -0.0573653 -0.275196 -0.352142 -0.486349 -0.172548 0.306944 0.238038 0.133717 0.0959051 -0.162144 0.534852 -0.148497 0.177605 0.00855629 0.256182 0.420852 -0.186995 0.18528 0.486946 0.828324 -0.0031492 0.071389 0.399607 0.150815 -0.0902614 0.0183317 0.358415 0.428081 -0.0955361 0.4049 0.473413 0.211143 -0.114245 0.229765 -0.331964 0.372968 -0.0911407 -0.115393 0.130803 -0.291157 0.184064 0.150437 0.166141 0.412185 -0.242749 -0.461652 0.0791401 -0.445375 0.171017 -0.368551 0.556377 0.149126 0.514405 0.0468789 -0.320036 0.156585 0.350479 -0.632879 0.034821 -0.101043 -0.527569 
-0.00282139 0.207185 -0.0838784 -0.160519 0.163396 0.703935 0.370381 0.384961 0.42844 0.0904719 -0.0181935 0.213745 -0.288006 0.116214 0.642084 0.052042 0.120986 0.340806 0.17193 -0.18394 -0.431197 -0.0172036 0.474814 -0.015291 -0.153751 -0.267998 -0.208109 0.123183 0.300502 -0.0156114 -0.104211 -0.312034 0.453451 -0.216592 -0.277639 -0.149835 0.330037 0.216433 -0.224725 -0.296299 0.746758 0.0829104 -0.691066 -0.0395103 -0.180986 -0.151457 0.0813673 -0.0621078 -0.286893 -0.00187891 0.233123 0.36818 -0.38622 0.110176 -0.259364 -0.0753624 -0.191931 -0.151918 -0.487532 -0.209689 -0.266621 0.00497602 -0.325634 0.111105 
0.0683043 -0.296459 -0.104137 -0.202932 0.461287 0.0563371 0.449022 0.095329 0.00595185 0.012957 -0.0914282 0.0199502 -0.201275 0.309663 -0.0116053 0.106605 0.3447 0.383011 0.105524 -0.0193878 0.170441 0.385872 0.0319028 -0.249434 -0.338188 -0.106966 -0.0322671 0.0972937 0.213173 -0.63967 -0.108876 -0.731925 -0.190415 -0.22789 0.0394807 0.161277 0.0784655 -0.0766989 -0.0487313 0.052408 -0.133701 -0.0860793 -0.212747 0.308653 0.11541 0.270575 0.377671 -0.16263 -0.437051 -0.335941 -0.110062 -0.153401 -0.0961529 0.525587 0.200702 0.129703 -0.0960876 0.0332881 -0.0625554 -0.224685 -0.0502816 -0.082943 0.282161 -0.0421331 
0.169563 0.0355558 0.277676 0.0252334 -0.00932899 -0.0653521 -0.0971346 0.327325 -0.040017 0.408844 0.302475 -0.251106 -0.410896 -0.0400654 -0.236338 0.186026 -0.231736 -0.400863 0.315111 -0.115679 -0.107545 0.075963 0.409089 0.200656 0.204754 -0.181908 0.318447 0.182775 -0.105201 -0.0221436 -0.123684 0.621309 -0.282168 0.0851266 -0.0537919 0.460609 -0.345787 0.648657 -0.190861 0.306 -0.908315 0.445428 -0.0706557 0.0549169 0.096095 -0.0403083 -0.446755 0.393529 0.141019 -0.292192 -0.314149 0.11566 0.275318 0.179896 0.390645 -0.31866 -0.0272332 -0.0835264 -0.139242 -0.156057 0.516777 0.224264 -0.0140982 0.0356532 
0.230381 0.354911 0.287264 0.163379 0.0703354 -0.194915 0.595017 -0.0318972 0.0943947 0.289824 -0.158417 -0.00933824 -0.0431941 -0.286667 0.218915 0.037561 -0.261125 -0.638422 -0.0395262 -0.0777677 0.200945 0.155784 0.0671162 0.1831 0.0379492 0.137878 0.446659 -0.22469 0.15229 0.38942 0.155946 -0.717673 -0.22046 -0.249064 -0.225007 -0.319241 -0.203457 -0.23713 0.0813731 -0.0565452 -0.0967757 -0.0758054 -0.344889 0.158985 -0.197404 -0.335221 0.293695 0.110147 -0.343927 -0.0042901 0.128994 -0.084211 -0.546788 0.0988069 -0.322719 -0.142124 -0.417659 -0.079913 0.248901 0.374158 -0.0746173 0.274114 0.36489 -0.289549 
0.186017 -0.239949 0.296909 -0.106011 -0.457695 0.390206 0.0906308 0.222945 0.270059 0.169832 -0.0138033 0.32611 0.201181 0.498891 -0.442085 0.25932 -0.239324 0.345543 0.0801182 0.0849973 0.0219415 0.10216 0.206893 -0.0779163 -0.229424 -0.402351 0.116661 0.244877 0.553393 -0.169874 -0.0375308 0.0280025 -0.36402 -0.13096 0.127021 -0.00345047 0.174233 0.380341 -0.0928495 -0.0908485 0.101651 -0.582594 -0.610596 -0.232993 0.324349 -0.00964579 0.0497914 -0.235847 0.0260687 -0.0513391 -0.219822 0.119461 -0.569336 0.00699447 -0.0563096 -0.166295 0.337951 0.0392953 0.0564831 0.0170302 0.208127 0.412224 0.357863 0.216677 
-0.113449 -0.131823 0.0902554 -0.00956289 0.0411234 0.397016 0.141257 -0.502919 -0.229757 0.226551 -0.207872 0.0232777 -0.157798 -0.160227 0.106899 0.164379 0.1281 -0.175241 0.20474 -0.425434 -0.124025 0.0949224 -0.075099 0.0714302 0.574023 -0.0825799 0.180034 0.199751 -0.196379 -0.05628 -0.133517 -0.390036 -0.0544658 -0.0999144 -0.0501414 0.021933 -0.234925 0.0939176 0.227844 -0.23968 0.387828 0.10013 -0.576726 -0.010956 0.292429 0.502155 0.634596 0.0901618 -0.527047 -0.0255393 -0.00133305 -0.128465 -0.861698 0.335311 0.187648 -0.190675 0.0132255 0.437902 0.0348462 0.192989 -0.345647 0.739095 0.29054 -0.294392 
-0.245809 -0.0252862 -0.603988 -0.0559946 0.0974405 -0.105042 -0.374661 -0.474839 0.333876 0.0712443 -0.679685 0.263813 -0.142186 0.0185228 0.0266411 -0.0604765 0.236422 -0.127054 -0.0335447 -0.0963799 -0.104755 -0.0409174 0.0250201 0.023758 -0.124083 -0.0286158 0.0726391 0.238827 -0.188286 -0.436326 0.00981138 -0.626745 -0.45705 0.18827 0.053847 0.185857 0.0213438 0.365694 0.28132 -0.0866912 -0.413532 -0.138015 -0.694512 -0.281218 0.380112 0.286127 0.157281 -0.219115 -0.316264 -0.0156588 0.0979688 0.498317 -0.305857 0.181955 0.14294 0.0883538 -0.354393 -0.735615 -0.0584167 -0.425539 -0.0602998 0.474089 0.0828577 0.0627926 
-0.206554 0.139283 -0.174772 0.397416 -0.115006 -0.32288 -0.0100676 -0.0440152 0.0962421 -0.0200369 -0.486636 0.0590597 -0.358217 -0.24674 0.0299356 -0.405168 -0.168608 0.211126 -0.268404 0.100956 0.27025 -0.0387892 -0.222303 0.0597259 0.0548598 -0.100231 0.104352 0.14042 -0.345922 -0.38057 0.0911832 0.0259599 0.0303525 -0.18579 0.264353 0.0709275 -0.149693 0.210005 -0.0921895 0.14248 -0.169936 0.282152 0.320419 -0.546331 0.505679 0.0552038 -0.445186 -0.277726 0.206692 0.0180323 0.327565 -0.0554678 -0.00945798 0.212717 0.116311 0.303883 -0.332862 -0.205706 -0.0357053 0.020015 0.74165 0.295604 0.0656259 -0.150351 
-0.0149196 -0.268404 -0.32349 0.139385 0.367284 -0.371664 0.0810895 -0.20153 0.106484 0.343659 0.229908 0.0613043 -0.0619223 -0.306032 -0.566492 -0.200807 0.0418281 0.0396688 -0.351549 0.195562 0.286529 0.127818 0.0187594 -0.237491 -0.645495 -0.0867916 0.14126 0.324306 0.429158 0.511259 -0.22168 -0.0272939 0.0556854 0.187432 -0.0254258 -0.09902 -0.0170569 -0.331951 -0.148795 -0.190596 0.0689704 -0.113893 -0.365434 -0.10866 -0.462396 0.191751 0.0911423 0.0355158 -0.19474 0.373106 0.0353273 0.0636377 0.0588881 -0.34332 -0.197584 0.084778 -0.181487 0.283757 0.200108 -0.332086 0.145616 0.128102 -0.0462748 0.0911517 
-0.259966 -0.150185 -0.0136636 -0.237522 -0.22738 0.431687 -0.0561697 0.275449 0.0579293 -0.253577 0.562575 0.151712 -0.491413 -0.0302823 -0.0120087 0.55887 -0.0558327 0.3684 -0.0052707 0.5169 0.245801 -0.122753 -0.288826 -0.0411231 -0.556157 -0.32536 -0.681401 -0.0530411 0.161134 -0.181776 0.189968 -0.324226 0.313693 0.469808 0.498884 -0.166151 -0.0254293 -0.63795 -0.634035 0.663336 -0.0461675 0.123326 -0.269639 0.283386 -0.358546 -0.0881647 0.15688 0.223202 -0.219078 0.786472 0.0925369 -0.411263 0.458895 -0.00948933 0.0494067 0.301833 0.0353038 0.50188 0.602035 -0.24108 -0.145861 -0.435821 0.174946 -0.421557 
0.139752 0.0378744 0.187986 -0.0128721 0.226748 -0.423303 0.43884 -0.00349871 -0.524866 -0.0185923 0.371035 0.0423015 0.163869 0.258119 0.485619 0.744875 -0.285284 0.654843 -0.108855 0.146481 0.324208 0.00559846 -0.00373115 0.037647 -0.241252 -0.282228 0.424365 -0.137098 -0.311213 0.223355 -0.0452196 -0.0256343 -0.0218394 0.366133 0.00105662 0.146959 0.0361467 0.0913364 0.0308212 -0.217934 0.121136 -0.0892126 -0.271354 -0.069324 -0.284655 -0.248673 -0.42815 0.140771 0.337916 0.392439 0.350483 -0.296073 0.178311 -0.330583 -0.566052 -0.22361 0.0598396 0.18464 -0.114386 0.248765 0.0134646 -0.366965 -0.030101 -0.140185 
0.00614057 0.039688 0.188949 0.12619 0.159684 -0.13928 0.253362 -0.223927 -0.0464995 0.200143 0.0999429 -0.0418273 -0.223879 -0.452148 0.066611 -0.103245 0.00934738 0.530134 -0.120351 -0.174741 0.139413 -0.219483 -0.299003 0.171391 -0.363258 0.0599409 0.0602497 -0.46709 -0.230387 0.661767 -0.219575 -0.0824315 0.0702524 0.332464 0.127753 0.357907 -0.204406 0.0963603 -0.147643 0.124062 -0.513879 0.290889 0.106101 -0.182422 0.109401 0.194651 -0.367321 0.090664 0.23886 -0.226617 0.42738 -0.145865 0.506117 -0.362477 -0.542747 0.0189716 0.236728 0.169503 0.00825624 -0.342261 -0.283188 -0.527891 -0.0705968 -0.294689 
0.294594 -0.134109 0.0118021 0.218656 -0.000683767 0.248685 -0.075803 -0.762894 -0.113091 0.0540413 0.0310562 0.0724694 0.293865 0.0387561 0.0534265 0.339863 0.19026 -0.131581 -0.0964516 -0.203731 -0.195832 0.229845 0.473065 -0.217346 -0.0967818 -0.237265 0.157127 0.463876 0.19588 -0.240337 0.468245 -0.0193442 -0.519078 0.109113 -0.398475 -0.407413 -0.000102422 0.226306 -0.0652436 0.0406634 0.441431 -0.366205 -0.212349 -0.0685425 -0.0506341 0.112801 0.194882 -0.216363 -0.680594 0.0624579 -0.169164 0.13694 -0.0723596 0.0239322 -0.0859744 0.165224 0.166525 -0.392246 0.103339 -0.109696 -0.0742502 0.164812 0.0916252 -0.295743 
0.0184877 -0.0296943 -0.0110426 0.229744 0.122519 -0.280532 -0.362235 0.422288 -0.123716 0.524677 -0.780923 0.000994687 -0.0286074 -0.466793 -0.101927 -0.459381 0.23973 0.0853067 -0.184132 0.102954 -0.0869273 0.467531 -0.317069 0.219279 0.178626 0.620021 -0.051109 0.0788945 -0.31617 0.0318453 0.106952 0.555287 -0.418987 -0.353843 -0.364559 -0.295802 0.00898965 0.420846 -0.0819503 0.63669 -0.166914 0.804145 0.165097 0.0269018 0.257552 0.109001 -0.378764 0.110176 -0.0509809 0.0252772 0.195564 0.0596161 0.216253 0.215638 -0.495593 -0.18466 -0.153757 -0.0509493 -0.167289 -0.185545 -0.0290683 0.00362724 -0.21068 0.265024 
-0.662966 0.208065 0.316643 0.364062 -0.555413 0.105565 -0.425108 -0.0560309 0.448628 -0.233162 0.338136 0.204628 -0.226213 -0.450902 0.391089 0.21911 -0.0366291 -0.222055 -0.549261 -0.353898 0.219303 -0.296286 0.0433494 -0.296607 -0.351211 -0.41393 0.212154 -0.484959 0.28906 -0.338602 -0.274192 0.099851 0.239575 0.0668451 -0.160849 -0.24579 0.262993 0.336444 0.158138 -0.0109126 0.134814 -0.587493 0.0197675 -0.325883 0.264737 -0.319864 0.674625 -0.482322 -0.0257549 0.306907 -0.0570661 0.25399 -0.00440323 0.012314 -0.0734244 0.475811 0.118165 -0.168114 -0.272503 -0.0976772 0.356154 0.153954 -0.166127 -0.355048 
0.0161619 0.113264 -0.0272168 0.15916 0.386328 -0.525082 -0.0915667 -0.11685 0.124508 0.0808245 -0.548685 -0.218834 0.141892 -0.18037 -0.184627 -0.543885 -0.373473 0.0452525 -0.146279 0.478392 -0.284239 0.186092 -0.298486 0.427642 0.248911 0.128373 -0.177376 -0.242807 0.365923 0.0950765 -0.0552516 0.265689 -0.0911808 0.0789555 0.116522 -0.246848 -0.0683699 0.4394 0.157324 0.236241 -0.478437 0.219103 -0.120041 0.511236 0.387059 0.0738186 -0.42373 -0.311509 0.136437 -0.0990638 0.117029 0.292017 0.379263 -0.0776244 0.0718557 -0.573438 -0.0741868 -0.37428 -0.366866 -0.157158 -0.236611 0.286848 -0.402313 0.372343 
0.0210635 -0.23824 -0.0332382 0.211831 0.0226486 0.297137 -0.788406 -0.194617 0.141153 -0.109307 -0.337726 0.344762 0.066936 0.442307 -0.0380728 0.508726 0.103294 0.162699 0.276145 -0.410841 0.447501 0.180232 0.183379 -0.856583 0.418662 -0.304106 0.225658 -0.0189436 0.123599 -0.0798644 0.181611 -0.216893 0.013134 -0.525864 0.171589 0.132149 0.389375 -0.181202 0.138875 0.253708 0.0481425 0.0293002 -0.858702 -0.096164 0.0360526 -0.172671 0.197371 -0.456528 -0.805327 0.12636 -0.375779 0.236566 -0.23082 0.263438 0.0593116 -0.00430737 -0.0289183 0.317543 0.0888168 0.59227 0.0289037 0.277396 0.156563 0.00793931 
0.261869 -0.00401876 0.341822 -0.26801 -0.0264444 0.234955 -0.489649 -0.335009 0.334557 -0.0393246 0.228923 -0.204668 -0.12119 0.429399 0.0868526 0.263346 -0.133906 -0.35962 0.240776 -0.109157 -0.381782 -0.146892 0.281051 -0.160618 0.287624 0.0606616 0.0431598 -0.0352564 0.380789 0.179281 0.118737 -0.490216 0.0191186 -0.296882 0.246696 0.0188476 -0.146317 -0.0236378 0.191173 0.182853 0.410154 -0.69404 -0.411907 -0.187138 -0.102806 -0.0346016 0.357705 -0.36132 -0.14536 0.139279 -0.0302575 0.476948 -0.533515 -0.0970887 0.233601 -0.447072 0.0799747 -0.345479 0.0317518 0.2178 0.0330643 0.774864 -0.230219 -0.13795 
0.0115045 -0.192177 -0.172709 -0.426995 -0.586136 0.0113236 -0.233873 0.276338 0.0234968 0.235696 -0.117902 0.31253 -0.0491717 0.354381 0.768843 0.066333 0.136263 -0.480644 -0.299394 0.47793 0.185304 -0.226683 0.020563 -0.736226 0.050271 -0.455325 0.336684 -0.133968 0.382696 0.0997442 0.24253 -0.0716691 0.235029 -0.0282366 0.0584771 -0.127438 0.0714131 0.186025 0.388587 -0.24062 0.222675 0.0680715 -0.222784 -0.146919 -0.428362 -0.185789 0.558623 -0.0801877 -0.145769 0.26633 -0.0501954 0.00577416 0.0694418 -0.0301347 0.325285 0.529033 -0.268896 0.154634 0.465741 0.0810977 -0.178875 0.0546113 -0.0530874 0.265968 
0.393686 -0.115808 0.0907533 0.112104 0.110147 0.0449603 0.264247 -0.0198605 0.10651 0.371067 0.0578566 -0.221085 -0.0829758 -0.55067 0.0293302 -0.487328 -0.093119 0.362024 -0.212487 0.286032 0.574167 0.0355248 -0.270919 -0.300673 0.240824 0.38508 0.484729 0.102176 -0.236918 0.115846 -0.4217 0.193985 0.00155314 -0.0255239 0.20534 -0.0117788 -0.219899 0.23959 -0.39154 -0.104213 -0.140591 -0.18105 -0.0275765 -0.233758 0.0993352 0.131745 -0.526163 -0.226378 0.146113 -0.349528 -0.0659927 0.595868 0.279107 -0.631319 -0.173353 0.662039 -0.267814 0.111888 0.346067 -0.57127 0.104493 -0.229439 -0.00248516 0.411612 
-0.0087249 0.0193959 0.27963 -0.257719 -0.199292 0.0273876 -0.0631469 0.362491 -0.384757 0.273977 -0.178474 0.0627634 0.325 -0.411224 -0.160147 -0.310193 -0.173152 -0.174082 -0.221308 0.243215 -0.435507 0.227728 -0.0492758 0.217932 0.113317 -0.0329062 -0.374142 0.365274 -0.444672 0.206316 -0.0405352 -0.254704 0.458115 0.412075 -0.0184404 0.334853 0.310209 0.608961 -0.442921 -0.304776 -0.60549 0.538621 0.155528 0.163308 0.105512 -0.321212 -0.238703 -0.146058 0.339073 0.00928256 0.221737 -0.420276 0.660796 -0.268867 -0.311886 0.165254 -0.211478 -0.33657 -0.195071 0.132363 0.7102 -0.25567 -0.417025 0.214908 
-0.479201 -0.577761 -0.0772128 -0.587033 0.0367532 0.312408 0.479893 0.397924 0.266928 -0.371787 -0.209989 0.225091 0.07823 0.134665 -0.15758 0.290839 -0.181612 -0.464187 0.183019 -0.429013 0.126238 -0.192584 -0.116633 -0.390172 -0.00153512 -0.497313 0.138703 0.0731436 0.0372644 0.18774 0.339361 0.0143124 0.149161 0.0826957 -0.23126 -0.0425959 -0.298894 -0.216958 0.393091 -0.221314 0.172529 -0.390937 -0.348816 -0.0262406 -0.366995 -0.18645 0.35427 -0.0368094 -0.286012 -0.174499 -0.220365 0.535686 -0.0901546 0.434663 0.141764 -0.224521 0.17397 -0.0983933 0.72212 0.31981 -0.367108 -0.173221 0.500799 -0.308 
0.0423157 -0.19331 0.240781 -0.166456 0.0512787 -0.167994 0.0693479 -0.00164672 0.0293393 0.0893357 0.0646534 0.100301 -0.595695 -0.199586 -0.292891 -0.0609131 0.0271119 -0.360486 -0.0693863 -0.0945946 -0.0930841 -0.201073 -0.0843145 0.241013 0.068303 -0.202592 -0.347492 0.405005 -0.201207 0.14995 0.303603 -0.0526096 0.115124 -0.128269 -0.205306 0.186977 0.223036 0.418375 -0.110571 -0.531336 0.0106677 -0.437143 -0.290998 -0.281318 0.277981 -0.248812 0.458655 -0.251663 0.178197 -0.0135806 0.346043 0.0962436 0.145017 0.167241 -0.272498 -0.251499 0.15509 -0.0202661 0.31972 -0.211559 -0.505607 0.348979 0.605578 0.492375 
0.779519 0.25456 0.244114 -0.0981063 0.200015 0.530709 -0.0230627 0.00983722 0.28741 0.114915 -0.0936762 -0.332479 0.0442616 -0.448965 -0.103451 -0.0713371 0.261392 -0.329167 0.381181 -0.113869 0.283865 -9.91887e-05 -0.129789 -0.0170734 -0.0503673 0.138106 -0.518619 0.200324 0.133972 -0.224298 -0.0394426 -0.210476 -0.117924 -0.0247509 0.30691 -0.469226 -0.375116 0.0937431 0.126044 -0.37738 0.0124219 -0.0751291 -0.410894 -0.139217 -0.0993035 -0.330997 -0.257884 -0.167856 0.360211 -0.10266 -0.246551 -0.264536 -0.306676 0.248453 -0.188277 0.00722483 0.615442 -0.155579 -0.144126 0.288007 -0.109652 -0.203576 -0.130492 0.11295 
0.520161 -0.0973267 -0.0714881 0.00917297 -0.463472 -0.278032 0.0286007 1.04926 -0.716369 0.339996 0.230295 0.102655 0.190906 0.00512372 0.646467 0.131125 -0.519633 0.457096 0.00804399 0.114638 0.324853 -0.0756858 -0.277046 0.205207 -0.0741705 0.242958 -0.302604 0.411303 -0.266103 0.382918 -0.211706 0.017875 -0.293306 0.335751 0.0920376 0.220627 -0.146433 -0.37057 0.220486 0.252418 -0.183749 0.262426 -0.160143 0.135504 -0.353347 0.0367937 -0.310506 0.451511 0.539012 0.153122 -0.136636 -0.1865 0.620558 -0.359085 0.483999 0.489337 0.591477 0.142122 -0.086973 -0.163898 0.190888 -0.606268 0.418469 -0.435135 
0.115129 0.195955 0.000624872 -0.450468 -0.181072 0.148072 0.00189742 0.13696 -0.232902 -0.129526 0.453762 -0.509584 0.151088 0.597975 0.136402 -0.0105396 0.0318198 -0.158035 -0.0383853 0.241771 0.197307 0.16409 0.0430398 -0.0331187 -0.00382477 0.174447 -0.0732254 0.297929 0.479477 0.107867 0.139388 -0.228446 0.281218 -0.0452566 -0.66599 -0.131198 0.10729 -0.498118 0.248538 -0.160555 0.174695 -0.475015 0.0140634 0.123167 -0.367585 -0.572126 0.176797 -0.052494 -0.0947909 -0.284942 0.302208 0.591871 -0.310024 0.672666 0.168335 0.0969337 0.0455367 0.218228 -0.0386186 0.255429 -0.650179 -0.027161 -0.0662582 -0.329698 
0.469661 0.117006 -0.0373107 0.109685 0.0017402 -0.0628678 0.0261934 0.343218 0.266203 0.118059 0.0885542 0.00925855 -0.0160342 -0.00281362 0.308653 0.109312 -0.474342 0.388047 0.0471514 0.148647 -0.0220671 -0.1786 0.127851 0.236065 0.445458 0.0359609 -0.562095 -0.158007 -0.41467 0.534387 -0.379375 0.399017 -0.0256503 0.145235 -0.313939 -0.420217 0.326088 0.231392 0.23059 0.158965 -0.306535 -0.276267 0.309463 -0.171785 -0.240264 -0.332441 -0.539652 0.0340361 0.161645 0.0783824 -0.0595603 -0.245965 0.127938 0.577806 0.00531002 -0.109875 -0.233319 -0.120423 0.0830501 0.0905027 0.254828 -0.329415 -0.0423795 0.0964098 
