64 64
0.0239701 -0.224827 -0.0758403 -0.763373 0.0367588 -0.115594 0.551336 -0.533998 -0.0772704 -0.405701 -0.61099 0.0814127 0.426962 0.505545 0.287373 0.501357 0.188474 0.291934 -0.300881 0.019025 -0.216674 -0.259942 -0.553856 -0.447117 0.538822 -0.054416 -0.197694 0.153649 0.140654 -0.199363 0.191303 -0.287039 0.269544 -0.198995 0.265633 -0.0722093 0.0972514 -0.177465 0.587214 -0.139844 -0.110976 -0.301031 -0.245174 -0.106217 -0.168316 -0.126939 0.263882 -0.552831 0.107492 0.0109983 0.187897 -0.373005 0.194022 0.611577 -0.35382 -0.690524 -0.100167 0.121213 0.542845 0.4866 -1.00631 -0.0400635 0.913845 -0.215461 
-0.456097 -0.328942 0.144078 -0.421239 0.153619 -0.269125 1.03595 0.58174 -0.041909 -0.0844977 0.595967 0.118898 0.161641 -0.907498 0.0409204 -0.089118 -0.426508 0.0300788 0.310117 -0.541279 0.185652 -0.523563 -0.0739186 0.0559696 -0.0437663 -0.252469 0.32239 0.237659 0.13195 -0.350106 0.297009 0.180822 -0.214219 -0.605367 -0.476971 0.194341 -1.00652 0.266987 0.448509 -0.159107 0.338693 0.436423 0.000745639 0.331443 -0.303094 0.0923162 -0.7825 0.079036 0.515943 -0.625826 -0.0224455 0.660186 0.300539 -0.246505 -0.126135 -0.360485 0.593956 -0.251074 0.206177 -0.175338 -0.150679 -0.430548 0.428566 -0.241419 
0.0795304 0.0473979 0.0635031 0.46492 0.217658 0.537488 0.228912 0.00114446 0.583701 -0.187918 -0.275052 0.040746 0.0508492 -0.714688 0.0398954 0.174552 0.496282 0.512344 -0.124484 0.0114656 0.118047 0.881253 0.68514 -0.0748517 -0.306744 0.122051 -0.547706 -0.210708 -0.0174965 0.15207 0.675182 0.00631205 0.294385 0.586476 0.0761798 -0.449971 -0.322179 0.135927 -0.973007 -0.660084 0.0591778 0.493323 -0.120048 0.369721 -0.394482 -0.255092 0.0507493 -0.752798 -0.127006 -0.301723 0.0921018 0.164326 0.175088 0.441086 -0.547088 -0.0793838 0.14632 -0.0787334 0.090166 0.0854909 0.0739936 0.246046 -0.25297 -0.257439 
0.371934 -0.316011 -0.207592 0.472015 0.446465 -0.475428 0.268532 -0.542678 0.0718634 -0.0972165 -0.470385 -0.168987 -0.479758 -0.846418 0.465618 0.0117785 -0.344534 -0.276464 -0.894644 0.204832 -0.495008 0.0216078 0.57202 0.149074 0.142002 -0.0600647 0.487892 -0.0517118 -0.544681 0.0592728 -0.032557 -0.0614129 0.0487168 -0.0581304 0.413303 0.633375 -0.328285 0.493405 -0.261154 -0.0343564 -0.366482 0.873359 0.0292405 -0.0161297 -0.239133 0.352813 -0.315399 -0.370599 0.296737 -0.370713 -0.681845 0.440823 0.349339 -0.262828 -0.930896 -0.0352241 -0.359952 -0.675892 0.633173 -0.523141 0.331878 -0.123858 -0.0695405 0.332459 
0.121442 -0.0398374 0.245749 -0.283314 0.197865 -0.230956 -0.0931192 -0.325772 -0.127903 -0.323277 0.273064 -0.25804 -0.0925769 0.0961602 -0.0577769 -0.397729 0.036034 -0.338428 0.0120353 0.110936 -0.132988 -0.0320793 -0.227279 -0.0105088 0.0836541 0.295584 0.0402808 -0.29226 0.385787 0.195085 -0.155324 -0.00371149 -0.182633 0.110308 0.0557861 -0.00228874 0.278446 0.00740927 -0.444608 0.0537741 -2.0868 0.140525 0.156945 -0.203933 0.324232 0.228696 0.147559 0.212635 0.059448 -0.065984 0.126374 0.116496 -0.131876 0.0242645 0.0431006 0.270749 -0.120377 -0.0140176 0.0761853 -0.0315993 -0.0932851 -0.168471 -0.100202 -0.0214974 
-0.10103 -0.185139 0.482167 -0.224508 0.288207 -0.437155 -0.507764 0.0142469 -0.377645 0.126906 0.295963 -0.0579013 0.476751 0.211416 0.0215247 -0.0804904 0.192994 0.297647 -0.553572 -0.0677915 -0.0509485 -0.0407217 -0.0918257 -0.0940467 0.503472 0.188886 -0.354314 0.328753 0.215386 -0.37549 -0.243361 -0.119469 0.479478 -0.255436 -0.656684 0.311164 0.377816 0.566227 -0.160207 -0.772738 -0.977026 -0.0177175 0.576241 0.146221 0.162963 -0.027661 -0.716197 0.0156781 -0.357956 -0.245751 0.525729 -0.0667279 0.292788 -0.473712 -0.196236 0.474771 -0.177418 0.0917413 -0.0599723 -0.374559 0.952789 0.234685 -0.72061 -0.323684 
-0.0855036 -0.11808 -0.0100615 0.148549 -0.367645 -0.191744 -0.126069 0.609846 -0.522072 -0.122006 -0.0641634 0.412907 -0.170914 0.738508 0.410089 0.328279 -0.196037 -0.160297 0.8002 1.01363 -0.19296 0.296758 0.26403 -0.131364 0.0387708 0.176865 -0.139637 -0.535667 -0.0315575 -0.0634031 0.0235604 0.148193 0.287184 -0.169717 -0.324249 0.312397 0.371709 0.0109672 0.245799 -0.392708 0.180424 -0.253379 -0.115328 0.355602 -0.415428 -0.114147 0.0948313 0.737295 -0.0179505 0.249093 0.262543 0.236853 -0.0933958 0.206788 -0.323797 0.355958 0.308883 0.26779 0.35423 0.40855 0.316834 -0.485403 0.346088 -0.490874 
0.282445 0.0702968 0.697167 0.271008 0.125779 -0.444405 0.0743332 0.463308 -0.38761 0.244518 0.0761192 0.1371 -0.239548 -0.476898 0.0549104 0.179339 0.0742185 0.115991 0.250072 -0.193193 0.45144 0.037042 -0.53977 0.401242 0.329843 -0.233346 -0.0330557 -0.0294608 -0.363062 0.247467 -0.21246 -0.121776 -0.256293 0.439053 0.405823 -0.0800808 0.196509 0.110936 -0.490226 0.0829337 0.0589899 0.308082 -0.211027 -0.347469 0.751678 -0.406535 -0.300301 0.208246 -0.358249 -0.278273 -0.0371632 -0.211365 0.266989 0.117876 0.140608 -0.0368568 0.383239 0.36685 0.038084 -0.521372 0.265693 -0.106238 0.0818911 0.106299 
-0.192747 -0.0957677 -0.486634 -0.0476104 0.356287 -0.0747343 -0.0100976 -0.0613303 -0.530955 -0.555335 -0.292179 0.146429 0.208499 0.681889 0.192608 -0.0587331 -0.141201 0.205114 -0.0136297 0.310913 0.459978 -0.0259125 -0.159974 -0.16037 0.37038 0.505438 -0.0945856 0.0341047 -0.439291 0.849719 0.143362 0.0234408 -0.564405 0.602752 0.115424 -0.116212 0.721765 -0.0260157 -0.0404137 -0.206728 0.0152819 0.172624 0.244241 0.141383 0.152826 -0.110438 0.0577069 0.269151 0.199293 0.393901 -0.110754 0.0216082 -0.183981 -0.344443 -0.103736 0.180758 -0.475835 -0.303002 0.0993643 0.493922 0.131455 -0.0959953 0.384121 -0.13341 
-0.0096381 -0.247222 0.0565604 -0.354459 0.317376 0.119942 -0.295393 0.216926 -0.0597407 -0.386313 0.245856 -0.441367 0.463241 -0.175517 -0.403367 -0.72017 0.00370249 -0.321518 0.16623 0.941632 0.129272 -0.300231 -0.0299547 -0.101394 0.0551293 -0.364416 0.37859 -0.475763 -0.287209 -0.0546614 -0.30397 -0.0426659 -0.118604 0.185131 -0.097012 0.276503 0.430077 0.20251 -0.211826 0.0743941 0.73192 0.588645 0.20906 -0.496719 0.827674 0.193868 -0.213143 0.492944 -0.225523 -0.113681 0.048874 0.103447 -0.419197 0.0226157 0.158908 -0.175858 0.206788 0.412418 0.33193 0.310139 0.3427 0.0160567 -0.306859 0.521211 
0.17975 -0.428135 0.139679 0.00630513 0.0911804 0.534014 -0.141186 -0.0532974 -0.315338 -0.0664622 0.433784 -0.0667778 -0.220196 0.220156 0.128554 0.140088 -0.451478 0.0103271 0.342466 -0.0274395 0.291878 -0.131649 0.604175 -0.170913 -0.597565 -0.452535 0.671461 0.610709 0.406198 -0.0417207 0.373116 -0.0349436 0.425774 -0.682159 0.158151 0.282009 0.384148 0.278189 0.091145 -0.184836 -0.127043 -0.0837543 -0.414578 -0.302447 -0.122969 -0.0736438 -0.309423 -0.075724 -0.60213 -0.320831 -0.0688429 0.111307 -0.395374 -0.148413 0.249924 0.0650299 0.174919 -0.280341 0.36464 0.258615 0.243681 -0.458709 0.270106 0.357342 
-0.681755 -0.366874 -0.481938 0.55353 -0.271082 0.142664 -0.181567 -0.458792 -0.495333 -0.441185 -0.090135 -0.364614 0.00148932 0.00733554 -0.345462 0.228146 0.147715 0.144756 -0.40008 -0.121976 -0.634741 -0.36083 -0.0277006 0.480965 -0.880098 -0.854466 0.558064 -0.407837 -0.289147 -0.114063 -0.644363 0.246667 0.0952337 0.0833913 -0.375077 0.292242 0.0893689 -0.267653 -0.0248035 0.595882 0.134275 -0.206474 0.358548 -0.400894 -0.16778 0.0756905 0.194615 -0.245459 -0.334133 -0.470147 0.341928 0.082603 -0.0352652 0.448436 0.85603 -0.393478 -0.569277 0.639612 0.582712 -0.107004 -0.0552851 0.030347 0.0279956 -0.104625 
0.163193 -0.0993434 -0.26232 0.0804614 -0.101292 -0.0462287 -0.460661 -0.98719 -0.25031 -0.182676 -0.111059 -0.354772 -0.100444 -0.154903 -0.731291 0.012582 -0.0685462 -0.241436 -0.110139 0.270402 -0.0551313 0.213211 0.381892 0.196342 -0.110257 0.255713 -0.275696 -0.246251 0.834393 0.0500357 0.128867 -0.142542 -0.10766 0.387238 -0.379668 -0.298688 0.0123008 0.276516 -0.29606 -0.240052 0.234872 0.320253 0.527548 0.111224 -0.0673056 0.129321 -0.104168 -0.243502 0.155382 -0.401157 -0.476352 -0.217993 0.00365875 0.365142 0.0281714 -0.0115951 0.191836 -0.29166 0.191692 -0.683335 0.0230864 -0.382261 0.204857 0.404081 
0.349586 0.249423 -0.0139601 -0.255582 -0.391494 0.178191 0.650097 -0.101176 0.141104 0.0317926 -0.256947 -0.548678 0.0128633 0.333611 0.147328 -0.126797 -0.41685 -0.384238 -0.238253 -0.168405 -0.401969 -0.900908 -0.519552 0.358359 -0.00107159 -0.649793 -0.526064 -0.290098 -0.186539 0.344429 0.0629781 -0.383308 -0.371118 -0.0827592 -0.236007 0.196046 -0.0868137 -0.381703 0.518264 -0.352584 -0.118227 -0.640348 0.489511 -0.0712667 0.384806 0.464542 0.362267 0.0111009 0.228286 -0.048429 0.75669 0.75546 -0.461684 -0.40782 -0.394583 0.255323 0.579422 -0.134467 0.400091 -0.334405 0.117723 -0.026571 -0.258692 -0.403832 
-0.156644 0.247129 -0.114251 0.359012 0.173257 -0.21437 0.120872 -0.310844 -0.26454 0.11925 0.041817 0.274364 -0.555645 0.0625294 -0.177182 0.43241 0.41011 0.261543 0.386419 -0.435941 -0.180402 -0.29757 0.467662 -0.380181 0.151143 -0.368342 0.473012 -0.44917 0.137599 -0.349393 -0.111888 -0.19667 0.386899 0.478625 -0.261147 0.693132 0.183624 -0.531883 -0.0413237 -0.0719056 -0.0244881 0.330906 0.0763989 -0.0212541 0.272405 0.366455 0.376521 0.394389 -0.0973583 0.179111 -0.172347 -0.429334 0.253311 -0.140557 -0.402235 -0.274173 0.244868 -0.425108 -0.329669 -0.218962 0.369482 -0.374633 0.119894 -0.545751 
-0.186353 0.182548 -0.128322 0.511195 0.365201 0.255426 0.580994 -0.982968 0.410323 0.227416 0.229371 0.244236 -0.242412 -0.112503 -0.59435 -0.192835 -0.151395 0.217538 0.208135 -0.174861 -0.113621 0.336435 0.0949323 -0.23874 -0.199194 -0.257597 0.0211937 0.258378 -0.584855 0.230422 0.0692772 -0.664212 -0.663918 0.0774553 -0.0489637 0.0398763 -0.0318834 0.40606 -0.580576 0.871095 0.186213 -0.542701 -0.122666 -0.147317 0.168502 0.123101 0.0457463 -0.43457 0.188174 0.292573 0.209965 0.456697 0.403026 -0.385451 -0.860922 0.317967 0.143425 -0.428177 0.00599038 0.237771 -0.177331 0.0357554 -0.303271 0.173686 
-0.108578 0.394314 0.286108 -0.33254 -0.0203617 -0.257778 -0.0202347 -0.053522 -0.272878 -0.0471773 0.077125 0.186924 0.482569 0.175972 0.554193 -0.128681 -0.44716 -0.259722 0.356018 0.0955437 -0.666328 -0.167796 -0.424178 0.400768 0.15673 0.427472 0.0671837 -0.298593 0.247191 0.484562 -0.276094 -0.240975 -0.440168 0.501284 0.00784835 0.486847 -0.536903 0.364519 -0.440319 0.324239 0.0622121 0.479808 -0.389634 -0.285036 -0.0120444 0.263254 -0.584264 0.158929 -0.452156 -0.286348 0.336316 -0.244245 -0.0114367 -0.245368 -0.15785 0.164256 0.113685 0.247167 0.0945608 -0.30548 0.0997626 -0.21215 0.218174 -0.407845 
-0.554016 0.33946 -0.018575 0.135849 0.555207 0.0322572 0.248829 -0.0699187 0.157771 0.455773 0.0051346 -0.189459 -0.956245 -0.116114 0.271307 -0.573055 0.615626 -0.113229 0.218905 -0.324891 0.202676 -0.274441 -0.0200446 -0.132151 0.372465 0.243976 0.427064 0.119668 -0.306027 0.289656 -0.389659 0.375092 0.193514 0.269515 -0.374322 0.0922273 0.278591 0.0466407 0.274248 -0.0656924 -0.282549 -0.193912 0.310363 -0.278428 0.396033 -0.151938 -0.125482 0.14318 0.159078 -0.367714 0.401166 -0.136702 -0.273505 -0.316316 0.112335 -0.154369 0.0838818 -0.535718 -0.44118 0.17115 -0.162788 -0.334478 -0.108482 -0.340261 
0.235983 0.233103 0.130963 -0.350415 -0.163334 -0.0731076 -0.158204 -0.483556 -0.443064 0.255888 0.393201 -0.54754 0.567503 -0.399936 -0.672807 0.204853 -0.302607 0.523751 1.13567 0.332721 -0.106401 0.224198 0.393387 0.290666 0.207358 0.515822 0.65088 -0.172683 -0.331675 -0.112494 0.330368 0.357735 -0.00251582 -0.447569 -0.0647227 -0.427743 -0.210114 -0.135646 0.20234 -0.118115 0.0607444 -0.108168 -0.201955 -0.109144 0.351901 0.649474 -0.644111 -0.293384 -0.344138 0.456415 0.237485 0.366081 -0.465811 0.209052 -0.632932 -0.151387 0.182312 0.00806627 0.0672293 0.266579 -0.157368 -0.116303 -0.226082 -0.257589 
-0.00296167 0.195018 -0.500997 0.105574 -0.464204 -0.24466 0.187447 -0.0346598 0.448172 -0.084014 0.507466 0.25897 0.212604 0.706051 -0.427111 0.626267 0.342884 -0.201751 0.132082 -0.0730315 0.76797 0.0925693 0.0386242 -0.0623284 0.37121 0.146341 -0.0942116 0.129317 0.363168 0.00220314 0.242925 0.525373 -0.272702 0.340869 -0.529008 -0.0608401 -0.203789 -0.25409 -0.0453575 0.384329 -0.824532 -0.458525 0.255716 0.105116 -0.402184 0.36775 0.309011 0.336506 -0.0121059 0.41708 0.129806 0.710106 -0.355324 0.134034 0.664676 -0.178835 -0.820738 -0.0478661 0.930321 -0.706754 0.103938 0.352496 0.364531 -0.17175 
-0.400018 0.135935 -0.667176 0.364758 -0.309331 0.00857144 -0.0434476 0.271943 0.174058 -0.0496579 0.0475186 0.320468 0.551228 0.160085 -0.172113 0.119651 0.183956 0.920372 0.145167 0.376261 0.441913 -0.237239 0.690322 0.479289 -0.385714 -0.57165 -0.288996 0.215226 0.17496 0.140729 0.388606 -0.171366 0.364929 0.21237 -0.124058 0.00585115 -0.0524115 0.308385 0.143983 -0.112484 -0.147873 0.0287207 -0.497983 0.184848 -0.22242 -0.736213 -0.187429 -0.483898 -0.546628 -0.333259 0.339105 -0.398102 -0.202691 -0.0627646 0.139425 0.166265 0.338886 0.462881 -0.328859 0.197452 -0.53481 -0.257528 -0.377843 0.296335 
0.182072 0.20495 0.0569129 -0.586119 0.237943 -0.551065 -0.374288 0.021788 -0.110702 -0.470778 0.389291 -0.093062 0.479961 0.66229 -0.00970995 0.109862 0.706437 -0.168303 0.279335 -0.112716 0.0827949 0.346693 -0.0887026 0.23311 0.806912 0.0395633 -0.0692696 -0.212408 0.592879 0.0804464 0.258343 0.346914 -0.462919 0.0999687 -0.250207 0.0277051 0.476506 0.421263 0.0864399 -0.477716 1.06994 0.258987 0.189192 -0.159968 0.387612 -0.138784 -0.325432 0.0434318 -0.266212 -0.264039 0.805121 -0.0638661 -0.0449467 0.271423 0.0447831 -0.886959 -0.172705 0.259607 -0.227984 -0.462453 0.25985 0.0548416 -0.143376 0.227931 
0.328587 -0.105137 -0.0441559 0.27217 -0.000999566 0.0828924 0.688624 0.0506098 0.310635 0.435419 -0.534739 0.143048 0.174192 -0.0854805 0.0234134 0.309773 -0.265798 -0.0974919 -0.0400323 -0.388402 0.0554901 -0.357737 0.224127 0.464386 -0.533886 -0.660534 -0.250631 -0.0362634 0.28212 -0.191281 -0.273764 -0.0831139 0.317163 -0.107671 0.326953 -0.270088 -0.27796 0.371068 0.409848 -0.121929 -0.323657 0.532395 0.016058 0.108993 0.54514 0.173065 -0.219498 0.246867 -0.0146152 -0.211044 -0.00371633 -0.51003 0.0871387 0.411636 -0.309607 -0.399139 -0.0773245 -0.0587159 0.615495 0.283068 0.371854 0.286883 -0.141655 -0.477813 
-0.0294345 -0.00993507 0.184615 -0.66536 -0.160404 0.656687 -0.0249808 0.509906 -0.330724 -0.0250043 0.0647193 -0.0189061 -0.476245 0.607685 -0.0365831 -0.093023 1.12123 -0.150792 0.352178 -0.0152419 -0.491141 0.0321391 -0.17247 0.0672203 -0.105 0.194569 -0.433755 0.180935 -0.00156593 -0.262805 0.510782 0.240853 0.00862534 -0.093981 -0.244656 0.0366494 0.418011 0.0946785 -0.450241 -0.291206 0.150094 0.174153 0.455541 -0.323052 0.076032 -0.374228 0.0679338 0.53608 0.293025 -0.536513 0.878356 0.243838 0.0476582 0.160533 -0.272037 -0.0192127 -0.0257017 0.0629323 0.0169562 -0.593219 -0.113199 -0.182604 -0.250426 0.682866 
0.441115 0.293162 -0.449281 0.0763841 -0.393302 -0.622225 0.0232656 0.326555 -0.260404 0.0853125 -0.241693 -0.43787 0.343172 0.791866 -0.322524 0.0682468 -0.5945 -0.24683 0.153961 -0.477268 -0.175285 0.0388608 0.435861 0.419399 -0.1092 0.146298 -0.40469 0.506771 -0.296488 0.557593 0.310563 0.976087 -0.0756839 -0.0622045 0.452198 0.00661889 0.32032 -0.598822 0.237273 0.411427 -0.136285 0.498227 0.787416 0.238107 0.0765185 0.54008 -0.589677 0.376703 0.549867 0.14112 -0.427609 0.149597 0.396518 -0.0536129 0.636472 0.786705 0.358149 -0.339808 -0.297778 0.523182 0.0765783 -0.466254 -0.172441 -0.253713 
0.090627 -0.347156 -0.205262 -0.461557 -0.0161092 0.796401 0.36018 0.385539 -0.0467449 0.699257 -0.377218 -0.156889 0.0578701 0.0476735 0.405459 -0.597942 -0.595837 -0.502434 0.418193 0.243527 -0.357815 0.287746 0.366016 0.508491 0.2722 -0.475743 -0.249946 0.546778 -0.409021 0.0520447 0.183663 -0.228479 0.0683983 0.0234973 -0.0419031 -0.353041 -0.251485 0.430118 0.259598 -0.380107 0.231829 0.389026 -0.572777 0.422457 0.529588 -0.126097 -0.354276 0.389936 -0.425878 0.080266 0.0929405 0.170236 0.465658 -0.23437 0.231639 0.0483779 -0.0704414 -0.127785 -0.205156 0.0535033 -0.159487 0.207074 0.171194 0.110387 
0.0660556 0.130359 -0.261678 0.344182 -0.283917 0.21366 0.667962 0.0624032 0.0728939 0.491568 0.313093 0.351436 0.268099 -0.210631 0.364323 -0.501133 -0.248655 0.726553 0.165659 0.584673 -0.0535804 0.622512 0.549984 0.122557 -0.435294 -0.0158238 0.0741221 0.693424 0.299586 -0.372886 -0.00385671 0.346299 -0.204401 -0.00337586 -0.0553115 0.118975 -0.123754 0.385998 0.00438707 -0.428321 -0.237507 -0.327917 -0.219509 0.0219639 -0.207799 0.35385 -0.282462 0.347312 0.514981 -0.422899 0.263885 -0.448415 -0.221753 -0.0431168 0.21865 0.1155 0.340734 0.0145586 -0.763221 -0.258228 0.136729 0.080369 0.0554798 0.231739 
0.0211703 -0.114555 0.432066 -0.276108 -0.092636 0.389545 0.489336 0.133625 0.411474 -0.397226 0.112718 0.121572 0.334457 0.110288 -0.475045 -0.0653697 0.166522 0.775105 0.380235 -0.0294849 0.324615 0.229461 -0.073339 -0.646172 -0.386391 -0.274898 0.250858 0.267152 -0.449909 -0.928453 0.56599 -0.399181 0.38557 -0.315655 -0.322192 0.0562178 0.238864 -0.057312 -0.619459 -0.991921 0.0748844 -0.530599 -0.029785 -0.519635 0.233394 -0.652875 -0.255188 -0.21264 0.0466764 -0.284865 -0.0161834 0.182769 -0.242545 0.185237 -0.310851 0.856716 -0.071927 0.54802 -0.340694 -0.023799 0.567575 -0.31349 -0.123668 -0.160852 
0.143895 -0.386243 0.0230081 -0.810641 -0.277561 -0.397713 -0.611641 -0.0957614 -0.162239 -0.213719 -0.146641 0.142664 0.0491978 0.206159 -0.16213 -0.206436 0.577432 -0.372031 -0.343691 -0.372527 -0.490238 -0.280619 0.0492359 0.0752666 -0.151457 -0.23481 0.192735 -0.130119 -0.108887 -0.529016 0.0971398 -0.866334 -0.979512 0.0747454 0.0880561 0.504039 0.180018 -0.275013 0.334278 -0.155842 -0.161095 0.396937 -0.610131 -0.0835105 0.380864 0.126436 0.310196 -0.0225009 -0.100628 0.00861165 -0.223293 0.228122 -0.374563 0.0922563 0.307314 0.0701531 -0.145123 -0.490347 0.0984855 0.264038 -0.188574 0.16781 0.558078 -0.370553 
-0.246384 0.220912 0.0682553 0.188518 -0.0861033 0.100723 -0.466796 0.056 -0.139158 -0.113172 -0.084283 -0.107579 0.206191 -0.353019 0.195787 -0.0024602 0.565218 -0.245602 0.242553 -0.0302382 0.128286 -0.183666 0.0421319 0.0644974 0.52405 -0.0864612 -0.107366 -0.0583975 -0.470112 -0.555018 0.289397 0.37045 0.280838 0.509216 -0.146025 -0.150833 -0.249035 0.132843 -0.380568 -0.304639 0.105332 -0.207951 -0.373959 -0.247395 0.700086 0.173453 0.492165 -0.41219 0.204602 0.366283 -0.00746354 -0.631468 0.149732 -0.297509 0.502261 0.532195 0.478945 0.35135 0.148052 0.225327 0.0878065 0.2904 0.156453 -0.498506 
-0.211158 -0.0434922 -0.139973 0.183174 -0.0666655 0.0183661 -0.282427 0.217864 0.150795 -0.22496 -0.742614 0.421465 -0.381125 0.842403 -0.42524 0.125505 0.239104 -0.239927 -0.189612 -0.284791 -0.0978348 0.321528 -0.209975 0.207983 0.524949 -0.0990534 -0.197277 0.00390497 0.228874 0.282857 -0.642359 0.170246 -0.321319 -0.253032 0.237985 0.639758 -0.0337042 0.253229 -0.0699093 0.291447 0.13288 -0.165254 -0.497467 0.214891 0.079793 0.0288387 0.0781722 0.249263 -0.367253 -0.323125 -0.0664336 0.328775 -0.25323 -0.0814667 0.160545 -0.106919 0.146435 0.664997 -0.255992 -0.214465 0.332873 0.14789 0.309778 -0.479142 
-0.360543 0.0147309 0.0637047 0.226657 -0.603325 0.627221 -0.253276 -0.246727 -0.18114 -0.0697204 -0.758199 -0.0163825 0.0485684 -0.391941 -0.173687 -0.0817394 0.0962252 0.00655609 -0.233279 0.109608 -0.145233 -0.066436 -0.0353092 0.353374 -0.480099 0.0775194 -0.715143 -0.186648 -0.0127616 -0.155957 0.350418 0.479546 -0.201253 -0.259602 -0.202432 -0.364061 0.200561 0.393507 -0.0869485 -0.153895 -0.0836524 0.346275 0.327881 -0.208894 0.173642 0.59284 -0.219575 0.532874 -0.424473 0.199245 0.149432 -0.834098 -0.291989 0.316453 -0.0243302 0.605866 0.35118 0.219521 0.323972 -0.029037 -0.422281 -0.0212953 0.418813 -0.403294 
-0.334023 0.0902427 -0.159875 -0.092931 0.0105094 0.128316 -0.0431183 -0.68976 0.214565 0.179995 -0.144632 -0.0572679 -0.23418 -0.474487 -0.114174 0.386549 -0.279725 -0.0735411 0.143915 -0.0890716 -0.733276 -0.473464 0.0174653 -0.23404 -0.121475 -0.205094 0.153871 0.233062 0.0801877 0.350114 -0.365743 0.161748 -0.276785 1.12784 0.383204 -0.0422124 0.0911648 0.198049 -0.30078 -0.164294 -0.365768 -0.530022 -0.699057 -0.0825098 -0.337384 -0.178509 0.0193425 -0.239687 0.524797 -0.212681 0.0405875 -0.274788 0.492621 -0.418003 0.0215681 -0.252659 0.165226 -0.213807 0.0420745 0.0762235 -0.22091 0.30331 0.104219 0.0175424 
0.0485615 0.307582 0.481415 0.306461 0.0257221 -0.335184 0.420054 0.0451787 -0.4116 0.23272 0.335611 0.579995 0.170026 0.242625 -0.0583742 0.242203 0.338463 -0.529581 -0.195492 -0.0487428 0.265923 0.187303 0.621566 0.357882 0.370114 -0.512588 0.410252 -0.263111 -0.925723 0.188666 0.32439 0.37523 1.05517 0.136973 -0.198071 0.497863 -0.66842 0.177639 0.0370566 -0.325364 -0.0249763 -0.382404 0.451065 0.219878 0.475252 0.24427 0.435312 -0.458577 0.363247 -0.0599924 -0.16675 0.486779 0.0232269 -0.207116 -0.00848994 -0.225451 0.146547 -0.176868 0.580832 0.374109 -0.575628 0.606749 -0.198067 -0.225187 
0.0168303 -0.0655019 0.302032 -0.0268493 0.592721 0.210313 0.147704 -0.43428 -0.151316 -0.591805 0.366287 0.126301 -0.409914 -0.373167 -0.0126422 0.137567 0.0733759 -0.0901804 -0.0431681 0.0020324 -0.326404 -0.286369 0.207176 0.114611 0.000329568 -0.0558234 -0.55584 -0.0842339 -0.331291 0.4221 0.00838285 0.782999 0.0933307 0.178588 0.173837 0.30612 -0.025366 -0.0210834 -0.578407 -0.643383 0.603715 -0.204333 -0.142395 0.0218958 -0.012641 -0.107146 0.310768 0.239507 -0.276931 -0.0562512 -0.0366138 -0.510927 0.181953 -0.146878 -0.461036 -0.0857732 0.363818 0.714328 -0.310525 0.100647 0.119042 -0.287392 0.116084 0.311738 
-0.0838261 0.201107 0.534689 0.192914 -0.205472 -0.39705 0.437066 0.290683 -0.495729 0.829008 0.410456 -0.385113 0.0944259 0.304583 -0.0630553 -0.130134 0.293609 0.260263 0.417647 0.371664 -0.265333 0.0931967 -0.0544187 0.24341 0.00944186 0.265163 0.195363 0.151632 0.47775 -0.626253 -0.00187353 0.0147311 -0.317527 -0.0352046 -0.293081 0.323914 0.223949 0.133462 0.257967 -0.274788 -0.0243662 0.509421 0.234861 1.07402 0.0377049 0.00599508 0.183478 0.24758 -0.248643 -0.057947 -0.0440703 -0.566042 -0.679248 -0.339485 -0.123558 0.0255727 0.021321 0.0464383 -0.146188 -0.203343 -0.250715 0.0204591 -0.156099 -0.284106 
-0.13344 0.149337 -0.137569 0.133653 -0.447462 -0.604419 -0.232475 0.339422 -0.075322 0.37853 0.315848 -0.0148277 0.0867734 -0.144438 0.478517 0.255388 0.276146 0.351685 -0.350145 -0.273465 0.319686 -0.077712 0.728055 0.223413 -0.194343 0.291406 0.706311 -0.402651 -0.392425 0.373197 -0.542931 -0.0579198 0.0807357 0.914531 -0.127484 0.206857 0.116668 0.525384 0.220715 -0.22222 -0.248317 0.165904 -0.173602 -0.595367 0.211756 0.123376 0.158581 -0.451836 -0.196534 0.076709 0.669762 -0.404775 0.317534 -0.137744 -0.500174 0.635167 0.187621 -0.418366 0.0338006 0.401876 0.0904654 -0.0378153 0.0908503 -0.286046 
0.000247735 0.458654 0.026792 -0.227533 0.303759 0.732961 0.386475 0.121801 0.493018 0.0392483 -0.103649 -0.117681 0.505397 -0.204134 0.00721233 -0.0272573 0.619215 0.655959 -0.0763324 0.211489 0.224908 0.0205862 -0.286863 -0.166127 -0.749533 0.173463 -0.279685 -0.404199 -0.116429 0.00547712 -0.370831 0.214753 0.00297504 0.00341608 -0.294795 -0.110882 0.121705 -0.0211468 -0.107585 0.639625 0.276738 -0.405308 -0.292439 0.141455 0.0830194 0.108981 -0.489568 0.138309 0.453617 -0.00688976 0.0922855 0.0804025 0.139872 -0.0600278 0.0613562 -0.446779 -0.378371 -0.154129 -0.514545 -0.241687 -0.309417 -0.556746 -0.271005 -0.485616 
-0.444421 -0.287305 -0.456207 -0.422695 0.552893 -0.278364 -0.231771 -0.182561 0.216658 -0.105609 -0.275204 0.234552 -0.510264 0.00699286 -0.022961 -0.3013 -0.104605 0.191547 0.0186065 0.255571 0.180962 0.390296 -0.149539 -0.152998 -0.4042 0.172267 -0.351461 0.177168 0.496552 -0.36699 -0.190143 -0.472868 0.173213 0.0826606 0.783417 0.0245477 0.0467117 -0.470772 0.133201 0.17762 0.112845 -0.261135 -0.978426 0.417932 0.534842 0.854884 0.306864 -0.579671 -0.558322 0.0506999 -0.429966 0.230888 0.0886545 0.286982 0.384696 0.661997 0.0312182 -0.330894 -0.284949 -0.51207 -0.317343 -0.0383049 -0.261517 -0.0894104 
0.0823572 -0.260306 -0.325081 -0.540713 0.129671 0.514306 -0.491627 0.339111 -0.44389 -0.039502 -0.359479 0.529495 -0.0101754 0.243589 0.300573 0.65633 0.0604389 0.647211 0.0290812 0.119918 -0.345428 0.28628 0.257749 -0.463464 0.0127393 -0.157975 0.606256 0.0665226 -0.667055 -0.339813 -0.126146 -0.0249522 -0.103351 -0.326083 0.0875517 0.330665 -0.0158042 -0.17513 -0.0691446 0.322638 -0.617915 0.524059 -1.02268 0.368341 -0.324451 0.307941 0.173602 -0.53955 -0.502746 -0.19207 -0.544109 0.231953 0.610498 0.350144 -0.298784 -0.438385 0.251793 0.465408 0.0890002 -0.122428 0.403413 -0.128413 -0.0835074 0.396838 
-0.0374686 0.804685 0.120248 0.134742 0.340494 -0.0558646 0.825199 0.081552 -0.0700871 -0.143394 0.663945 -0.343925 -0.142605 -0.374658 -0.462812 0.155393 0.111324 0.113602 0.10934 0.40373 0.337418 -0.0165517 0.59296 0.320832 -0.0196499 0.294573 0.0856165 -0.282675 0.347323 -0.0888613 0.150388 -0.338727 0.549023 -0.250898 0.195964 0.0158351 -0.403561 -1.20805 -0.498557 0.599465 0.0470361 -0.614246 0.0842325 0.544874 -0.286972 0.0616336 0.469564 -0.273273 0.406631 -0.0184813 -0.347064 -0.362353 -0.405923 -0.0531746 -0.138543 -0.0858709 -0.112391 -0.0767317 0.385762 0.18229 -0.0196375 -0.131728 -0.444498 -0.151542 
0.526163 -0.437538 0.114484 0.141041 0.49198 -0.385679 0.228568 0.846524 -0.176677 -0.0990719 -0.415562 0.188488 0.246431 0.256084 -0.490187 0.185697 0.0106124 -0.4091 0.216543 0.139012 -0.131517 0.647966 -0.0564099 0.179423 -0.134382 -0.025438 -0.341007 0.387048 0.0880842 0.137183 0.287102 0.806322 -0.580259 0.155421 -0.0974839 -0.403874 -0.125608 -0.0288305 -0.704964 0.448267 -0.0953851 -0.353294 -0.393538 -0.503657 -0.245542 0.511214 -0.399388 -0.0366626 0.367386 0.501987 -0.394455 -0.0676524 -0.32302 0.0819265 0.43534 -0.30768 0.0858402 -0.454994 0.625517 0.123674 0.0876221 0.024528 0.334467 0.359216 
0.187671 0.147629 -0.550911 0.0595564 -0.0421594 0.0973698 0.396393 0.302277 -0.221015 0.04412 -0.268169 0.201055 -0.278174 -0.122312 -0.0787255 0.339895 0.144663 0.206043 -0.0702765 0.140961 -0.10528 0.145814 0.0748531 -0.272298 -0.191432 0.593307 -0.586374 1.05431 0.352773 -0.190035 0.032339 -0.018347 0.121023 -0.626053 -0.0766237 -0.229764 0.809532 -0.10434 -0.722003 0.399578 -0.519148 0.222889 -0.456603 0.177693 -0.0811395 0.795322 0.656249 0.085272 0.0994713 0.579054 0.158474 -0.0139525 -0.33448 0.121487 -0.222255 0.673715 -0.512919 0.118679 -0.14812 -0.0513589 -0.286886 0.194299 0.592539 -0.214689 
0.645379 0.694393 -0.115195 0.232826 -0.156748 -0.514166 -0.0347883 -0.0657401 -0.0250419 -0.419649 0.564796 0.503162 -0.210922 -0.0473631 0.0186386 -0.134907 0.321799 0.0837649 0.0785273 0.598671 0.179232 -0.0300266 -0.178749 0.757603 -0.0963162 0.0450379 -0.339132 -0.112087 -0.212247 -0.41009 -0.188333 -0.109599 0.163081 -0.117665 0.5697 -0.0198307 -0.160288 0.0340971 -0.106537 0.176092 -0.634214 0.143784 -0.0135118 0.0691049 -0.267068 -0.328793 -0.11022 -0.103468 0.241381 0.630562 0.274386 0.19768 0.111817 0.12319 -0.0437936 -0.101852 -0.459574 -0.166613 0.257133 -0.552416 0.163085 -0.528619 -0.402737 0.304862 
-0.0593581 0.438166 -0.131277 -0.185867 0.608728 -0.91765 0.399862 0.442921 0.435665 -0.0257166 -0.317245 -0.0113187 -0.131838 -0.163135 0.199646 -0.112152 0.0270677 -0.0712301 0.256612 0.205185 -0.277916 -0.580489 0.376863 0.0458437 0.139872 -0.490483 0.415234 -0.831498 -0.108721 0.125077 0.69659 0.176179 -0.478893 0.0150511 -0.336567 -0.350137 -0.131744 -0.225531 -0.0242279 -0.0082817 -0.736237 -0.123958 -0.0855373 -0.283186 -0.161909 -0.381313 -0.459621 -0.507798 -0.157279 -0.676867 0.370057 -0.497736 0.0797474 0.240957 0.0496795 -0.293055 0.0120405 -0.148493 0.159114 0.0653703 0.252424 -0.0467858 0.312222 0.690917 
0.139333 -0.422516 -0.332374 -0.035425 0.267963 -0.190853 -0.358189 0.326239 -0.321304 -0.327627 0.678825 0.00272626 0.191146 0.186977 -0.0521667 0.123409 0.269464 0.0695533 -0.469597 -0.404822 0.507979 -0.114117 -0.468022 0.184414 0.169252 0.473172 -0.326947 0.470129 0.71026 0.307974 0.124174 0.688171 -0.182969 0.328061 -0.35855 -0.322852 0.0347322 -0.930672 -0.0432855 0.381294 0.14539 0.066726 0.0556853 -0.254457 0.0290328 -0.0428237 -0.428784 0.0623449 0.878168 0.00556425 0.21906 0.247237 -0.171627 -0.533427 -0.338361 -0.323468 -0.125827 0.29576 0.348703 -0.202692 -0.470537 -0.224704 0.134554 0.283394 
-0.69939 -0.50656 -0.0615092 -0.214626 -0.261573 0.18799 -0.181266 -0.372865 0.315934 -0.399977 0.539177 0.0103328 -0.132698 0.010039 0.158812 0.557763 0.255173 -0.125816 -0.0650706 -0.177372 0.021268 0.278287 0.156949 -0.330195 0.490767 -0.301601 -0.0765815 -0.114916 0.0183363 -0.802738 -0.134769 0.148922 -0.121835 0.324029 0.0336761 -0.262553 -0.527684 0.296056 0.347247 0.541315 0.0280816 0.304912 0.636337 -0.188896 0.273838 -0.0920032 -0.300036 -0.431119 -0.138136 -0.0278404 -0.551496 0.120066 -0.139401 1.00072 0.027548 -0.282386 0.113232 -0.38929 -0.197716 0.0808669 0.440442 -0.108724 0.127741 -0.565978 
-0.112912 0.0897338 0.432419 0.361951 0.119857 -0.439258 0.615182 -0.0899067 -0.256851 0.193367 0.358683 -0.509746 -0.139777 0.171323 0.497124 0.800204 -0.502157 0.3589 0.159624 -0.266859 -0.482898 0.294817 -0.00179634 0.449656 0.334791 -0.323098 0.0597 0.0082104 -0.00223076 -0.448326 -0.112278 -0.0604874 -0.0681175 0.117146 -0.776521 -0.296598 0.359846 -0.190599 0.0643388 -0.126843 0.240309 0.00699236 -0.201885 0.201268 -0.0759756 -0.353456 -0.405013 0.158797 0.217281 -0.0611293 0.0694484 0.086671 -0.923531 0.452522 -0.101753 -0.294768 -0.159637 0.180112 -0.696252 -0.188189 -0.157479 0.0915489 -0.141847 0.137588 
0.550542 -0.354725 -0.450117 -0.10784 0.493822 0.135256 -0.258835 0.111852 -0.130168 0.125413 0.0689201 -0.800671 -0.106659 -0.276036 -0.524702 0.287229 0.0147332 0.0919193 0.269423 -0.0982633 0.0488018 -0.404604 -0.209742 -0.173927 -0.419778 0.252479 -0.405101 0.406504 0.248708 -0.350835 -0.643637 -0.522601 0.0813796 0.0871316 -0.507966 0.629108 -0.30167 -0.304021 0.209727 0.0896582 -0.787006 -0.568792 -0.321739 0.0695688 -0.324226 0.6681 0.100607 0.209919 0.567071 -0.33987 0.0990465 0.617399 0.062823 0.0738917 0.216578 -0.20485 0.472962 -0.174811 0.0770371 -0.506282 -0.576607 0.0974153 -0.00595925 -0.113285 
0.386148 -0.00807973 0.617706 0.837353 -0.289588 -0.119799 -0.333327 -0.112569 0.208137 0.51771 -0.0651778 -0.21063 0.228316 -0.0488637 -0.271027 0.179641 -0.33207 -0.000129111 -0.687626 -0.199894 0.021155 0.29073 -0.040107 0.237625 -0.647007 -0.196272 -0.037139 0.231091 -0.315627 -0.0508678 0.269628 0.629729 -0.609911 0.143631 -0.276486 0.344533 -0.0575184 0.424408 0.176454 0.654099 0.278558 -0.0477438 -0.0892503 0.0098398 0.214702 -0.424236 -0.103412 0.00879591 -0.164459 0.151062 0.0676525 -0.301994 0.467759 0.0235552 -0.0361963 -0.230907 -0.0527301 0.0979123 -0.0877338 -0.0379095 0.14202 0.493563 0.5513 -0.282969 
-0.725445 -0.129636 -0.183697 -0.1591 -0.463041 -0.336504 0.26864 0.457443 -0.532576 0.334047 0.0769893 -0.0328489 0.0808704 -0.337657 -0.0408845 0.000355441 -0.13575 0.444867 -0.468134 0.706797 0.0398232 -0.118776 0.157006 -0.0630633 -0.242953 0.117926 0.367045 -0.177956 0.434222 -0.113512 -0.121944 0.294686 -0.0530815 -0.548108 -0.128724 -0.211455 -0.0932504 0.240401 0.000930044 0.262678 -0.0548722 -0.136746 0.110082 0.224973 0.355437 0.137889 -0.174382 -0.535824 0.562897 -0.339902 -0.0437496 -0.104711 0.859792 -0.265247 0.0127808 0.127384 -0.0742466 0.254002 -0.221779 -0.392115 0.0632717 0.446838 0.166206 0.325466 
-1.07528 0.442438 -0.00850696 0.0415734 -0.313219 0.613891 -0.167475 0.456582 0.35789 -0.260609 -0.4087 -0.408735 0.54093 -0.592018 0.266628 0.00180738 0.0303466 0.160121 0.434485 -0.586786 0.228537 -0.214891 -0.421208 0.22613 0.00191315 0.25288 -0.328347 -0.0440878 -0.0763881 -0.722312 0.169026 0.823435 -0.225746 -0.117839 -0.300494 -0.143715 0.224296 0.575953 0.0524659 -0.368388 -0.269765 -0.292266 -0.0323111 -0.377545 0.874013 0.0657376 -0.135901 -0.371687 0.458136 -0.11255 0.863126 0.330216 -0.687004 0.0598741 -0.0940937 -0.339601 0.299364 -0.389643 -0.662137 0.0108818 0.337865 0.116474 0.486391 0.193841 
-0.0201468 0.340937 0.390136 -0.0496425 0.269687 -0.532216 -0.534403 0.484277 0.256816 0.119574 -0.37379 -0.0708212 -0.599908 -0.06553 -0.358496 -0.734497 -0.352264 0.196449 -0.227585 0.457423 -0.191008 -0.233945 -0.431098 0.0953158 -0.3621 -0.015586 0.0576374 -0.0014394 -0.381453 0.38622 -0.234987 0.23982 0.295251 -0.0203589 -0.265357 0.434161 0.294365 0.145671 -0.272319 0.013468 0.503755 -0.394927 -0.307198 0.177088 0.0162893 -0.743962 -0.0052669 -0.164556 -0.0994207 0.0510526 0.0215871 0.917543 0.797448 0.403608 -0.220845 -0.08994 0.128685 0.00455832 -0.0230376 0.0234585 -0.0923092 0.0773795 -0.589165 -0.120399 
-0.331743 0.369865 -0.286825 -0.24381 0.41584 0.0394244 0.373889 -0.616687 0.123697 0.13779 -0.103684 0.0843847 -0.293672 0.377455 0.71586 -0.433498 -0.341477 -0.0314624 0.23727 0.0898642 0.00946062 -0.13157 -0.282567 -0.746097 0.11374 -0.00891898 0.262461 -0.198553 -0.242494 0.16553 0.358328 -0.406228 -0.659283 -0.696069 0.122384 0.564629 -0.232054 -0.290802 -0.258168 0.385074 0.307729 0.699229 0.038037 0.52428 -0.186368 0.102665 0.00854469 0.101663 0.00440268 -0.207536 -0.196939 0.376364 0.0428208 0.198251 -0.236301 0.179224 -0.644345 0.467738 0.135195 0.205555 -0.299923 0.154736 -0.162863 0.0253292 
0.449445 0.00890024 0.0747608 -0.264005 0.0339681 0.288475 -0.187288 -0.0556046 -0.175736 -0.150415 -0.0113944 0.10667 -0.202184 0.225156 0.330894 -0.170766 0.30027 0.494733 -0.339935 0.583925 -0.105666 -0.195451 0.323655 -0.253275 0.143055 0.254996 -0.205622 -0.152 -0.0739411 -0.298842 0.320675 0.290071 -0.0915484 -0.0123375 -0.216124 0.124392 -0.156123 -0.0467188 -0.137412 0.671979 -0.300002 -0.214391 0.0500221 -0.0331695 0.171134 0.281057 -0.226537 -0.166164 0.619849 -0.225951 0.117042 -0.644083 0.0469813 -0.353107 0.548547 0.278022 -0.501947 -0.22235 -0.187335 0.273038 0.418536 -0.106714 -0.323017 -0.257259 
0.222539 0.0428047 0.288759 -0.252437 -0.140417 -0.0283039 0.559675 0.0809352 -0.532967 -0.155242 0.299548 0.0588901 0.299974 0.00955885 0.795677 -0.0138148 -0.0187723 0.464408 0.0711406 -0.0866231 -0.569683 -0.502548 -0.226799 -0.260039 -0.138363 -0.728625 0.302027 0.0400321 0.0863758 -0.48677 -0.25479 -0.160447 -0.30082 -0.0828706 -0.321683 -0.288989 0.0815658 0.533405 -0.356271 0.193902 0.196689 0.0107449 -0.222425 -0.308957 -0.169104 -0.22573 0.291202 0.129855 0.0603315 0.349635 0.000652624 0.195837 -0.019395 0.130725 0.879976 0.441371 0.0981153 0.157102 -0.730104 0.302915 -0.459569 -0.426831 -0.0119256 -0.0212456 
0.302875 -0.0403105 -0.00660126 -0.472758 0.0227776 0.0582401 0.116366 0.0937232 -0.191029 -0.0492185 -0.0570697 -0.133398 -0.560617 0.508439 -0.461778 0.471151 -0.178827 -0.267068 -0.529525 0.246679 0.998894 -0.377552 -0.656275 -0.0709233 0.215572 -0.52334 -0.0956851 0.244012 0.023147 -0.135024 -0.283309 -0.111023 -0.243981 -0.0479587 0.198071 0.592702 -0.422445 0.132137 -0.0407661 0.216943 0.269888 0.0654154 -0.492708 -0.20199 0.153766 0.277039 -0.904234 0.151011 -0.341599 0.244974 0.255788 -0.131882 -0.368499 -0.298477 0.0106134 0.495043 -0.311448 0.488017 0.483973 -0.0376127 0.398629 -0.282928 0.744796 -0.0396866 
0.620154 -0.134785 0.431973 0.00300524 0.188291 0.0186954 0.0457786 -0.463106 -0.101745 0.128335 -0.567322 0.199873 0.319493 -0.474024 0.221589 -0.424865 0.309213 -0.405726 -0.426828 0.232488 -0.0124486 0.570404 -0.0935582 -0.160662 0.285126 0.0631324 -0.292975 0.346797 0.185907 0.0789788 0.342351 -0.516256 0.270881 0.0399539 -0.114335 -0.206731 -0.151325 -0.0459747 -0.392086 0.276437 -0.380237 0.153995 -0.419341 -0.00363679 0.116905 -0.342753 0.351504 0.277164 -0.325064 0.112305 0.255851 0.327626 -0.158801 -0.00499507 -0.00860899 -0.0660775 -0.058862 -0.360857 -0.373052 0.300465 0.110987 -0.287575 -0.461506 -0.252323 
0.169887 0.382771 -0.172662 -0.170564 0.352762 -0.193086 0.208061 -0.177053 -0.0729239 0.149673 -0.383109 0.067357 0.0626626 -0.0376554 -0.0790987 -0.126478 0.0911604 -0.802541 -0.126257 -0.109053 0.511314 0.431184 -0.160198 0.277292 0.214159 0.569994 0.254553 0.555866 -0.122586 0.660035 0.332617 -0.0869898 -0.546908 0.0979626 -0.493372 -0.237108 -0.236202 0.0464936 0.632984 -0.504892 0.0897396 -0.379206 0.0787092 -0.0713001 -0.308388 -0.261664 -0.233145 0.209114 -0.325538 -0.336336 0.0994474 -0.582779 0.00863008 0.524403 -0.500791 -0.587511 -0.108477 -0.28416 0.35383 0.0558631 -0.184108 0.166309 0.397521 -0.556233 
-0.533543 -0.1767 0.423118 -0.654112 -0.0932583 -0.066242 -0.147162 -0.115322 -0.189472 -0.391785 0.0454342 0.0279827 -0.361841 -0.203796 -1.00198 0.154447 -0.302132 0.172835 0.696177 0.297594 -0.168818 0.23374 -0.190575 0.586166 -0.0897571 0.0776536 -0.0291585 -0.081378 -0.419773 0.0617914 0.554035 0.0690689 0.113554 -0.0325655 0.335941 0.577462 0.137322 0.800323 -0.396693 0.342269 -0.58228 0.0134855 -0.321213 -0.368427 0.405332 0.0978022 0.183568 0.720762 0.260583 0.410947 0.589049 -1.16527 0.228566 0.335575 0.681686 -0.809819 -0.245768 0.381497 -0.323422 -0.269947 0.196686 -0.0611689 0.444661 0.107609 
0.405609 0.112986 0.0453594 -0.38277 -0.2714 -0.0268443 -0.700817 -0.204378 -0.524811 0.768925 -0.409906 -0.0218148 -0.3164 -0.189901 0.0810807 0.0647134 0.0615106 -0.44096 0.174646 0.312222 0.277556 0.291358 0.116115 -0.682443 0.620986 0.24607 -0.276494 0.821455 0.253433 0.513383 0.056211 0.0243791 0.39807 0.0158128 0.25331 0.112723 -0.0136811 0.0877596 0.269411 -0.436472 -0.367623 0.586985 -0.946246 -0.543122 0.143719 0.0549174 -0.22325 -0.204536 0.412033 -0.0831054 -0.240723 -0.207167 -0.0711548 0.369549 0.115125 0.132506 0.691119 0.146403 -0.492221 0.29072 0.594118 0.419111 -0.119874 -0.157647 
-0.0817788 0.31109 -0.361648 -0.128258 -0.135452 0.475399 -0.823447 0.0568595 0.035955 -0.389958 0.240138 -0.22427 -0.282384 0.370039 0.396967 0.478109 -0.285622 -0.524704 0.21486 0.162648 0.160342 -0.255081 0.8706 0.00951024 0.0635493 -0.0599217 -0.16779 -0.000768883 0.679142 0.236292 -0.00658356 -0.590104 -0.0681639 0.196727 0.0201249 -0.540341 0.342991 0.0751437 -0.232403 0.191205 0.144482 -0.12503 -0.233509 -0.341613 0.225983 -0.184111 -0.0265513 0.121126 -0.515379 0.214975 -0.469822 0.132273 0.245635 0.154947 0.54806 0.0763959 0.231051 -0.495343 -0.254098 -0.314269 0.180544 0.704076 -0.176904 -0.330871 
0.11138 -0.137624 0.333329 0.158108 0.426735 -0.0358413 -0.0315428 -0.358728 0.158031 0.0852591 -0.461855 -0.407252 -0.486361 0.240455 -0.107609 -0.548133 -0.350692 0.304161 -0.451572 0.173851 -0.381746 -0.167665 0.151544 0.0857999 -0.365829 0.359351 0.286114 -0.18741 0.0936125 0.109546 -0.123612 0.179259 -0.188615 -0.424654 -0.272101 -0.00829367 -0.119728 0.303447 0.0366008 0.016012 -0.516156 0.0183739 -0.386349 0.00897933 0.419896 0.0249158 -0.226965 0.055836 -0.23007 -0.349492 0.1926 0.814388 -0.425141 0.149851 -0.241562 0.104741 0.372396 -0.0654366 -0.676106 0.789519 -0.295867 0.67954 0.343571 0.0518207 
0.434175 0.0373698 0.396788 -0.414353 -0.359384 0.389982 -0.460728 0.153235 0.62405 -0.0303904 0.152802 0.128782 -0.061679 -0.194943 0.0446947 -0.540499 -0.228056 -0.112823 0.0191095 0.192323 -0.00758347 -0.0482588 -0.00351102 -0.652972 0.518428 0.404727 -0.233788 -0.750797 0.136367 0.506811 -0.329362 -0.0951498 0.0369836 -0.223548 -0.86772 0.310644 0.370157 0.4028 -0.153261 0.521253 -0.016752 -0.478261 -0.4609 -0.325748 0.197889 0.0226862 0.572789 -0.337054 0.479692 -0.300492 -0.233383 0.925524 -0.464912 0.765852 0.0625579 0.528585 -0.612057 -0.117833 0.115716 0.042845 -0.377071 -0.145208 -0.431829 0.161369 
