64 64
-0.804204 -1.58262 -0.309681 1.3089 -0.775465 0.417797 -0.999982 0.732185 1.20163 1.93558 -1.59794 -0.849275 -0.522603 0.380281 0.129483 0.150039 0.914355 1.02872 -0.76085 -0.534219 -0.183945 0.458806 0.826818 -0.100443 -1.14001 -0.187868 -0.796711 0.187636 -0.128692 1.51059 -0.75246 -0.193973 -0.117588 -0.151785 0.292226 -0.595134 0.732146 -1.0416 0.291712 -0.780986 -0.720425 0.261103 -0.486431 0.928682 1.13356 -0.700264 -0.657007 0.0469563 0.359696 -0.0655717 0.510754 0.64863 0.159005 0.402787 -2.09113 0.00244131 -0.198167 -0.195197 0.120469 0.167803 -0.909329 -0.361069 0.18201 -0.257379 
-0.377248 -0.020081 -0.084665 -1.1463 1.44402 -0.0465342 1.43347 -0.450234 -0.272442 -0.105423 -0.374409 0.0799668 -0.505043 0.406781 0.152543 1.29531 0.135986 0.0713943 -0.952769 -0.605483 -0.490046 0.565646 0.632306 -1.0166 -0.119939 -1.86982 0.72489 -1.22032 -0.832735 0.656149 0.345345 -0.36549 0.54917 0.2821 0.687253 -0.713431 0.0961339 -0.42637 -1.1741 -0.474824 -0.439124 -0.432111 1.04926 -0.818764 0.709365 0.144768 0.939082 -1.84666 0.534272 0.153004 -0.371926 0.220428 1.27639 -0.571149 0.225346 -0.142713 0.775416 -0.165986 -0.912772 -0.982477 -0.21046 0.445752 -0.444977 -0.485878 
-0.100592 -0.476997 -0.35539 -0.80698 0.0415075 -0.387934 1.08125 1.16479 1.23335 -0.808536 -0.36295 0.682785 -0.323018 -0.548251 0.0965448 0.188948 -0.813437 0.0448683 -0.123492 0.883162 -0.539118 -1.11486 0.982323 -0.375765 0.389954 0.836664 0.891109 0.190267 0.551003 0.068421 1.49877 0.363544 -0.495399 0.171045 -0.2476 -0.916755 0.291007 -0.645319 0.0521461 1.43836 0.532983 0.464556 0.941198 0.783246 -0.15507 0.189014 -0.0190564 -0.283983 0.391164 -1.24116 -0.172248 0.597658 -1.58959 -0.156404 -0.858663 -0.791261 0.804993 1.02342 -0.110021 0.291175 -1.97077 0.31485 -1.48133 -0.896033 
-0.0498667 0.566502 0.803462 -0.591197 1.24882 0.42532 -0.0470655 0.486649 -0.186252 0.176548 0.84761 0.816067 1.45871 0.0875501 -0.978002 -0.513081 -1.05858 -0.491384 1.26736 0.59902 0.241323 -1.38349 1.49368 0.484272 -0.412167 -0.181175 0.202671 1.06821 -0.0848111 -0.103727 -1.23454 0.130118 0.644857 -0.315935 -0.865012 -0.0759345 0.775227 0.453028 0.396264 0.295336 -0.734552 -0.178204 -0.804681 -0.445171 0.461958 -0.23786 0.245183 -0.96138 0.865403 1.39972 0.358737 -1.18079 -0.397953 1.69281 -0.410329 -0.268326 0.491792 0.315597 0.655245 -0.848245 -0.876344 -0.135868 1.04827 0.508831 
1.06622 -0.969045 -0.960262 -0.500554 0.318354 0.0227033 0.192893 0.501128 0.327508 0.0186123 0.767721 -0.349001 0.0293488 0.553627 0.159319 -0.570583 -0.0879166 0.0256582 0.634583 0.643312 0.157827 1.13012 -1.00262 0.137577 0.849149 -0.414676 -0.926177 -0.0772024 0.764474 0.180098 -0.31801 0.091968 0.240442 0.832341 -0.0899012 -0.999534 0.69945 -1.25202 0.313093 0.294934 0.172316 -0.0626029 -0.122334 -0.00814701 -0.714091 0.0712149 -0.57009 -0.369655 0.0506304 -0.270754 -0.382073 -0.273665 0.873635 1.0104 -0.0343349 -0.491657 -0.898 0.705906 -0.0635603 -0.179149 0.0751347 -0.616268 -1.28802 0.399524 
-0.914974 0.720187 -0.401626 2.08218 -0.79339 0.922724 0.50177 1.37295 0.223917 0.321314 0.270658 -0.128055 -0.477435 0.427073 0.398568 -0.92607 -0.312414 -0.610363 1.40311 0.43348 -0.0122036 -0.64342 -0.341698 -0.968132 0.0362939 -0.41374 -0.268328 -1.73502 -0.832591 -0.578461 0.448812 -0.424 0.221879 -0.936499 -0.932049 -0.375808 0.625055 0.740156 0.483725 -1.29151 -0.220073 -0.598565 -0.0425993 -0.0743229 -0.208281 0.960129 -0.255068 -0.824552 -0.0517396 -1.1689 0.484349 -0.383182 0.136028 0.303782 0.221674 0.769666 -1.0541 0.995242 0.104579 0.298765 0.0470458 -0.245332 0.141725 -0.911302 
1.20573 -0.381422 -0.158799 -0.0840507 0.172966 -0.608109 0.973192 0.270391 0.445576 -0.448148 -1.64051 0.307776 1.78781 1.04303 -0.14968 0.530416 1.0274 -0.508947 2.02048 -1.6877 0.551004 -0.0497103 0.481462 0.541968 0.625852 -0.451335 0.0264881 -0.0610281 0.675119 -1.62457 0.330848 0.292902 0.346243 -1.39615 0.289688 -0.527924 0.098468 -0.08225 -0.672662 -0.0217252 0.646781 0.4466 0.810611 -0.380649 1.21683 -1.30585 -0.0518128 -0.193238 0.533235 0.215211 -0.306301 1.11409 -0.59391 0.102968 1.3507 -0.231156 -0.155272 0.303179 -1.19317 0.41883 1.78095 0.835425 0.600768 -0.167758 
0.416239 -0.178933 -0.374971 0.0336516 0.301973 -0.892812 -0.47032 -0.10584 -0.00537001 -1.02014 -0.80779 0.36563 0.0126831 -0.379488 0.113276 0.915272 0.177744 -0.180389 0.949158 -0.619966 0.723808 -0.673411 -0.425921 0.0375872 0.362899 -0.414789 -0.348553 1.37474 -0.247769 0.375585 0.939698 0.335231 0.0913281 -0.158719 0.755107 -0.229633 -1.42074 -0.226896 0.157105 -0.143865 -0.153034 0.377221 0.139207 0.261805 -0.741207 -0.267935 -0.15775 -0.784443 -0.305132 0.520895 0.299551 -0.0236851 1.66133 -0.777613 -0.546768 -0.163379 -0.865209 1.17009 -1.65839 0.374445 -0.326486 -1.07029 0.0937152 -0.166868 
0.161571 0.855546 -0.0425647 -0.10493 -0.395929 -0.450409 0.328853 -0.228796 0.723086 1.19564 0.18973 1.70483 -0.91056 -0.558747 0.319632 -0.929299 -0.23958 -2.06684 0.86 -0.647588 -1.67285 0.0510149 0.249157 1.94037 -0.784263 -0.368621 0.257533 -1.17877 0.366675 0.323865 -0.214741 -1.38551 -0.628667 0.576783 0.338466 -0.854287 -0.709983 -0.308906 1.9392 0.942953 -0.41114 1.35746 -1.5547 -0.495549 0.391701 1.03161 -0.661349 -1.11487 -0.391836 -0.536847 0.717609 -1.52771 0.513599 -0.215566 -0.521602 0.758147 0.428626 0.243873 0.170797 0.200254 0.532311 0.760648 -0.326008 0.586933 
0.354999 0.0979823 0.400799 -1.10381 0.385129 1.25768 0.758347 -1.4053 -0.739054 0.938749 -0.930904 -1.64437 -0.450681 -0.243166 0.237689 -0.795665 -0.495981 -0.520507 -0.305087 0.235604 -0.641263 0.606189 0.831232 0.417148 0.828298 -1.46861 0.387198 0.0336503 1.76849 -0.900278 -0.459251 0.611252 0.0879112 -0.919215 -0.223981 -0.728334 0.138298 1.35485 -0.0714783 -0.572896 0.734847 0.473831 0.580089 1.28441 0.108408 0.683225 0.685108 -0.405482 -0.208729 -0.0300498 -0.205604 -0.644386 0.502737 0.384319 -1.23994 0.361754 -0.239629 -0.638357 0.0617374 1.39027 -0.754014 -0.146272 0.690326 0.756401 
-0.22409 -0.350393 0.78747 0.552308 0.909524 0.134306 0.95739 0.479589 0.250489 -0.424799 0.726176 -0.929858 1.53477 0.654305 1.33646 0.797862 0.120977 0.345311 0.116499 0.00247421 -1.269 -0.141271 -0.875177 0.0365299 -0.137881 0.301585 0.587984 -0.461547 -0.886046 -0.385452 -1.19046 0.281251 1.29363 -1.05743 0.425767 -0.788264 -0.68002 -0.213257 1.49277 0.205159 0.397735 -0.529895 -0.351298 0.47515 -0.121025 -1.31823 0.324141 0.507718 0.5747 -0.526346 1.18951 -0.675503 0.765202 -0.576311 -0.479717 -1.21027 1.18949 0.183457 -0.144044 0.814116 1.30246 0.0645774 -0.219234 0.025095 
-0.411024 -0.334345 -1.10031 -0.297912 -0.556002 -0.803988 0.0889153 0.443874 0.682513 -0.371251 -0.606517 0.630967 -0.182592 -0.91319 -0.217629 -1.63316 1.00853 -0.0891184 -0.253579 -0.784491 -0.316 0.699844 -0.971224 -0.153255 -0.883213 0.326817 1.08136 1.29107 -1.54933 -0.0761171 0.447598 -0.283225 -0.0845727 -0.281097 -0.915315 0.103589 1.00276 -0.00527097 0.700679 -1.67239 1.05689 0.227907 -0.105472 -1.52608 0.0794277 -0.152255 0.460243 -0.212549 1.27797 1.10876 0.57198 -0.533404 -0.913451 -0.281879 -0.241218 -0.733128 -0.825032 -0.533297 -0.0615674 1.61596 -0.311065 -0.0738424 -1.00413 1.02112 
1.1053 0.104 0.165029 -0.605606 -0.248665 -0.827332 0.0180132 -0.69557 0.145612 0.0107076 0.0290045 -0.290939 -0.256171 -0.332368 2.34054 0.799858 1.07663 0.0714546 0.642377 0.704256 0.811525 0.178757 0.437943 1.18183 0.0433097 -0.133304 0.458458 0.259619 -1.34023 0.81589 0.465136 -0.904929 -0.788586 -0.243682 -1.87546 -0.495823 -0.703045 0.149362 -0.660596 0.215594 -1.34363 -0.695726 -1.00695 -0.460294 -0.330508 0.605924 -0.795683 0.498055 0.0235267 0.0165005 0.419856 0.574852 0.200087 0.604689 -0.280759 -0.863505 -0.0187702 -0.850522 0.87917 0.317267 -0.250289 0.0258775 -1.36936 -0.816684 
0.0193074 0.378142 -0.537075 0.951786 0.850261 0.155766 0.619644 0.52572 -0.395843 -0.907579 0.974742 -0.327815 -0.883359 -0.566326 -0.138752 -1.09503 1.00131 0.577466 -0.370722 -1.42893 1.27383 0.485167 0.124716 -0.120609 0.931158 -0.209312 0.453058 0.635413 -0.653232 -0.415084 0.585911 -0.893911 0.355675 0.815371 0.72292 -0.0859173 -0.453639 0.864488 -0.258263 0.936113 0.0293652 0.323513 0.274231 0.815246 0.790923 -0.490708 -0.15591 0.816818 0.709366 -1.55134 -1.37992 -0.66647 0.16381 0.823868 -0.563607 0.690505 0.625537 -0.334835 1.30328 0.997249 0.0835835 -1.50952 -0.137843 -0.27855 
0.832045 -1.8544 -0.243485 0.786085 0.448367 -1.54123 0.328858 0.538419 0.959355 -0.0149606 0.75653 0.947194 0.939216 0.72919 0.0220932 -0.0502699 0.643104 0.524227 -1.12297 -0.199265 -0.924651 1.23889 0.412167 0.422724 -0.267917 0.585347 1.49385 1.22853 -0.635929 -0.0022135 -0.931076 -0.12665 0.192596 1.30523 -0.427637 -0.287858 0.194858 0.0348118 -1.48743 -0.854227 -0.0351238 -0.258515 0.743893 0.696154 -0.518454 0.113352 -0.358856 -0.950484 -0.892583 -0.947215 0.397185 -0.0948313 0.637486 0.369607 -0.275086 0.991497 -0.304248 0.1494 -0.590345 0.465011 0.165243 0.768521 1.6734 -1.26381 
0.113104 -1.73719 -0.617096 0.3439 1.87894 0.444045 0.316837 -0.160464 -1.7514 -0.235531 -1.15609 0.859874 -0.897505 -0.33843 0.177731 -0.107257 -0.03148 0.502209 -0.180569 1.0561 1.13367 -0.833381 0.668769 -0.268528 -1.31665 0.904455 0.729831 0.0114992 -0.00852993 -1.00944 0.542428 -0.912832 0.00220723 0.062512 0.39504 -0.103457 0.474042 -0.632902 -0.134173 -0.703644 -0.28138 0.00111123 -1.28457 -0.0143358 0.579283 0.532333 -1.24048 -0.0174564 -0.567271 -0.505852 1.43521 0.409798 -0.330273 0.732321 -0.170451 0.0556845 0.576328 -0.180356 -0.584907 -0.0606926 1.23754 -0.817218 0.032451 1.55878 
0.465463 1.40063 -0.0680898 0.0877444 -0.912076 0.0256138 0.533063 0.250261 -0.153635 -0.187726 0.359945 -0.404001 -0.114743 -1.30989 -0.564711 0.849422 0.961083 -0.623802 -1.20143 0.334523 -0.603118 1.18438 -0.129932 -0.482938 0.1485 -0.222428 0.230291 1.53628 0.33094 -0.337601 -0.233273 0.42225 -0.210798 -1.47377 1.70438 -0.371869 0.271713 -0.230325 -1.15029 -0.253218 -0.309258 -1.71488 -1.18507 0.052102 0.617218 0.96507 -0.859369 -0.540534 0.25605 -0.311406 -0.0959508 1.31097 0.43756 1.43696 0.108639 -0.262447 -0.320449 0.580175 0.172713 -0.576199 1.11717 0.309676 0.16848 -0.539512 
1.34829 -1.52686 1.24806 0.0310022 -0.200109 -0.216541 -1.09897 1.00321 0.512311 -0.917911 0.639432 0.601604 -0.13445 -0.453721 0.5342 1.33242 1.3834 0.691004 0.237681 0.490508 -0.110116 -0.147381 -0.734181 -1.89655 0.824694 -0.628535 1.0037 -0.793543 0.295972 -0.412212 -0.677669 0.811313 -1.48509 0.552917 0.348011 -0.297753 -0.729174 -0.285202 -1.19884 -0.795687 -0.797111 0.0619406 -0.532777 -0.0113875 -0.377609 -0.302929 1.08331 1.0736 0.894049 -0.354748 -0.645816 0.17434 -0.819026 0.463663 -1.28772 0.296188 0.269985 -0.557776 -0.314433 0.900398 0.128832 0.066021 -0.375394 0.190041 
-0.834437 -0.454897 0.136266 -0.286994 0.378229 -1.84901 -1.1336 0.308439 0.575308 0.529241 0.217328 0.379628 -0.168705 0.989039 -0.257938 1.76018 0.574309 -0.648862 -0.909982 -1.42595 -0.0650189 -1.38568 0.235894 -1.17717 -0.214287 0.724776 0.733496 0.86524 1.05321 -2.0451 1.06509 -0.244612 1.46308 -0.0485565 0.858986 -0.934178 0.515327 -0.604125 -0.0143488 -0.501232 -0.131524 -1.22875 -0.242042 0.608691 -1.06238 -0.68563 -0.314478 -0.411856 0.0312899 -0.158506 -1.29802 0.703434 0.537596 0.255972 -0.510347 -0.0568122 -0.667835 -1.16954 0.974249 1.02396 -0.150119 -0.824395 -0.522662 -0.350061 
1.45412 -0.323338 1.00322 0.28096 0.54349 -1.18315 0.999285 0.720313 -0.791224 -0.741739 1.06909 0.391445 -1.32015 1.03364 -0.332087 -1.15414 -0.0730403 0.848412 0.606804 0.187255 0.0379151 0.699362 -0.889418 -0.385705 0.641556 0.439934 -0.362414 0.731187 1.19738 -0.210792 0.478689 0.45867 0.298266 -0.511567 -0.694242 -0.988016 0.0083258 0.993329 -0.0401131 -0.237277 0.138765 -0.389119 -0.519698 1.19779 0.601892 -0.282962 -0.252017 -1.43783 0.0201299 0.953921 0.371265 0.249819 -0.364514 -1.89013 0.25821 -0.574158 -0.559146 -0.0255273 0.439004 -0.542111 -0.657975 0.536048 -0.651237 0.172714 
-0.498245 1.3953 -1.07485 0.402358 -1.16337 -0.372702 -0.259833 1.50396 0.430365 -0.572873 -0.147791 -0.216328 -0.896956 -0.141057 0.32709 1.03771 -1.82221 0.674393 0.077021 0.57072 0.520412 0.188518 -0.174236 1.33239 -0.0969175 -0.263896 -0.825386 0.0329298 0.554269 -0.0847921 -0.608914 -1.81437 -0.2115 0.738485 -0.115285 0.890871 1.30467 0.114381 -0.428823 -0.164779 -0.0406601 -0.992655 -1.13996 -0.35286 -0.0208322 0.0227184 0.51765 -0.641739 0.701909 0.143813 0.24748 -0.903294 -1.03825 0.187462 -1.29593 0.222537 0.72439 -0.654599 -0.368071 0.335191 1.0185 0.0124729 0.0662848 0.449464 
1.66396 -0.235112 -1.03399 -1.05278 -1.27175 -0.690042 -0.81965 0.344743 -0.0465612 -0.342567 0.2591 -0.646921 0.163181 0.0356496 0.368829 -1.22245 -0.325885 -1.39699 0.229067 0.623434 0.210802 -0.919914 0.258994 -0.43712 0.357195 -0.108281 0.971111 -0.593935 0.443579 0.439374 -0.349396 0.0709454 0.981923 -0.219313 0.455056 0.113083 0.430439 0.328315 0.33302 -1.55689 0.0282373 -0.268508 1.29582 -0.46256 0.975355 -0.759314 0.439218 0.46835 -0.900422 -0.032667 0.562722 -0.154993 0.291781 0.426799 -0.175906 0.639053 1.44614 -0.522818 -0.51587 -1.33731 0.250701 -0.257148 -0.869021 -1.16158 
-0.709892 1.24764 -0.383939 -0.888219 0.0866405 -0.712686 -0.368935 0.734632 -0.107708 1.89366 0.665046 0.0464987 -0.392025 -0.0668111 1.07875 0.401235 0.208277 1.27785 0.492645 0.486502 1.20162 0.182124 -0.348098 -0.295416 0.277294 1.10146 -0.168805 0.548346 -0.203516 0.349792 -1.00672 0.696131 1.31957 -0.15504 -0.531941 -0.249534 -0.285372 -0.187016 -0.196021 0.935376 0.300928 0.673339 -0.0348748 -0.810062 1.33932 0.589998 1.20768 0.45771 -0.15022 0.143589 0.16246 -0.788857 0.719822 -0.359238 -0.396151 1.19745 -0.422276 -0.392105 -1.28738 1.77637 -0.898522 0.400504 -0.597032 -0.84645 
0.0557499 -0.292931 -0.636744 -1.12119 1.16902 0.152238 0.046643 0.707854 1.3569 0.735963 -1.08577 1.78252 0.413132 -0.250192 -0.172503 0.190142 0.0523196 0.771373 -0.104694 -0.783536 0.428402 0.499385 -0.760171 0.154493 0.408751 0.32813 1.34416 -0.371748 0.255219 1.49561 0.952859 0.329439 -0.943592 -0.674527 -0.0253026 -0.403717 0.00929695 0.27224 0.079903 0.778005 0.536067 -1.88769 0.0497222 1.62997 -0.116136 0.290392 -0.174694 0.971329 -0.674856 0.751026 -1.04471 -0.866466 0.339214 -0.54973 1.00261 -0.591281 0.0371079 -0.481081 -1.31478 -0.839737 1.34942 -0.165116 0.0319208 0.225243 
-0.0772107 -0.512916 0.187471 0.199964 1.03093 -1.3286 0.278443 -0.225051 -0.181864 0.235556 -0.806652 0.0301582 1.08695 -0.935067 -0.0434829 -0.301352 0.574315 -1.00861 0.853432 -0.709622 1.27505 1.1999 0.23708 -0.36045 -0.327025 0.675456 -1.19582 -0.12865 -0.580014 -0.804974 -0.862074 0.820107 -0.841011 -0.573007 0.431507 0.940545 0.391447 0.532289 -0.630712 -0.124238 0.775188 -0.838597 0.623553 0.006949 -0.533225 0.522635 0.110768 -0.522556 0.368752 -1.06576 -0.794635 -0.207831 0.0696727 -1.33198 -1.95868 -0.392007 0.313183 -0.87895 0.558048 -0.46526 -0.14351 0.807133 -0.35831 -0.55842 
-0.675996 -0.908382 -1.03932 0.286648 0.0374855 -0.146246 0.254831 1.18196 -0.822573 -0.405712 0.646624 -1.06681 0.734132 -0.333805 -0.36777 0.367175 0.555847 -1.73769 -0.662446 0.335993 0.383312 1.05812 -0.761926 0.0400132 0.441759 -0.117765 0.859357 -0.170425 -0.170711 -0.758207 0.615672 0.140594 0.665896 0.285223 -1.23536 0.313602 -1.75619 0.642352 0.26585 0.12818 0.183648 1.16985 -1.00245 0.991615 0.389474 0.940808 -0.371294 0.459054 -0.252235 1.41085 -0.113003 0.601686 -0.56938 0.357347 0.0655124 -0.353841 0.577305 0.500638 -1.07548 -0.448687 -0.484294 0.799634 0.797048 -0.611822 
-0.383605 0.19871 -0.66542 -0.221715 -1.83502 0.0785406 -0.0869218 0.544178 -1.12867 -1.16687 0.885993 -1.21304 0.499851 0.270056 -0.206051 -0.491834 0.0338773 0.206165 1.13451 -1.03539 -0.231318 1.33943 1.00797 0.918536 -0.4592 0.899757 1.30541 -1.87241 -0.601794 -0.271578 0.538264 0.925427 -0.25235 -0.303248 -1.1076 0.421827 0.660257 -0.0968213 -0.133022 0.626135 -0.0204255 -0.879625 0.347755 0.388138 0.985184 -0.753637 -0.786632 -0.297375 -0.698246 -0.87894 -0.320654 -0.354179 1.42141 -0.24441 0.289599 -0.107033 -0.135771 0.821191 -0.198167 -0.260893 -0.910718 -0.712199 0.380591 1.50741 
-0.680446 0.0752343 0.645172 -0.529006 -0.59209 -0.485217 0.399231 0.2324 -0.126776 -0.640965 -1.37643 -0.423641 -0.926685 1.20607 0.0593452 0.179708 1.67478 1.38993 -0.214222 -0.955779 1.56629 -0.427547 -0.380598 -0.329936 0.471178 -0.372584 0.623089 0.605572 -1.04515 0.351267 -1.11264 0.278662 -0.11756 0.509987 0.73689 0.370779 -0.484237 -0.983907 -0.213118 -0.190557 0.395193 -0.305604 0.154969 1.07554 -1.09739 0.365575 0.234422 -0.303672 -1.25871 0.392913 1.76291 -1.09062 -0.210174 1.19042 0.131128 -0.0677466 -0.697339 -0.3582 1.8173 0.523401 0.0718853 1.55264 -0.994408 -0.187499 
0.071632 -0.699132 -0.840391 -0.737872 -0.74561 0.466955 0.72427 1.21284 0.141672 0.280654 0.0307984 0.406188 -1.2301 -0.0261961 0.999804 0.619659 -2.08644 -0.57832 0.477795 -0.192648 0.101401 0.211918 0.351237 0.0148569 0.145923 -0.869053 -0.401868 0.898269 -1.59101 -0.302118 -0.567713 0.339055 -0.459273 -1.22553 0.024702 0.487247 -0.280796 0.348178 -0.620415 0.0247568 -0.0792346 1.06308 0.00872803 0.300127 -1.86449 -0.218548 -0.164518 -0.642489 -0.985335 0.80225 -0.0731222 1.14743 0.869133 -0.727436 0.435177 0.925466 1.10004 -0.00735611 0.818015 0.306593 -0.0655882 -0.751474 0.992051 0.553218 
-0.341405 -1.07712 0.422014 -0.0758589 -1.22402 -0.190959 1.34992 -0.932416 -0.850569 0.357404 -0.529522 0.37758 -0.687228 0.233319 1.18979 -0.493853 0.0225106 1.09092 -0.624764 -0.102639 -0.765644 -0.908564 0.106701 0.315498 1.54148 0.691105 -0.620327 -0.223466 0.0585562 1.10563 0.693085 0.573301 1.12941 0.837481 -0.157217 1.63371 0.520583 0.0150351 0.655343 -0.000836008 1.33236 -1.31768 -0.500784 -0.678934 -0.738828 1.46928 -0.906054 -0.25667 1.26797 0.640307 -0.773675 0.715216 -0.555474 1.13159 -1.63194 0.878989 0.797231 0.0535276 -0.126839 0.0985126 0.303225 -0.580865 0.0290946 -0.336192 
2.39911 1.12196 -1.39016 0.115369 1.93972 -0.38979 -0.996488 0.368135 -0.514421 -0.233511 0.613088 -1.02973 -0.696445 0.484057 -0.598537 0.169578 -1.06931 -0.0766917 0.405118 -1.23948 -1.49092 -0.487709 0.613036 -1.60928 0.254841 -0.0910311 -0.466133 -1.55185 -0.302811 -0.0493532 -0.364102 0.223765 -0.499459 -0.0846822 -0.614285 0.523272 -1.47774 -0.148197 0.534346 0.48049 0.677895 -0.545109 0.768924 -0.228964 0.945326 0.747628 0.309305 -0.665345 1.67966 -0.282912 1.11657 0.26737 0.954152 0.660364 0.480094 -0.00754453 0.105826 0.346277 -0.117454 -0.321457 0.0862 0.496214 0.858687 0.759042 
1.26808 0.840755 1.73038 0.684076 0.792769 1.01228 0.771532 0.755452 0.00776035 0.321149 0.744336 -1.05109 0.382372 -0.673356 -1.54157 0.316183 -0.870735 -0.595336 0.0969268 0.426497 0.741576 0.0939507 0.666866 1.0497 0.357257 -1.21681 0.272546 0.242496 -0.899253 -0.121672 1.28073 -0.388317 0.17507 1.04265 -1.16233 -0.135827 0.0946993 -1.03168 1.29444 -1.16214 0.313861 -1.26625 0.521105 0.436299 -0.563519 -0.651578 0.284135 0.402376 -0.329647 0.182424 -0.568542 0.74487 1.68536 0.142244 0.353534 0.781331 0.192247 -0.470808 -0.379525 0.637135 -0.0808395 1.50071 -1.22186 0.442383 
-0.39966 1.88711 -0.565176 0.734241 -0.147351 -0.594615 0.260417 -0.435687 0.125228 -0.3743 -1.1939 0.875869 -0.507809 0.336477 0.790042 -0.925288 0.615982 0.219015 -0.254544 0.760033 0.172025 0.0605922 0.762875 -0.661165 0.414605 -0.203805 1.13039 -0.348033 0.0970277 0.697227 -1.38552 0.505675 -0.794578 1.17195 0.260228 -0.0877832 -0.508362 -0.689868 0.65032 -1.28987 0.501205 -0.236572 -0.88267 0.234809 -0.676818 -0.589853 -1.30063 0.596723 -0.451743 0.961357 -0.983243 0.212419 -0.522115 -0.952998 -0.844102 0.842417 -0.0554 -0.498121 0.0226193 -0.196145 -0.788873 0.338197 -0.705123 0.839632 
-1.21943 0.446499 -0.12999 1.20745 -0.136434 -1.11122 -0.0375694 -0.679801 -0.720395 1.36133 0.221426 0.552403 1.16383 -0.798745 -0.29029 -0.554564 -0.877337 -0.040627 1.25436 0.0111293 -1.12985 1.50469 -0.0398365 -0.361046 1.60082 -0.00722651 0.118146 0.451817 -0.240213 0.505705 1.44958 0.290815 0.384351 0.283521 0.245608 -1.0205 -1.12067 -0.489467 -0.115523 -0.0836377 -0.246603 0.486501 1.20246 -0.28953 -0.331519 0.242525 0.613002 -0.133528 0.114374 0.237021 1.1169 -0.134535 -0.140147 0.644857 -0.395911 0.460844 -0.330524 -1.28068 0.899991 -1.0996 0.798712 -0.170146 0.545101 1.60763 
0.193002 0.944114 -0.376633 -0.58349 0.593456 0.0500222 0.000523663 0.665723 1.5505 -0.318371 -1.19487 -0.610064 0.213326 -0.397106 0.111071 -0.299602 1.25469 0.0475899 -0.252386 -0.33556 -0.577307 -0.557115 -0.486542 0.113475 0.73663 0.899732 -0.330146 -0.599196 -0.0265109 -0.0689694 0.53595 -0.332706 0.580364 1.3715 -0.459779 0.399582 0.783133 1.965 -0.0831569 -0.336069 -1.11028 0.881485 -0.55277 -0.0877824 -0.798611 -0.683029 1.08876 -0.0745896 -1.28257 0.744842 0.789498 1.6153 0.417856 -0.143737 -1.31388 0.291037 -1.33388 0.680711 0.4519 -0.532026 0.847919 0.862809 0.46612 0.663385 
-0.622109 0.48641 0.274262 -1.05007 -0.941398 -0.333688 0.403554 -0.517952 1.33331 0.789267 -0.255612 -0.391241 -0.0544078 0.9123 -0.213792 -0.829282 -0.955717 0.35686 0.346902 0.129991 1.22854 -0.52235 -0.590607 0.171946 -0.424996 0.821145 0.385618 0.372742 0.351563 0.347881 -0.0747939 -2.01311 -0.643809 0.602653 -0.400414 -0.43535 -1.21251 0.0746592 -1.11698 -0.801167 1.33063 0.0653925 -0.759245 0.588079 0.512213 0.0866773 0.430027 0.864047 1.94819 -1.12038 0.0774185 0.35143 1.25458 -0.284821 0.223646 -0.222354 -0.161917 0.595905 0.807841 -0.918878 -0.780349 0.335381 1.2455 0.755111 
0.119541 0.572869 1.12073 -0.328484 -0.657233 0.260367 -1.11 0.602449 -0.0178721 0.959738 -1.67866 -0.2887 -0.1302 0.0555101 -0.30216 -1.03516 0.796441 0.422184 -0.481816 1.69409 -0.533215 1.32149 0.158153 -0.932875 0.1189 0.736714 0.284865 0.672417 -0.187338 0.514785 0.215552 -1.91298 -0.00949309 0.286081 1.31721 1.01703 0.875638 0.69996 0.437689 -0.0804128 -0.471893 0.84012 -0.376717 -0.384169 -1.11081 0.551095 0.0791041 -0.614685 0.493344 -0.18145 0.515109 -0.0475433 0.530065 0.169357 0.750767 -0.175785 1.57774 -0.13891 0.0987792 0.481667 -0.700315 -0.589809 -0.6244 -0.0473203 
-0.143283 -0.139274 0.0244626 -1.60459 0.51403 1.10339 -0.434366 1.58448 -0.965932 0.74263 -0.401823 0.924751 0.185857 0.451152 0.991726 -0.201716 0.602013 0.651304 0.273881 -0.103394 -0.738126 0.399639 -0.846889 1.60711 -0.812256 0.605782 -0.143827 1.13939 -0.153071 -0.182146 -0.000956785 0.8707 -0.293374 0.176762 0.198346 0.203743 -1.75872 -0.310101 0.715855 -2.20376 -0.0111936 -0.706853 0.918987 0.160078 0.0238071 -0.655492 0.977408 -0.806144 0.328147 -0.168944 -0.616615 0.90775 -0.695682 0.619564 -0.553003 0.956089 -0.366462 0.654794 0.458773 0.275221 0.276253 -0.697562 -0.116363 -0.722892 
-0.601162 -0.537365 0.0885729 -0.730068 0.0498643 -1.58926 0.330949 -0.927447 1.13076 0.0628818 -0.164573 0.205207 -0.165294 0.895536 0.356649 1.11297 0.678943 -0.457021 -0.997743 0.908641 0.802583 1.34541 0.644707 -0.923358 0.341869 0.136644 -0.678037 0.435514 -0.157906 -0.0393804 -0.359456 0.490712 0.156697 -0.453391 -0.448591 1.43714 -0.568323 0.407541 0.917812 -0.368107 -0.596735 -0.339465 -0.0536991 -0.108895 1.14838 -1.59104 0.772033 -0.587296 -0.494778 -1.26592 -1.15003 -0.249432 -0.527089 1.54297 -0.117825 -0.248506 -0.359891 0.64259 -0.622849 -0.119815 0.193523 0.793986 -0.503894 1.46336 
0.132839 -0.449924 -0.941394 0.287298 -0.330835 -0.414369 0.785538 -0.848533 -0.204008 1.4949 1.02991 -0.664716 1.36336 -1.09792 -0.551866 1.15554 0.269721 0.741293 0.321007 -0.849589 0.313856 -0.333023 -0.58821 -0.438573 0.124885 -1.76684 0.359335 -0.140599 1.52471 0.492097 0.40387 0.196197 -1.40332 0.991453 -0.359856 0.0681473 -0.505102 1.82208 1.31295 -0.172172 0.370612 -0.11316 -0.706257 0.0251598 -0.610309 -0.71802 0.196343 -0.749166 -0.239319 -0.657614 0.902057 0.170947 -0.837997 0.0244411 0.594221 0.354087 0.762742 0.273502 0.249958 -0.316857 0.203899 -0.717151 -0.0562195 -0.81199 
1.00213 -0.460628 0.423322 -0.0240885 -1.56351 -0.888258 0.518937 0.757076 -0.186317 -0.0396071 -1.27088 -0.473914 -0.200281 -1.74376 -0.44399 -0.313263 -0.319605 0.229469 -1.32446 -0.505464 0.229647 -0.58793 0.983068 -0.738489 0.245481 -0.104293 -0.0511098 0.568902 0.392976 -0.769016 -1.1458 1.27176 -0.0236401 1.13252 -1.91972 -0.733879 -1.19799 0.347865 0.379975 -0.145537 -0.907876 -0.794742 0.602422 -0.726626 0.822992 -0.0774613 0.0218205 -0.377731 -0.01121 -0.340212 -0.0761078 -0.255408 0.77942 -0.26169 0.828165 -0.446233 0.171443 0.336008 0.248586 -0.0749584 0.881546 -0.499709 -0.0693836 -0.321252 
-0.0203223 -0.746086 0.565099 -0.125296 -0.411302 0.814888 0.160622 -0.957669 0.206887 0.933439 0.807528 -0.275626 0.544777 0.629699 -1.01283 -0.994267 -0.931407 0.559628 0.33802 0.206589 -0.516924 -1.19411 -0.407158 -0.12382 0.526621 -0.951902 1.13194 0.819409 -1.28117 -0.669887 0.168661 -0.39718 0.592477 -0.534714 -0.251566 1.21368 0.0703069 -0.243 -0.296564 0.661765 -1.346 0.983162 0.238029 0.870398 1.0023 1.78503 0.0985244 -0.728396 -0.0195251 -0.604982 0.0841835 1.35068 -0.362506 -0.985089 -0.880011 0.256449 -0.423886 0.3598 -0.572638 -0.341075 2.10374 0.255187 -1.46192 0.752543 
-0.422679 0.213091 0.516566 0.301636 0.790231 -1.29445 0.336996 0.517725 0.799576 -0.169323 0.132216 -0.807288 -0.0770533 -0.152076 -0.0124438 0.294855 0.569539 0.164123 1.06124 0.67421 -0.937847 -0.402013 -0.154471 0.835527 0.256958 -0.222635 -0.0344559 0.44799 0.72969 -0.298048 0.886065 0.872979 -1.55483 -0.267764 0.17187 0.232217 1.47486 -1.47275 0.0401036 -0.80422 -0.326387 0.455267 -0.228875 -1.34788 0.568399 1.64105 0.618424 1.26394 -1.24005 0.408198 0.279131 -0.441272 1.16723 -0.826219 -0.156274 0.124623 0.700379 1.07857 0.962786 0.249409 0.356008 -0.69527 1.23066 -0.159709 
0.276535 -0.588935 -0.330413 1.112 -0.35795 0.645024 -1.02291 -0.244298 -0.567529 -0.505374 -0.725256 -0.532621 0.546913 -0.824737 1.91757 0.677155 -0.280457 -0.37673 0.00404722 -1.08965 -0.139656 0.103889 -0.698784 -0.463419 -0.476375 -0.493976 0.570615 0.808373 1.1548 0.595824 0.335633 0.320333 1.42911 0.250455 -0.494298 0.131324 0.290989 -0.155426 -0.244334 0.197614 0.206145 -0.492288 -0.238568 0.490956 -0.214459 0.484934 1.17645 0.442294 0.859476 -0.443508 -0.0401677 -0.193413 -0.0920351 -0.286411 0.56128 0.970484 0.735266 1.31799 0.641773 0.168955 -0.650027 1.41942 -0.528564 1.04367 
-0.207027 0.103528 -1.66019 1.4877 0.255346 -0.475917 0.979495 -0.260269 -0.112496 0.0628281 -0.528489 0.164573 -0.586854 1.01624 -1.47418 -0.364938 -0.142589 0.65342 -0.0576945 0.53471 -1.34461 0.463306 1.46917 1.38905 -0.771616 -0.452468 0.0856029 0.180413 0.00250722 -0.393956 -0.839145 -0.269839 -0.0608001 -0.653847 -0.743077 0.563206 -0.400096 0.901512 0.358262 -0.0578274 -0.135387 0.213198 -0.123558 0.0138613 -1.72017 0.839714 2.38968 1.60516 0.434529 -0.281026 -0.195102 0.690001 0.628166 0.584783 0.488431 -0.273738 0.178464 0.307322 -0.288603 -0.802216 0.216979 -0.453632 -1.17342 -0.638642 
-1.14753 -0.480505 0.488937 0.119595 -0.0312458 0.559321 -0.486803 0.252153 0.444808 -0.225534 1.13035 0.111042 -1.17447 -0.769897 0.803715 -0.408039 0.102951 0.840485 0.517452 -1.16239 -1.05918 0.121883 -0.0261883 -0.0338071 0.582302 -0.917142 -0.51393 0.560335 0.530386 -2.1759 -0.0386377 -0.643096 -0.396376 -0.526469 -0.681623 0.160542 -0.231508 0.221313 0.960659 0.0907255 1.8705 0.12606 0.619853 -0.49174 -0.0190052 0.0991315 0.262659 -0.0235029 -1.07776 -0.254877 1.353 -0.160129 0.697844 0.972732 0.353013 0.269244 1.10776 0.238291 -1.57772 -1.98152 -0.603661 0.807656 0.285343 0.262211 
0.909189 0.302405 0.89443 0.143164 -0.0396082 0.872361 1.74092 0.387908 0.0183528 0.610792 -0.213051 -0.288155 0.542512 0.438325 -0.327685 -0.440922 -0.315825 -1.12106 0.221515 -1.4171 -1.48111 -0.467704 -1.14839 -0.469127 -0.513995 0.482062 -0.411723 -0.175643 0.197318 -0.617113 -0.31333 -0.299595 -0.134962 0.0380635 0.246981 0.618549 -1.03935 -0.312359 -1.2686 -0.121371 -0.997459 -1.4816 -0.31639 -0.426934 0.12595 0.434692 0.993832 0.97728 -1.32452 -0.917846 0.657022 -0.812177 -0.129674 0.196189 -0.283615 0.165825 0.436864 -0.266344 -0.681869 0.224971 -1.36036 -1.52377 -0.771811 1.05542 
-0.173016 0.0790283 0.037335 1.46225 0.242231 0.432884 -0.425939 -0.578728 -0.0127482 -0.000233907 -0.659262 1.27319 -0.292289 1.09254 0.140654 -0.169386 -0.148276 -0.954569 -0.258215 -0.0113053 -0.447081 -0.531376 -1.28918 1.31603 1.49369 -0.682568 -0.344485 0.402547 -0.698727 0.0609322 -0.119212 1.65312 -0.566455 0.713888 -0.799011 -0.085511 0.826647 0.96056 -0.931199 -0.443901 0.00577947 0.258456 -0.328368 -0.0200296 1.10922 -0.37374 -0.53975 -0.0499964 0.13736 -0.528757 -0.158106 0.0180148 1.35668 0.517462 0.587765 -1.06867 0.162327 -0.448967 -0.447904 0.263394 -0.734211 0.569238 -0.959516 0.0836506 
0.600516 0.539265 -0.402872 1.05345 0.0422491 0.757186 -0.0939587 -1.10185 0.24346 0.219292 -0.124893 0.462547 0.394257 1.19402 0.123692 0.0174365 0.980921 -0.119591 -1.50666 0.215085 1.40921 0.747948 -0.687786 -0.0246 1.68882 0.417235 0.577985 0.250274 -0.110942 -0.700976 0.0499645 0.122893 -0.571902 -0.690675 -0.800295 -0.977386 0.136123 -1.47238 0.454193 0.336631 -0.299762 -0.320063 0.371581 0.430742 0.315884 0.00674184 1.91172 -1.70155 -0.481747 0.562936 -0.44477 -0.296609 -0.254878 -0.277613 -0.838975 0.105831 0.666264 0.680136 0.20576 -0.0843929 0.0920046 -0.839772 0.846008 -0.142741 
-0.909139 -0.250889 -0.0937503 0.353478 -0.35947 -0.84465 0.154086 -1.29977 1.11846 -0.21089 -0.549525 -1.94243 -1.89633 -0.601058 0.392882 -1.16205 0.807064 -0.662152 0.520296 0.225006 0.934568 -0.537784 -1.20586 0.092576 -0.957214 0.954978 -0.237417 0.117287 -0.36117 1.11606 -0.841194 1.09465 -0.195317 0.855165 0.700377 -1.04796 0.0502089 -0.89333 -0.15263 0.451281 -0.223231 -0.472513 -0.904676 0.144374 -0.923374 -0.47746 1.13904 -1.11541 0.101879 0.274482 -0.761565 0.705459 -0.949976 1.23417 0.347605 0.575409 1.52675 -1.38289 -0.587137 0.310172 0.755307 0.259262 0.291631 0.676519 
-0.0900344 0.277735 0.639863 0.706264 0.349933 -1.10982 -0.64555 0.17509 0.864342 0.013411 -1.39013 0.15395 0.262876 -1.50821 0.200812 -0.404312 -0.0577772 1.21917 -0.392131 0.382511 -1.04783 -0.351069 -0.522313 -0.326879 -0.220985 -0.120103 -0.411002 -1.48718 -0.437478 0.7707 -0.478002 -0.742751 0.801434 -0.465928 -0.211038 1.22578 -0.739707 -0.943058 -0.747715 -0.842269 0.824439 1.05344 -0.470048 1.07839 0.519141 -0.737604 0.159343 -1.25636 -1.1023 1.05773 -1.19801 0.112601 0.0583443 1.16347 0.404377 -0.527859 0.355745 0.0312784 0.908657 0.750947 -0.616326 -1.83043 -0.888868 -0.159452 
-0.870871 -1.10012 -0.606769 -0.551728 -0.265788 -0.330097 0.120385 -0.153352 1.3012 0.0220148 -0.624604 0.318043 -1.25598 -0.599948 -0.16825 0.524439 0.856797 -0.686151 0.259627 0.508078 0.497195 0.560128 -0.467635 0.427795 0.228764 0.932968 0.23112 -0.106561 0.552954 -0.704824 -0.36355 -0.979589 0.28758 0.272613 -0.0685083 1.62965 -0.708158 -1.65358 -1.02729 0.405648 -0.572371 -0.775637 0.717965 0.385647 0.519447 -1.7017 0.1268 0.242725 0.156268 0.168502 1.19228 0.183907 0.772507 -0.0221125 -0.295416 -0.497805 -1.2226 -0.0606098 0.276891 0.356891 0.403237 0.0791218 -0.64147 -1.34595 
0.316069 -0.241639 1.06896 0.731693 0.354659 -0.9302 0.323823 -0.228998 0.19362 -1.01606 -0.493304 -0.7354 0.139926 0.0448786 1.12081 0.408008 -0.900706 -0.727659 -0.548894 -0.978047 0.343825 0.077459 0.312831 1.08032 0.76689 0.405593 1.28148 -0.0701988 -0.0474577 0.218782 -0.356692 -0.0979072 -0.641356 -0.0627239 1.19218 0.76314 0.353224 -0.0289559 1.53694 -0.10782 -0.613788 0.693366 0.337691 0.571975 0.633365 0.962221 0.41233 0.268608 1.16687 -0.392312 1.13729 0.324586 -0.387023 -0.169759 0.844292 0.385318 -1.67565 -1.24386 -1.1019 0.127751 -0.6969 -1.04667 1.054 -0.173296 
0.650598 -0.360639 0.232925 1.38602 -0.460721 0.389755 -0.0923894 -0.1564 -0.458245 1.62894 -0.802986 -0.317659 -0.736953 -0.677048 -0.314675 0.136661 -1.49342 0.291982 0.155791 0.508163 -0.28746 0.191721 -0.679414 1.81962 0.00355995 0.749836 2.07387 -1.493 -1.37266 -1.33994 -0.33689 -0.198384 -0.0765398 -0.0819818 0.985944 0.175123 0.0596807 0.653055 0.0649841 1.23672 0.381165 -0.0671618 -0.238796 -0.918371 0.436571 -0.602471 0.201837 0.185021 0.0491832 1.01013 0.189622 -0.581961 0.035941 -0.225276 -0.768597 -0.457873 -0.276171 0.329986 0.791511 -1.03841 -0.720178 0.753991 0.156072 -0.201924 
-0.135162 0.510489 0.688497 -1.47418 0.18442 -0.97157 0.47098 0.963539 -1.2741 0.693921 -0.202468 -0.0362268 0.143473 -0.368621 -1.42892 -0.313157 -0.0187582 -0.258047 -1.56773 -0.0768215 -0.58642 -0.535602 -0.811435 0.357677 0.613852 -0.954566 -0.265521 -0.498805 -0.495763 0.609799 0.0980006 0.755353 -0.222034 -1.61313 -1.28929 -0.506849 0.661651 -0.123847 -0.407558 1.26547 0.462645 0.724738 -0.809804 -0.151603 -0.462804 -1.20372 -0.140812 0.148449 0.74722 -1.05136 1.13327 0.210968 0.179202 0.30855 -0.216116 1.19294 0.0253284 -0.0539597 -0.449626 -0.509314 0.474397 -0.53144 0.355096 0.1538 
-0.256571 0.271243 0.291613 -1.25993 -1.12859 -0.899977 -0.50253 -1.10121 0.346713 -0.841547 0.46702 1.57377 0.534517 -0.182473 -0.255403 -0.971594 -0.621179 1.60829 -0.31013 -0.548533 0.592618 0.140097 0.106041 -0.587331 -0.606504 -0.403469 -0.896582 -0.818887 -0.648968 -1.15076 -0.0376724 0.394951 -0.454614 0.342526 0.578014 -0.554654 0.43978 -0.814456 0.452631 -0.648871 -0.925524 -0.899539 -0.600923 0.751369 0.540474 0.121101 0.775549 0.749708 -0.211045 0.511543 0.436256 1.93637 0.0264814 0.472995 -0.173026 -1.12819 0.894247 0.35296 -0.443741 1.30748 -1.11936 -0.347424 0.27878 -0.623025 
-0.0775354 -0.305478 -1.19105 -1.06986 0.241088 0.491519 -0.0526484 -0.752357 -0.268127 -0.496145 -1.15052 -1.31955 -0.0571052 -0.0799803 0.188601 -0.579737 -0.44713 0.719729 0.388598 -0.370835 -0.924737 0.172506 0.233582 -1.08937 0.638268 0.630523 -0.424004 1.03165 -1.24884 -0.647893 0.969151 0.408119 -0.298525 0.382024 -0.0861773 0.0929747 -0.179897 -0.75336 -0.123949 -0.489029 -0.962659 -0.255251 -1.35728 0.342265 -0.494647 -1.31445 0.153065 0.0408637 0.184953 -0.985576 -0.783372 -1.62381 0.389905 -0.474444 -0.299052 0.1063 -0.6768 -0.270791 -0.772812 0.0505722 0.471299 0.815771 0.458127 -2.47885 
0.538945 0.922811 -0.295555 0.180651 0.226226 -0.658615 -0.496581 0.137141 -0.103315 -0.305925 -0.497568 -0.0535769 -0.472729 1.27375 0.566174 0.24201 0.516224 0.663046 0.0905988 1.0046 -0.35181 0.512085 -0.910578 -0.746519 -1.69883 -2.54982 0.470617 0.615568 -0.220205 -1.3139 0.730642 0.70298 0.213935 1.44974 -0.326242 0.267736 -0.64437 0.593008 -0.414291 1.66804 0.37504 -0.470777 0.689327 0.511977 0.34011 -0.289558 -0.29065 -0.086379 0.244695 -0.209683 0.165003 0.315875 -0.0572324 -0.511903 -1.19013 0.270951 -0.16729 -0.509166 -0.622747 -0.0123064 0.273602 -0.445458 0.87623 0.171148 
0.761866 0.0892531 -1.16743 -0.126389 -1.04537 0.153295 0.855633 0.0436587 0.434826 -0.903906 0.434239 0.742993 1.20901 -0.530459 0.571648 0.523342 0.744848 1.13801 0.473052 1.04519 -0.293006 -1.13108 -0.768851 0.050103 -1.09585 0.887757 0.160996 0.0108075 -0.000159359 -0.862642 0.706824 0.498811 -0.223699 -0.283935 0.394396 0.852361 0.229327 -0.0910511 1.17007 0.438146 0.236255 0.0560415 -0.0615386 0.615803 0.674167 -0.0575667 0.30118 -0.258682 0.274566 -0.96184 0.2274 -0.315861 1.78717 0.320989 -0.0103299 0.449222 -0.45816 -1.30587 0.307912 -0.988631 -0.869518 0.59654 -0.348214 0.553199 
-0.679112 -0.384717 0.566214 0.264831 0.313202 0.400338 0.654671 -0.000367747 0.398131 -1.18495 0.0235682 -0.352929 0.549909 1.26127 0.166588 -0.685641 -1.88874 -0.152941 -1.72833 -0.597934 0.170437 0.943138 -0.166062 -0.771516 -1.01926 0.255766 -0.214121 -0.277167 1.01783 -0.366316 0.684464 0.601752 -1.41373 -0.393168 -0.356507 0.173159 -1.7443 0.435692 -0.51398 0.772911 0.0580562 0.141042 0.318342 -1.52489 -0.0874483 -0.452926 -0.426299 -0.663814 -0.181183 1.05202 0.436294 -0.155053 1.15914 1.15782 -0.304812 0.68897 0.427452 0.0165225 0.183542 0.836322 0.828996 0.795875 -0.474151 -0.908629 
0.074282 0.679507 -0.396314 0.41036 -0.291866 -0.0773192 0.133013 1.12559 1.25207 1.45396 0.893301 -0.304066 0.162142 -0.135912 1.01027 -1.62885 0.185627 -0.219531 -1.26582 -0.407133 0.759767 -0.061171 1.52405 1.30448 -0.351852 0.175785 -0.759391 -0.457679 -0.163991 -0.682269 0.856918 0.671236 -0.220988 0.363767 1.11211 0.578429 -0.79615 -0.444673 -1.24297 -0.838843 0.244853 0.560208 -0.47255 0.22257 -0.885308 0.00118851 0.00382173 -0.652308 0.568775 0.665043 1.07132 -1.18801 -0.110189 -0.451481 0.138729 -1.23914 -0.133934 0.233568 -0.412919 -0.791962 0.698344 0.370711 -0.687815 1.2566 
-0.793268 -0.533574 -0.306261 0.135014 0.35421 -0.281826 0.401994 0.528961 -1.70895 -0.189047 -0.0870994 -0.492264 0.872781 -0.780192 0.506201 -1.1335 -0.0933469 -0.69535 -0.255795 1.18643 -0.889491 -1.23149 0.1183 0.44861 0.767809 -1.38743 -0.186692 0.0501294 0.2101 -0.161258 0.178984 -1.21963 -1.44698 0.0988919 0.0579127 -0.449702 -0.24755 0.507849 0.608943 1.26591 -0.450626 -0.964735 0.611309 -0.174672 0.583515 0.564199 0.801728 -0.549406 0.335416 0.578228 -0.81163 0.267535 0.975891 -0.200922 0.865784 0.199961 -0.693135 0.623847 0.287621 0.353797 -0.878355 1.27658 0.649753 0.969592 
0.334236 -0.666779 0.480103 -0.335022 -0.0224852 -0.00394361 -0.158575 -0.51312 -0.280756 -0.243473 0.225679 0.170533 0.232674 -0.0336801 0.976455 0.33984 0.268556 -0.42586 -0.141837 -0.10543 -0.608843 0.469314 1.36297 -1.00233 -0.443652 0.845812 -0.904455 0.636573 -0.315578 0.457707 -0.10589 -0.151841 -0.764832 1.64746 0.0706457 -0.159967 0.551536 -0.0945078 -0.243138 0.516623 1.7096 -0.311434 -1.79312 0.919717 0.93356 -0.310822 1.51043 -0.206346 -1.10897 0.194524 -0.292051 0.40136 -0.245728 0.354814 -0.094197 0.721127 -0.996821 -0.482313 -0.385766 0.567682 0.904222 -0.981568 -1.0237 -0.459759 
-0.647333 0.506352 -0.353302 -0.024447 0.369929 -0.947428 0.0600588 -1.09584 1.1544 0.0628716 -0.29022 -1.08115 0.139309 -0.0354362 -0.40313 1.19585 0.168658 -0.0838465 0.114947 0.56001 -0.9726 0.289957 -0.391877 0.557906 -0.0799335 0.374045 -0.650714 0.17648 -1.18038 -0.996237 0.257376 0.290235 -0.461365 -0.012524 0.451338 -0.897821 -0.172342 0.911034 -0.416373 -0.533493 0.158761 -0.542418 1.38505 1.23524 0.257631 0.885397 -1.4738 -0.271387 0.747233 1.14312 0.189264 -1.25021 -0.528953 1.26709 0.629828 1.66686 0.542317 1.40177 0.0127395 -0.07012 0.293996 -0.382791 -0.753617 0.118391 
