8.23367
8.20372
8.18064
8.02502
6.89439
6.65568
6.97694
6.8845
6.98014
6.04095
6.7221
6.61557
6.92969
6.81451
7.09092
7.24833
6.13177
6.1791
6.75286
6.45091
6.33616
6.75107
6.19139
6.8892
6.84623
6.91261
6.29888
5.98459
6.93399
6.9085
6.77987
6.79797
6.60584
6.86278
6.84312
6.43915
6.30044
6.87829
6.67136
6.8696
6.13308
6.33773
6.33828
6.30461
5.42577
6.71811
6.15374
7.29464
6.35245
6.96594
7.13738
6.3912
6.49934
6.52872
5.99844
6.50282
7.0286
6.11293
6.56185
6.54568
6.70363
5.80594
6.99923
6.66302
6.17272
6.35728
6.25779
5.88705
6.39108
6.54987
6.03541
6.74415
7.30227
5.89755
5.60383
5.76269
6.3624
6.95754
6.89929
6.31694
6.84135
6.72405
6.7525
6.51757
6.35734
6.88542
6.5637
6.67001
6.26244
6.59918
5.89807
6.43182
7.03661
6.74543
6.37492
6.37811
6.5616
6.05121
6.41649
6.3306
7.16061
6.40859
6.9678
6.91179
6.7963
6.59879
6.29275
6.31578
6.61187
6.61568
5.99254
6.60116
6.41838
6.57807
