120 64
-0.385213 0.00683955 0.123782 0.00481813 -0.00320038 0.076749 0.232015 0.175743 -0.240942 0.320096 -0.296859 0.213344 -0.206562 0.0930555 0.152839 0.10147 -0.0874713 0.313858 -0.487028 -0.394174 -0.132442 0.459852 0.572349 -0.112211 0.0366122 -0.235768 0.4101 0.381912 -0.262892 -0.386985 0.480103 -0.303074 -0.196537 0.0857424 0.108712 0.759163 0.100093 -0.385703 -0.459601 -0.0861147 0.59364 0.353056 0.152855 0.0198731 -0.0455537 0.439827 0.351865 -0.470754 0.142024 0.706878 0.612167 0.0103235 0.313265 -0.269201 -0.273716 -0.199472 0.142257 -0.572733 -0.143168 -0.303738 -0.00793657 -0.00135371 0.445068 0.189634 
-0.162117 0.0171 -0.104209 0.0785472 0.0446839 -0.250275 0.079531 -0.0330522 -0.278096 0.109022 -0.244828 0.0432284 -0.0014624 0.113776 0.140341 0.217362 -0.13889 0.291978 -0.471841 -0.151713 -0.177149 0.320307 0.398877 -0.234556 0.0921098 -0.287259 0.428881 0.251343 -0.288175 -0.490154 0.400833 -0.408836 -0.287271 0.170224 -0.0293564 0.426814 0.115617 -0.161505 -0.143194 0.00713602 0.513166 0.23124 0.155515 -0.169318 0.0357468 0.519289 0.248493 -0.309053 0.0822704 0.492878 0.456199 0.33876 -0.0424212 -0.184072 -0.259589 -0.134364 -0.0124738 -0.336634 -0.119085 -0.222978 -0.117315 0.0263742 0.199311 0.255017 
-0.0736064 0.0855982 -0.157016 0.0623028 0.0890582 -0.0903419 0.0312229 0.0116857 -0.152942 0.132267 -0.128149 0.291331 -0.042246 0.0954738 0.182603 0.182812 -0.146103 0.327921 -0.42561 -0.162324 -0.114856 0.421978 0.265587 -0.325496 0.11606 -0.294185 0.505463 0.264182 -0.289983 -0.501105 0.380226 -0.446416 -0.296963 0.0972625 0.134458 0.430108 -0.00326845 -0.131765 -0.0834371 0.158184 0.530465 0.350955 0.00468722 -0.169858 0.0594656 0.452214 0.3041 -0.268377 0.142522 0.45947 0.469171 0.260717 0.0894337 -0.201078 -0.230853 -0.198548 0.145186 -0.357611 -0.167155 -0.222428 -0.225339 0.182092 0.227346 0.163321 
-0.118564 -0.0592481 -0.120923 0.0557681 0.0974851 -0.255094 -0.0892857 -0.106115 -0.243388 0.0146748 0.0256593 0.203357 0.226123 0.150324 0.0807412 0.281392 -0.14924 0.314695 -0.37338 -0.119264 -0.164623 0.337687 0.285486 -0.371897 0.144782 -0.228869 0.405842 0.30163 -0.238319 -0.419065 0.263025 -0.475726 -0.332539 0.0920367 0.124738 0.313551 0.169651 0.0568764 -0.0306969 0.171381 0.558859 0.246879 0.1965 -0.110272 -0.00129844 0.343494 0.262753 -0.24755 0.0704789 0.36003 0.317888 0.318338 0.0894242 -0.302122 -0.181837 -0.13257 0.0635975 -0.250233 -0.122634 -0.111413 -0.272903 0.0660334 0.0491941 0.202408 
-0.162379 -0.0416355 -0.248574 0.00714066 0.16259 -0.194431 -0.0899196 -0.150225 -0.25206 0.114503 0.0203901 0.185956 0.192984 0.100788 0.0631423 0.20463 -0.117168 0.305551 -0.389294 -0.0361357 -0.204251 0.344731 0.167728 -0.355259 0.141879 -0.204279 0.418847 0.274551 -0.210485 -0.441829 0.279885 -0.546013 -0.382783 0.187063 0.267034 0.386127 0.190869 0.0527152 -0.0517533 0.257063 0.491828 0.119919 -0.0013873 -0.103441 -0.0118388 0.261081 0.286579 -0.199814 0.0648557 0.294408 0.277444 0.318244 -0.0130374 -0.323882 -0.174655 -0.198546 0.082377 -0.217198 -0.120384 -0.0573377 -0.329732 0.0898169 0.0535726 0.122153 
-0.151698 0.0156459 -0.163738 -0.0556314 0.140981 -0.312563 -0.104045 -0.196002 -0.263407 0.0385472 0.0236545 0.268023 0.215214 0.0160478 0.0409621 0.153564 -0.127786 0.255733 -0.377222 -0.000146369 -0.201138 0.396658 0.203304 -0.36446 0.12881 -0.240336 0.45162 0.32004 -0.233301 -0.379749 0.280398 -0.543013 -0.404067 0.193156 0.315975 0.328744 0.183953 0.0385045 -0.0916614 0.213348 0.466431 0.133294 0.0455515 -0.083069 -0.0213739 0.226016 0.267446 -0.176424 0.107395 0.351792 0.275781 0.352623 -0.00983891 -0.326837 -0.244724 -0.17634 0.00657025 -0.209514 -0.0799474 -0.057773 -0.310071 0.0602353 0.107065 0.152717 
-0.170471 -0.0617266 -0.245982 0.00269657 0.212094 -0.309204 -0.110169 -0.105842 -0.21998 -0.0455838 0.00897009 0.275874 0.199515 0.0291779 0.0298655 0.131705 -0.116696 0.192382 -0.374425 0.0021403 -0.182688 0.300745 0.156284 -0.345984 0.103891 -0.251611 0.463899 0.287906 -0.165741 -0.361789 0.354842 -0.580461 -0.351597 0.180923 0.322712 0.318092 0.227895 0.046065 -0.0196967 0.189878 0.400714 0.0891573 0.0554846 -0.151194 0.00465337 0.183459 0.287921 -0.184147 0.0611559 0.20902 0.254507 0.403292 -0.0574642 -0.39135 -0.199412 -0.256273 0.0686259 -0.123395 0.0096127 -0.0859542 -0.284309 0.0291917 0.0195727 0.0718479 
-0.174343 -0.0637288 -0.182096 -0.0512868 0.19601 -0.340372 -0.14806 -0.173406 -0.242597 -0.0651262 -0.0385612 0.241586 0.277726 0.0151777 -0.0588205 0.114204 -0.115681 0.20857 -0.342919 0.0745662 -0.186306 0.397145 0.172936 -0.408784 0.0342455 -0.241625 0.452643 0.305422 -0.181199 -0.321484 0.251335 -0.536188 -0.475221 0.25375 0.429926 0.282679 0.238295 0.0941151 -0.134641 0.154317 0.436681 0.145462 0.0845129 -0.0573302 -0.072211 0.100815 0.266004 -0.164666 0.0847725 0.211824 0.251718 0.224451 -0.126446 -0.424917 -0.154852 -0.19887 0.108871 -0.077656 -0.0375976 -0.00246302 -0.366113 0.00560195 0.0428826 0.0824626 
-0.282225 -0.129429 -0.157102 -0.0421814 0.159632 -0.366505 -0.186056 -0.20982 -0.265281 -0.0753535 -0.0421853 0.232675 0.325022 0.0628597 -0.0817184 0.0647496 -0.0921791 0.157541 -0.28568 0.211157 -0.230376 0.459617 0.222185 -0.486526 0.0713475 -0.22032 0.416017 0.347333 -0.193648 -0.249983 0.20366 -0.501598 -0.36384 0.224438 0.537015 0.236035 0.352313 0.130394 -0.118631 0.19769 0.384213 0.0574833 0.013788 -0.0147673 -0.0841935 0.0827175 0.317129 -0.158582 0.00904714 0.246456 0.156733 0.317343 -0.0287818 -0.476924 -0.225698 -0.149339 0.118626 -0.113051 0.0672886 0.0127165 -0.42284 -0.0329301 0.00547845 0.144593 
-0.224061 -0.193785 -0.297624 -0.108983 0.181694 -0.297209 -0.18161 -0.209489 -0.21899 -0.0867421 0.0260783 0.323569 0.349409 -0.0267858 -0.0478243 0.0626747 -0.117638 0.13387 -0.293161 0.176924 -0.176492 0.353292 0.151747 -0.397157 0.0846095 -0.209172 0.424289 0.320594 -0.115387 -0.304341 0.157087 -0.555407 -0.434229 0.186061 0.40176 0.283706 0.32088 0.143774 -0.159644 0.21713 0.384822 0.0382829 0.030042 -0.0268477 -0.0213053 0.0769888 0.260383 -0.0848253 0.0447909 0.229019 0.226984 0.345846 -0.133425 -0.426017 -0.221788 -0.254522 0.127575 -0.0612042 -0.055207 0.0113688 -0.255033 -0.0709029 0.0437531 0.099234 
-0.241726 -0.174103 -0.188773 -0.093574 0.222538 -0.347587 -0.187885 -0.14819 -0.228119 -0.0838649 0.0299441 0.310208 0.356227 0.0134868 -0.0886401 0.049462 -0.145517 0.177509 -0.382543 0.127825 -0.215028 0.385404 0.0883737 -0.395071 0.0688986 -0.252157 0.417621 0.302814 -0.104079 -0.278559 0.196887 -0.470617 -0.368445 0.246115 0.515138 0.226611 0.292964 0.100003 -0.111505 0.105973 0.348199 0.111012 0.0598958 -0.00184526 -0.0212373 0.0320046 0.330187 -0.163723 0.00702007 0.207897 0.21547 0.316346 -0.149227 -0.448166 -0.153232 -0.20186 0.0715071 -0.0447466 0.064514 0.0510251 -0.253321 -0.0347245 0.0640445 0.054956 
-0.160794 -0.250999 -0.206117 -0.0524471 0.18893 -0.344511 -0.143294 -0.169595 -0.252318 -0.133095 -0.00993703 0.261696 0.343858 0.031837 -0.067877 0.0901546 -0.105526 0.12009 -0.253998 0.23111 -0.328991 0.378941 0.135931 -0.425644 0.0708275 -0.171316 0.39053 0.257304 -0.0859239 -0.254944 0.140751 -0.551489 -0.400463 0.258356 0.511455 0.17853 0.331176 0.192993 -0.113671 0.233544 0.305712 -0.045417 0.032834 0.0523952 -0.019034 0.116559 0.240985 -0.0571403 0.0379356 0.180793 0.188269 0.304435 -0.17697 -0.465826 -0.192339 -0.232077 0.0674611 0.00191649 0.0160903 0.103428 -0.25568 -0.0602807 0.0192326 0.110469 
-0.265009 -0.162612 -0.266865 -0.151054 0.198413 -0.396588 -0.227725 -0.167636 -0.219591 -0.167629 0.0593153 0.302331 0.349614 0.00536638 -0.06495 0.0825991 -0.121611 0.115049 -0.271427 0.171154 -0.273927 0.337109 0.0727989 -0.323777 0.0282105 -0.178323 0.351043 0.281946 0.00811121 -0.208376 0.137554 -0.597975 -0.393832 0.249098 0.5337 0.17978 0.316149 0.0832813 -0.127755 0.139548 0.251368 -0.0206837 0.0307597 0.0486793 -0.0525245 0.0731248 0.345971 -0.0812643 0.0922852 0.148933 0.21817 0.354487 -0.1684 -0.48896 -0.159271 -0.16987 0.121254 0.0586324 0.0292341 0.136983 -0.295824 -0.104601 -0.0245312 -0.00273581 
-0.319243 -0.167349 -0.233482 -0.107644 0.175126 -0.382078 -0.200254 -0.151255 -0.261349 -0.181947 -0.0299914 0.279605 0.303304 -0.00507139 -0.109431 0.0145252 -0.087707 0.126375 -0.292141 0.257228 -0.353649 0.258402 0.147573 -0.463741 0.0306948 -0.180143 0.356248 0.212048 -0.0467551 -0.178138 0.117322 -0.513365 -0.39363 0.273657 0.557794 0.106432 0.388639 0.219663 -0.171217 0.188811 0.242946 0.000606795 0.0654075 0.0686507 -0.0853431 0.0618498 0.308022 -0.139945 0.0184926 0.0934733 0.168473 0.290809 -0.184668 -0.5193 -0.229031 -0.170987 0.104232 -0.00941834 0.00938709 0.0994785 -0.292035 -0.10301 0.0251958 0.127409 
-0.30439 -0.19577 -0.131844 -0.104564 0.208213 -0.487578 -0.235307 -0.180436 -0.188041 -0.155741 -0.0131782 0.225306 0.261646 -0.0350886 -0.126421 0.0609754 -0.0657673 0.0748908 -0.265389 0.214768 -0.341639 0.271399 0.126408 -0.474696 0.0647156 -0.159514 0.309993 0.336318 -0.0461748 -0.104548 0.0775614 -0.534673 -0.402688 0.231338 0.600346 0.18868 0.356206 0.0827518 -0.134019 0.108134 0.271385 0.0147502 0.0437327 0.16768 -0.076201 -0.0158699 0.361792 -0.115085 -0.00859798 0.0937253 0.0373712 0.224343 -0.0762127 -0.438943 -0.215033 -0.154504 0.091062 -0.00219712 0.0676211 0.121713 -0.353773 -0.0950752 -0.0200575 0.0383366 
-0.276786 -0.207666 -0.271874 -0.126174 0.232289 -0.389006 -0.186121 -0.096038 -0.247572 -0.2212 0.0083667 0.228772 0.37614 0.000952044 -0.0886175 0.0232311 -0.100693 0.0550559 -0.331856 0.192917 -0.244314 0.263079 0.132422 -0.42416 0.0365252 -0.266421 0.348327 0.269597 -0.0174346 -0.143995 0.0713738 -0.558346 -0.422043 0.272009 0.581241 0.154337 0.297847 0.12669 -0.125179 0.102206 0.265628 0.0403679 0.0789671 0.0779674 -0.0791398 0.0283552 0.298834 -0.114159 0.063365 0.0582323 0.147303 0.2624 -0.180169 -0.40292 -0.157352 -0.179827 0.0656308 -0.0129904 0.00869491 0.119105 -0.267075 -0.0458806 0.108502 0.0172549 
-0.362499 -0.204125 -0.231503 -0.107882 0.23655 -0.411352 -0.257689 -0.188296 -0.228969 -0.276343 0.0544854 0.249384 0.29658 0.0401745 -0.129314 0.0597311 -0.0900163 0.113724 -0.264207 0.293057 -0.284908 0.314968 0.132743 -0.445761 -0.0237494 -0.121575 0.326421 0.322683 -0.0923262 -0.112787 0.0784045 -0.473278 -0.365657 0.294314 0.654798 0.161141 0.366914 0.166766 -0.190968 0.128377 0.247833 0.00248938 0.109678 0.221268 -0.0998118 0.0152487 0.19217 -0.0245427 -0.0452499 0.091127 0.161625 0.181688 -0.169748 -0.434983 -0.20764 -0.16712 0.028607 0.0214101 0.082646 0.0499108 -0.364003 -0.171033 -0.104138 0.0900621 
-0.270879 -0.214748 -0.29362 -0.12717 0.218681 -0.424024 -0.197645 -0.157026 -0.262309 -0.214783 0.0459324 0.305179 0.39654 -0.00797849 -0.136212 0.0297191 -0.124796 0.0607294 -0.268508 0.23664 -0.282737 0.30351 0.0698576 -0.415123 -0.0180801 -0.170891 0.33393 0.279365 -0.0424254 -0.123149 0.11539 -0.536132 -0.364743 0.22819 0.58812 0.117888 0.347068 0.186263 -0.106462 0.0690389 0.222387 -0.00575566 0.0613173 0.137265 -0.0236061 -0.0163247 0.253943 -0.0872473 0.0389557 0.0790369 0.152318 0.232375 -0.124754 -0.418599 -0.158494 -0.202301 0.0938736 0.0538666 0.0949731 0.109854 -0.255379 -0.118221 0.0449696 -0.00585067 
-0.312397 -0.189607 -0.239023 -0.0803105 0.214599 -0.334497 -0.201699 -0.0960373 -0.255724 -0.213356 -0.026334 0.232369 0.32834 -0.0876821 -0.0790407 0.0538547 -0.0402074 0.0222608 -0.20461 0.191427 -0.266433 0.236625 0.0378124 -0.365006 0.000994519 -0.188113 0.294697 0.217219 0.0108313 -0.158268 0.141448 -0.513959 -0.369243 0.221217 0.501566 0.112499 0.344754 0.149526 -0.180005 0.105689 0.162443 -0.0320015 0.130089 0.138084 -0.131157 0.106108 0.270429 -0.140237 -0.00943261 -0.0299219 0.192395 0.236897 -0.144013 -0.372269 -0.171381 -0.173078 0.120776 0.0983121 0.00571991 0.107701 -0.230928 -0.094397 0.0122136 0.0207598 
-0.219669 -0.191917 -0.248293 -0.1162 0.25373 -0.400119 -0.168846 -0.161951 -0.225827 -0.302828 -0.0104043 0.235803 0.309992 0.001545 -0.107644 -0.0179091 -0.0683825 0.0346863 -0.192058 0.255432 -0.252244 0.209763 0.0608157 -0.429125 -0.0650477 -0.108677 0.271612 0.298362 -0.00591386 -0.126994 0.115159 -0.521168 -0.345123 0.2032 0.493655 0.14065 0.330749 0.115864 -0.136155 0.0452803 0.204655 -0.0436049 0.120695 0.230507 -0.0574607 0.0533515 0.256932 -0.140523 -0.0596305 0.00643299 0.142353 0.21253 -0.201564 -0.394331 -0.0958266 -0.194325 0.0520098 0.101223 0.0235089 0.0684184 -0.246122 -0.144433 -0.0657553 -0.0347508 
-0.331506 -0.244751 -0.253066 -0.165652 0.215724 -0.401925 -0.197386 -0.123843 -0.199362 -0.275513 -0.0164237 0.264543 0.313801 -0.0143441 -0.115163 -0.00641013 -0.108121 0.00319372 -0.244686 0.241692 -0.257513 0.258814 0.117754 -0.413791 0.0682995 -0.135874 0.2526 0.260784 0.106434 -0.0781637 0.052704 -0.497999 -0.378208 0.249718 0.56893 0.111008 0.307294 0.104179 -0.266386 0.00578161 0.115614 0.0179691 0.0782698 0.180349 -0.00541974 0.019973 0.246716 -0.141867 0.00156521 -0.0184126 0.0911283 0.241004 -0.237645 -0.342326 -0.124878 -0.171813 0.0487145 0.144526 0.0849912 0.122426 -0.237855 -0.262198 -0.039057 0.0378209 
-0.309505 -0.237775 -0.257698 -0.0883123 0.271307 -0.344618 -0.190666 -0.156546 -0.229401 -0.283156 0.00697406 0.223465 0.369014 -0.0212411 -0.125331 0.0184256 -0.00141173 0.0696718 -0.152652 0.274014 -0.245191 0.262556 0.0571094 -0.394949 0.0505958 -0.138818 0.292124 0.242345 0.109917 -0.108199 0.0779522 -0.498855 -0.319199 0.14565 0.466527 0.081238 0.252749 0.176821 -0.156137 0.0319523 0.182762 -0.100555 0.0861323 0.200652 -0.0427696 0.0664098 0.194349 -0.123257 -0.0242639 -0.0495166 0.158816 0.289216 -0.232668 -0.322119 -0.0879394 -0.166398 0.0380012 0.109693 0.0649402 0.149643 -0.196713 -0.176447 0.016626 -0.0329528 
-0.263598 -0.208907 -0.211775 -0.123416 0.233196 -0.350921 -0.209313 -0.197121 -0.144377 -0.264476 -0.0511175 0.284712 0.32393 -0.0130499 -0.106906 -0.00463006 -0.0689459 0.0621089 -0.23862 0.26804 -0.276975 0.29462 0.0301868 -0.332392 -0.00742286 -0.177981 0.255246 0.306056 0.0814451 -0.113229 0.19881 -0.498227 -0.273301 0.221561 0.575615 0.148763 0.274872 0.113512 -0.190198 -0.0944993 0.193095 -0.0106176 0.138187 0.18517 -0.0549733 0.0244232 0.327971 -0.155436 -0.0559838 -0.045602 0.0755367 0.209769 -0.206085 -0.358423 -0.109525 -0.16403 -0.00118959 0.10033 0.0317174 0.102562 -0.257951 -0.14682 0.0159629 -0.0173453 
-0.284344 -0.296258 -0.247202 -0.114238 0.275428 -0.378783 -0.247894 -0.175983 -0.212561 -0.262155 0.00125638 0.2821 0.379508 -0.0693 -0.146073 -0.0282794 -0.0726171 0.0446802 -0.183313 0.205206 -0.252476 0.246248 0.0514493 -0.378699 -0.0749222 -0.197469 0.216691 0.281567 -0.0110515 -0.0520978 0.123477 -0.462693 -0.237305 0.236817 0.506711 0.0842837 0.34953 0.162234 -0.160179 -0.0267361 0.203269 -0.0180288 0.117438 0.144329 -0.0500247 0.0767511 0.277902 -0.104369 0.00562929 0.0201732 0.122573 0.251687 -0.173799 -0.376537 -0.055095 -0.144446 0.0906683 0.0581413 0.00202366 0.151327 -0.220416 -0.155162 -0.0523137 0.000462805 
-0.257552 -0.231591 -0.243695 -0.0520566 0.238089 -0.349082 -0.100951 -0.138468 -0.205172 -0.316548 -0.0299603 0.257923 0.299524 0.00413178 -0.121512 0.00156719 -0.0493035 0.024264 -0.169737 0.249748 -0.246365 0.249022 -0.0534167 -0.346096 -0.0156419 -0.123824 0.251081 0.242327 0.100206 -0.0756426 0.141843 -0.499952 -0.262501 0.243963 0.503543 0.0938903 0.252877 0.126524 -0.148454 -0.121757 0.153035 -0.0881406 0.076639 0.228844 0.00117671 0.123966 0.251045 -0.127024 -0.0336108 -0.0213578 0.137577 0.208917 -0.212817 -0.330173 -0.0680352 -0.12764 0.0779819 0.133594 0.0166799 0.147964 -0.233618 -0.190444 -0.0185505 -0.087187 
-0.271453 -0.209692 -0.278956 -0.154363 0.267766 -0.385882 -0.144623 -0.145755 -0.212792 -0.377636 -0.00841515 0.262425 0.311146 -0.00606383 -0.0557057 0.0446495 -0.102954 0.00222005 -0.11322 0.34183 -0.250804 0.204561 -0.0144864 -0.371512 -0.12046 -0.146055 0.262387 0.269301 0.0852927 0.00310432 0.148989 -0.425858 -0.240716 0.225627 0.489851 0.0877058 0.295699 0.106422 -0.1324 -0.0361017 0.154854 -0.0367691 0.117935 0.237498 -0.0842523 0.0966681 0.251948 -0.0934768 0.0107755 -0.0423397 0.144194 0.246961 -0.248484 -0.269064 -0.0289454 -0.124114 0.0565637 0.108653 0.0852067 0.0585632 -0.201679 -0.179733 -0.0199127 -0.10218 
-0.327375 -0.233926 -0.224076 -0.0935487 0.220685 -0.383188 -0.149518 -0.155226 -0.228909 -0.285363 0.0140664 0.269006 0.292869 -0.0224296 -0.0701799 0.00872048 -0.0529328 0.0529507 -0.196979 0.274264 -0.194454 0.218905 0.0574173 -0.447182 0.0376663 -0.11075 0.226348 0.29804 0.071156 -0.0432241 0.127373 -0.477439 -0.27989 0.257847 0.583221 0.0670788 0.263203 0.0902182 -0.161504 0.0072279 0.0846277 0.0347565 0.148786 0.23911 0.0192676 0.1178 0.231028 -0.0869906 -0.056494 -0.023654 0.0977286 0.157366 -0.198051 -0.272638 -0.0210865 -0.185956 0.0534249 0.175337 0.0500202 0.062089 -0.203093 -0.21702 -0.0891187 -0.0577913 
-0.287169 -0.214378 -0.334789 -0.0929982 0.25746 -0.349756 -0.144945 -0.0798513 -0.189368 -0.35236 -0.00330919 0.230555 0.286462 -0.00991544 -0.0493184 0.0419131 -0.0714206 0.0159805 -0.174974 0.233139 -0.301153 0.241859 0.0335362 -0.364691 -0.0531572 -0.148461 0.229811 0.259209 0.0492509 -0.0375513 0.109202 -0.446197 -0.251607 0.221046 0.556047 0.104437 0.309517 0.119017 -0.131761 -0.0804854 0.0657406 -0.079199 0.110826 0.249418 -0.00995239 0.0569473 0.197125 -0.115125 -0.0351103 -0.0760914 0.122488 0.231628 -0.2119 -0.256848 -0.0474396 -0.136863 0.00599295 0.135081 0.0623731 0.111272 -0.195377 -0.235593 -0.0306544 -0.0730173 
-0.266928 -0.269185 -0.301968 -0.031713 0.308185 -0.333922 -0.138121 -0.178631 -0.230793 -0.348183 -0.00889059 0.275268 0.325685 0.0375711 -0.0514519 0.0235365 -0.0537477 0.0402138 -0.101983 0.282913 -0.200454 0.187626 -0.031613 -0.299938 -0.00445636 -0.172596 0.195977 0.19171 0.0715762 0.0114307 0.106741 -0.49355 -0.210376 0.206817 0.485963 0.0876785 0.238599 0.107034 -0.230214 -0.102884 0.0739391 -0.0942355 0.154556 0.230556 -0.029033 0.104192 0.258653 -0.0465209 -0.0639998 -0.0672157 0.103295 0.243159 -0.222339 -0.242229 -0.0488802 -0.111161 0.0573791 0.160601 -0.0331377 0.150293 -0.153772 -0.169225 -0.0119184 -0.0853156 
-0.270448 -0.220015 -0.272676 -0.0411631 0.311575 -0.360193 -0.0719271 -0.13891 -0.182376 -0.327581 -0.00549405 0.322706 0.382446 -0.0499434 -0.076558 -0.0087998 -0.0644766 0.0652989 -0.147889 0.213764 -0.158141 0.15081 0.0230307 -0.345785 -0.05511 -0.134643 0.243028 0.231756 0.0553583 0.0152682 0.138552 -0.447049 -0.246929 0.14248 0.439317 0.0577197 0.227034 0.0815537 -0.107916 -0.102234 0.117561 -0.129298 0.149065 0.246515 0.0116321 0.0900689 0.191196 -0.0628934 -0.0281747 -0.0906651 0.0988296 0.197436 -0.256059 -0.213485 0.0216037 -0.166201 0.0151076 0.157844 0.00248789 0.164465 -0.126474 -0.242528 -0.084601 -0.114174 
-0.245247 -0.203846 -0.25898 -0.0498039 0.305689 -0.300266 -0.122519 -0.153497 -0.222694 -0.274644 -0.000320817 0.264174 0.30952 -0.0376497 -0.0122737 0.0295354 -0.0655208 0.0363742 -0.101811 0.243274 -0.22108 0.206119 -0.0415253 -0.380035 -0.0147522 -0.119769 0.193317 0.299106 0.105861 -0.0292885 0.110517 -0.349802 -0.240063 0.247589 0.511069 0.0557674 0.222169 0.093895 -0.13216 -0.0426247 0.0794379 -0.0615986 0.149425 0.262696 -0.0559233 0.125527 0.184676 -0.0913431 -0.0161806 -0.0237276 0.109944 0.22279 -0.210375 -0.214 0.0401473 -0.221529 0.0880803 0.120998 0.0325144 0.119891 -0.21509 -0.258877 -0.0311745 -0.141703 
-0.224597 -0.248463 -0.255254 -0.0738463 0.365403 -0.35357 -0.166755 -0.199696 -0.175733 -0.301987 -0.0458001 0.254783 0.292397 0.00206149 -0.0553683 0.0606587 -0.0794096 -0.0236577 -0.0864489 0.279432 -0.199973 0.216017 0.0624493 -0.402119 -0.054937 -0.123518 0.232933 0.150325 0.082853 -0.0192097 0.171478 -0.43634 -0.221885 0.239984 0.462461 0.109862 0.22163 0.11837 -0.159384 -0.0876069 0.106428 -0.0124621 0.133806 0.259318 -0.038549 0.104592 0.21409 -0.0895928 -0.0705849 -0.0676799 0.156426 0.135053 -0.181762 -0.210343 -0.0180004 -0.205099 0.0757842 0.11837 -0.0284018 0.14812 -0.252096 -0.235869 -0.0805403 -0.12727 
-0.295362 -0.244515 -0.206147 -0.0649467 0.337175 -0.414185 -0.10419 -0.170983 -0.215407 -0.324872 -0.0264205 0.218677 0.301078 -0.00595217 -0.0334036 0.0480326 -0.0295426 0.00895854 -0.157238 0.330053 -0.240268 0.163333 0.0413564 -0.341991 0.00246526 -0.0926449 0.181153 0.251223 0.129332 0.0599993 0.0516558 -0.432927 -0.214002 0.247061 0.524973 0.0316254 0.267908 0.108968 -0.176208 -0.151591 0.00768487 -0.0667179 0.099713 0.302283 0.024814 0.0898169 0.21745 -0.0772689 -0.136315 -0.101254 0.138197 0.20305 -0.242208 -0.242498 -0.0314097 -0.13051 0.0549795 0.149921 0.0270344 0.203845 -0.217507 -0.228475 -0.134041 -0.156604 
-0.236161 -0.247943 -0.199567 -0.0975293 0.3342 -0.356161 -0.0989387 -0.131293 -0.223813 -0.371696 -0.0412301 0.234255 0.306749 0.0299438 -0.0435465 0.0306994 -0.0559106 0.0345378 -0.121186 0.265901 -0.217702 0.144605 -0.0315842 -0.392574 0.0114424 -0.103277 0.226152 0.278027 0.138282 0.00368203 0.108618 -0.408913 -0.179058 0.201684 0.536673 0.0175224 0.180583 0.149016 -0.185883 -0.112307 0.022787 -0.0265915 0.0875269 0.241497 -0.00710221 0.0587327 0.250623 -0.125555 -0.0220401 -0.137287 0.0839494 0.189432 -0.211549 -0.24597 0.0453165 -0.191063 0.096127 0.159817 0.0439706 0.124793 -0.190535 -0.218534 -0.00453314 -0.182529 
-0.297132 -0.203586 -0.244628 -0.0617106 0.33272 -0.408768 -0.127628 -0.205708 -0.144816 -0.345234 0.044316 0.260489 0.309089 -0.000383956 -0.012507 0.06356 -0.0632617 0.0726774 -0.113492 0.239242 -0.282284 0.16879 -0.045949 -0.381658 -0.0595733 -0.167629 0.191734 0.292842 0.146388 0.0409173 0.113448 -0.323359 -0.198752 0.229921 0.537378 0.0900112 0.236328 0.0553349 -0.176393 -0.0872822 0.00411656 0.0124608 0.154859 0.300147 -0.0312226 0.0896818 0.219546 -0.130314 -0.0550002 -0.11148 0.0930097 0.141364 -0.228266 -0.15063 0.0141434 -0.101219 0.0350459 0.173702 0.0650705 0.127402 -0.169264 -0.286531 -0.117314 -0.163374 
-0.249738 -0.234307 -0.269962 -0.0183305 0.372693 -0.272272 -0.0883298 -0.109322 -0.191545 -0.402545 -0.0425536 0.23316 0.289958 -0.0115134 -0.0199604 0.0387331 -0.063877 0.0243072 -0.00164694 0.240676 -0.192731 0.138073 -0.0408274 -0.339596 -0.0574305 -0.101595 0.16282 0.226133 0.128928 0.0384956 0.167607 -0.3472 -0.159665 0.185477 0.452589 0.018009 0.141966 0.0513405 -0.0956466 -0.175159 0.0262157 -0.0171193 0.164737 0.236528 -0.0236698 0.130646 0.179593 -0.143554 -0.0680419 -0.113716 0.148559 0.22707 -0.247597 -0.145549 0.0647123 -0.130942 -0.0103783 0.175252 0.0216898 0.146537 -0.128568 -0.237345 -0.0618955 -0.178469 
-0.282174 -0.287136 -0.257698 -0.0550241 0.358464 -0.266066 -0.0896466 -0.216306 -0.234667 -0.336937 0.00504049 0.226169 0.288222 0.00662788 -0.0232589 -0.0457767 -0.0483337 0.0567349 -0.0559064 0.278413 -0.240965 0.149613 -0.072307 -0.321243 0.0515969 -0.0493439 0.145135 0.195161 0.0287976 6.0654e-05 0.0944325 -0.288978 -0.152122 0.212461 0.517538 0.0603216 0.207801 0.0881992 -0.100284 -0.22723 0.0150764 -0.047856 0.19879 0.234754 -0.0712797 0.0957434 0.21059 -0.0573158 -0.0137849 -0.0643552 0.167095 0.237874 -0.231466 -0.122169 0.00402807 -0.122828 -0.000654561 0.178996 -0.0635829 0.1901 -0.15628 -0.275551 -0.00207124 -0.206859 
-0.239924 -0.186046 -0.237023 -0.0710351 0.317312 -0.26006 0.00697296 -0.126685 -0.172303 -0.34943 0.0295097 0.230878 0.252403 0.0622282 -0.0669278 -0.0202033 0.0334359 0.067565 -0.0495952 0.288764 -0.236724 0.216479 -0.0748105 -0.390185 0.0214472 -0.112802 0.155469 0.204514 0.126311 0.058607 0.120971 -0.351438 -0.162979 0.174271 0.530364 0.0875923 0.165452 0.0591252 -0.109476 -0.222884 -0.0549135 -0.0781956 0.0610623 0.284567 0.00487917 0.185042 0.232232 -0.145967 -0.104014 -0.161457 0.0817766 0.229874 -0.259138 -0.12814 0.068919 -0.0702599 0.0632152 0.179292 0.00588379 0.158438 -0.168188 -0.201895 -0.1061 -0.259206 
-0.311655 -0.236187 -0.263275 -0.0444588 0.328279 -0.298463 -0.0865311 -0.182707 -0.193996 -0.342027 -0.0542833 0.204188 0.300637 -0.00909479 -0.0596748 0.0118586 -0.023147 0.00138698 -0.0144756 0.317201 -0.199399 0.176038 0.0287609 -0.354978 -0.0673093 -0.0983945 0.148583 0.268697 0.152047 0.0550389 0.183337 -0.313258 -0.119096 0.16726 0.579328 0.0254513 0.207126 0.101291 -0.138066 -0.212224 0.00893727 -0.143518 0.140331 0.304478 -0.0270003 0.15041 0.173009 -0.0978256 -0.0440782 -0.107216 0.0533831 0.217179 -0.261129 -0.12233 0.0129649 -0.10003 0.0169558 0.218119 0.0599977 0.134342 -0.143797 -0.215682 -0.107835 -0.144527 
-0.186037 -0.232236 -0.268871 -0.0696853 0.356665 -0.246944 -0.0525557 -0.147241 -0.192559 -0.394736 0.0129739 0.228993 0.325737 0.00520593 -0.0299147 0.00287771 -0.066736 0.0475669 0.0120117 0.253167 -0.187841 0.157937 -0.11696 -0.261593 -0.0501011 -0.0574248 0.174277 0.232017 0.161181 0.0731545 0.13475 -0.34634 -0.129485 0.221999 0.428553 0.0453044 0.130579 0.111141 -0.158027 -0.221908 -0.0626096 -0.0102541 0.188319 0.280903 -0.0391152 0.157774 0.177972 -0.0998967 -0.0963328 -0.127612 0.0670817 0.212691 -0.192869 -0.0893782 0.0815368 -0.147048 0.0384574 0.244847 -0.000955404 0.184763 -0.177351 -0.279205 -0.0608527 -0.21177 
-0.234548 -0.209346 -0.323339 0.0159825 0.355526 -0.291412 0.0280366 -0.196359 -0.175246 -0.348684 0.0316841 0.207419 0.260487 -0.0655811 -0.0179752 0.0305248 -0.00774152 -0.00187456 -0.0684483 0.286349 -0.196958 0.1271 -0.0943963 -0.343828 0.0535389 -0.05422 0.139981 0.174154 0.199932 0.0834259 0.130315 -0.32629 -0.146337 0.190848 0.427679 0.0534627 0.171264 0.0545698 -0.150966 -0.246884 -0.00322253 -0.0872093 0.158916 0.316732 0.043643 0.172788 0.196801 -0.138266 -0.0985749 -0.0841057 0.119929 0.18728 -0.208106 -0.0509041 0.0758 -0.108099 0.023258 0.160159 -0.0257777 0.161577 -0.142851 -0.293313 -0.0473337 -0.248084 
-0.265245 -0.24738 -0.308135 -0.0175493 0.369806 -0.333961 0.00826262 -0.217002 -0.244902 -0.325502 -0.0210387 0.200924 0.311088 -0.0183969 0.0279691 0.00978157 -0.0194399 0.00246015 -0.0514413 0.276184 -0.192528 0.140232 -0.119733 -0.373616 -0.0685751 -0.077153 0.165345 0.289874 0.183229 0.0465536 0.10771 -0.339437 -0.137442 0.154906 0.456288 0.0663221 0.162194 0.0494169 -0.149642 -0.225838 -0.0583178 -0.0954026 0.144147 0.309696 -0.000724366 0.163646 0.225317 -0.125526 -0.077333 -0.0845643 0.112229 0.199737 -0.24978 -0.10902 0.00830838 -0.113103 -0.0119254 0.157762 0.00725573 0.131308 -0.106869 -0.290794 -0.0569363 -0.221432 
-0.31787 -0.200927 -0.310338 -0.0442501 0.381866 -0.254042 0.0329428 -0.187242 -0.186267 -0.358362 0.0544804 0.211767 0.257068 0.00736088 -0.00306367 0.0163218 0.012532 0.0971213 -0.0151475 0.30361 -0.15295 0.199158 -0.134069 -0.296115 0.0182218 -0.0379332 0.123314 0.183978 0.191412 -0.0105823 0.149629 -0.346055 -0.101997 0.170643 0.398527 0.0271364 0.100298 0.0373059 -0.113913 -0.265041 -0.0432768 -0.0304673 0.13313 0.321311 0.0347114 0.176557 0.190637 -0.154827 -0.0891394 -0.109578 0.0600007 0.237428 -0.2573 -0.0165911 0.0924144 -0.119038 -0.00310692 0.169565 0.0303658 0.140349 -0.0783583 -0.2945 -0.0127756 -0.229454 
-0.203525 -0.243001 -0.260634 -0.0640273 0.373903 -0.302846 -0.0110096 -0.181344 -0.158343 -0.388791 -0.0407232 0.15506 0.266865 -0.00691086 0.0303773 0.015515 0.0008466 0.0235465 -0.0251562 0.269221 -0.23836 0.166544 -0.015695 -0.341911 -0.0229952 -0.0807014 0.123637 0.183191 0.161699 0.0317352 0.172861 -0.330851 -0.129132 0.15055 0.416825 0.0461867 0.14066 0.0607535 -0.161366 -0.241382 -0.0678947 -0.0375999 0.19592 0.261192 0.0160332 0.173434 0.174576 -0.134932 -0.108254 -0.135522 0.109042 0.205327 -0.219452 -0.0593868 0.108821 -0.147703 0.00529303 0.220311 -0.0352417 0.1157 -0.102973 -0.286862 -0.0614142 -0.229081 
-0.281943 -0.165666 -0.244606 -0.0174337 0.326109 -0.284265 0.0601991 -0.206197 -0.125819 -0.344952 -0.0369482 0.184615 0.276822 0.0355601 0.023495 0.0412031 -0.0265478 0.0175226 -0.00742249 0.267204 -0.176651 0.180488 -0.0590214 -0.350916 -0.0467594 -0.0823565 0.101644 0.255823 0.171487 0.0719389 0.127413 -0.30911 -0.149154 0.165003 0.434812 0.0695312 0.0997895 0.0469232 -0.134988 -0.308263 -0.0130143 -0.028948 0.161994 0.283643 0.0615773 0.167042 0.15215 -0.133297 -0.0547475 -0.0978383 0.113747 0.214517 -0.270152 -0.0763944 0.127896 -0.0831427 -0.0207115 0.212406 -0.0182053 0.140113 -0.134243 -0.299474 -0.0765693 -0.232721 
-0.211494 -0.227063 -0.289621 -0.000989429 0.387768 -0.253006 0.0442984 -0.250185 -0.153986 -0.341309 -0.0103719 0.140235 0.29261 0.0383226 0.0321471 0.00290147 -0.0389825 0.0573015 0.000840745 0.254117 -0.119537 0.156151 -0.0897214 -0.340324 -0.0121353 -0.0633341 0.127189 0.224742 0.182717 0.0204619 0.105157 -0.266872 -0.0808453 0.174211 0.40503 -0.0246636 0.11435 0.112654 -0.180635 -0.29621 -0.116989 -0.0541846 0.140618 0.336246 0.0193583 0.182264 0.181447 -0.160737 -0.0912357 -0.156581 0.0937287 0.203654 -0.232537 -0.0782474 0.0321252 -0.124661 0.0395282 0.221921 -0.0636164 0.170512 -0.110384 -0.302322 -0.0161861 -0.199282 
-0.221196 -0.251166 -0.288151 -0.055528 0.416164 -0.266975 0.0540085 -0.218145 -0.184397 -0.365239 0.0069454 0.210723 0.290317 -0.0095257 0.0240805 -0.0430616 -0.0125039 0.0243428 -0.0359177 0.269333 -0.215359 0.134801 -0.130992 -0.323305 -0.0592802 -0.0778793 0.132775 0.227855 0.149828 0.0435421 0.144088 -0.275992 -0.109619 0.15086 0.40683 0.0228953 0.0861556 0.0361078 -0.176659 -0.271717 0.00417752 -0.0448796 0.170093 0.341972 0.0330733 0.166804 0.216514 -0.125777 -0.0653558 -0.166847 0.150473 0.146375 -0.216571 -0.0056079 0.0753167 -0.137007 0.0267162 0.147467 -0.0115114 0.184017 -0.114335 -0.275948 -0.0306932 -0.301533 
-0.208298 -0.238364 -0.271393 0.00593349 0.416214 -0.22226 -0.018938 -0.222852 -0.167461 -0.34905 0.0315435 0.199407 0.217272 0.0241253 0.0507481 -0.0166109 0.00730655 0.109267 -0.00878694 0.246172 -0.203174 0.149574 -0.160145 -0.317166 -0.0327717 -0.0525687 0.157089 0.149356 0.222133 0.091665 0.118456 -0.284458 -0.097176 0.151246 0.384018 0.0286196 0.109963 0.0421453 -0.129994 -0.31244 -0.0384898 -0.0378945 0.163031 0.332791 0.0546002 0.192168 0.191368 -0.0996409 -0.119726 -0.140137 0.0644742 0.188231 -0.199172 -0.0653712 0.107275 -0.14464 0.0271801 0.225353 -0.105211 0.1575 -0.0924921 -0.255527 -0.117829 -0.308801 
-0.194724 -0.232608 -0.266874 0.00874271 0.344387 -0.260256 0.085168 -0.137082 -0.155316 -0.36372 -0.0157719 0.191359 0.203036 0.045461 0.0393107 0.0272776 0.00771181 0.0873546 0.0620308 0.271404 -0.170343 0.103483 -0.0998376 -0.346688 0.016699 0.0077964 0.117968 0.190713 0.155399 0.037213 0.121365 -0.232883 -0.0867576 0.106859 0.450818 0.00306775 0.122364 0.0412891 -0.145723 -0.258726 -0.101962 -0.08831 0.145401 0.367112 0.00441398 0.180304 0.211938 -0.107811 -0.0782647 -0.11151 0.0684005 0.213668 -0.262939 -0.0692884 0.0934691 -0.0660053 0.0112181 0.164173 0.00911021 0.177153 -0.139569 -0.324905 -0.0511304 -0.25656 
-0.156638 -0.235732 -0.293531 0.000651514 0.436116 -0.224445 0.0591994 -0.177307 -0.218418 -0.317344 -0.0333452 0.150843 0.205754 -0.00602515 0.061117 0.055915 -0.045022 0.028997 0.0128918 0.221244 -0.168084 0.123948 -0.13263 -0.284165 -0.0676091 -0.0273769 0.1381 0.203903 0.16749 0.079353 0.1685 -0.222297 -0.103855 0.150123 0.416047 0.0144843 0.0754655 0.0823252 -0.108143 -0.329223 -0.0592592 -0.0539792 0.230749 0.353178 0.0251841 0.192925 0.0855472 -0.13176 -0.0751922 -0.118498 0.0926982 0.215288 -0.25314 0.0122593 0.140197 -0.162134 -0.0326855 0.167365 -0.0735093 0.194555 -0.0725218 -0.324341 -0.0353781 -0.29496 
-0.162177 -0.211863 -0.286029 0.0302098 0.41718 -0.247936 0.065035 -0.217361 -0.169712 -0.364561 -0.000478734 0.175462 0.215186 -0.00573385 -0.0110903 0.0229094 0.00933562 0.0733071 0.0238426 0.262325 -0.185854 0.152035 -0.139289 -0.329948 -0.0287879 -0.0679719 0.10554 0.201842 0.158613 0.0622183 0.113842 -0.306267 -0.0431167 0.0746515 0.368749 0.0372098 0.120692 0.0408522 -0.135778 -0.260502 -0.0684972 -0.0475614 0.184404 0.311443 0.0109853 0.191434 0.138521 -0.0982736 -0.113443 -0.131658 0.122768 0.141011 -0.159611 -0.00289188 0.143685 -0.127123 0.0532671 0.150079 -0.022388 0.154408 -0.116425 -0.311748 -0.0772727 -0.295576 
-0.214361 -0.221199 -0.290932 -0.0308654 0.43852 -0.169634 0.0492176 -0.219693 -0.18297 -0.346883 -2.90299e-05 0.175407 0.243098 0.0605541 0.078175 0.0147223 -0.0181803 0.0439556 0.0373093 0.287091 -0.166716 0.128549 -0.146959 -0.332517 0.000740237 -0.0671982 0.0800241 0.228522 0.172178 0.0885223 0.164553 -0.235955 -0.0812274 0.085238 0.38999 0.0503651 0.038819 0.0267833 -0.113084 -0.317318 -0.111959 -0.0563232 0.142192 0.332266 0.000720711 0.19691 0.177954 -0.132256 -0.0275909 -0.117917 0.0858078 0.162583 -0.195493 0.00780783 0.132352 -0.135445 -0.0320002 0.184131 -0.0747782 0.173689 -0.0733638 -0.33718 -0.0327389 -0.237767 
-0.243632 -0.209685 -0.249955 -0.00748364 0.414554 -0.218661 0.0775505 -0.255168 -0.13445 -0.338526 -0.0455063 0.193031 0.257678 0.0376463 0.0273952 0.032002 0.0274499 0.0531316 -0.0326877 0.292006 -0.100018 0.163906 -0.134461 -0.287485 -0.030701 -0.0833326 0.105482 0.188202 0.195679 0.065897 0.124667 -0.242019 -0.0373233 0.14208 0.371804 0.00756088 0.0262666 0.0583862 -0.103575 -0.336981 -0.0401685 -0.0183606 0.184843 0.37881 0.080842 0.146501 0.164194 -0.0994324 -0.112771 -0.146833 0.0463945 0.209284 -0.18338 -0.0064688 0.154257 -0.102187 -0.0249797 0.264534 -0.0638489 0.161015 -0.129447 -0.319064 -0.0392914 -0.287392 
-0.181864 -0.177262 -0.279786 0.00130073 0.359237 -0.269047 0.0516552 -0.247239 -0.118953 -0.336404 0.0341158 0.186397 0.248486 0.0192162 0.011423 0.0358248 0.0201889 0.0777731 0.00355147 0.247951 -0.112349 0.193595 -0.111054 -0.305633 -0.00739229 -0.0665691 0.116164 0.16481 0.163857 0.114618 0.154047 -0.211495 -0.0406423 0.19638 0.393268 0.0208857 0.0397677 0.00576438 -0.143128 -0.407462 -0.120168 -0.0730862 0.190066 0.32942 0.0547758 0.188891 0.135597 -0.120281 -0.147942 -0.146173 0.103045 0.199075 -0.212775 -0.0268942 0.119464 -0.166321 -0.0406866 0.203842 -0.0773198 0.111974 -0.063609 -0.323954 0.00281712 -0.312614 
-0.218959 -0.201568 -0.265965 0.0108719 0.394594 -0.223156 0.0608431 -0.247708 -0.19326 -0.345945 -0.000681225 0.138007 0.250446 0.0292105 0.0227348 0.0169983 0.0219178 0.0349576 0.0686263 0.260978 -0.112703 0.160083 -0.122353 -0.351269 -0.0149115 -0.0510772 0.105823 0.20819 0.165789 0.0694584 0.0903564 -0.244376 -0.0164411 0.088155 0.387376 -0.0114903 0.0871761 0.0706669 -0.195567 -0.357527 -0.0589703 -0.0925415 0.182179 0.325524 0.0632205 0.191363 0.150388 -0.113133 -0.123102 -0.136275 0.0915061 0.153607 -0.209107 0.0261749 0.112962 -0.111298 -0.0296766 0.202456 -0.0748257 0.166553 -0.0669007 -0.296349 -0.0403872 -0.228987 
-0.219787 -0.217069 -0.240199 -0.0300266 0.417739 -0.172277 0.0756401 -0.185828 -0.194797 -0.360844 -0.00762788 0.153606 0.252238 0.0190564 0.0453692 0.025671 -0.00754414 0.0533332 0.00646053 0.223736 -0.162909 0.140434 -0.0932673 -0.287277 -0.052933 -0.0367843 0.106148 0.172804 0.195689 0.031922 0.108148 -0.231371 -0.0425842 0.127884 0.37966 0.0335565 0.0812355 0.00045224 -0.140393 -0.361432 -0.109099 -0.0247406 0.143235 0.353071 0.0547301 0.160396 0.141891 -0.0969188 -0.166954 -0.143443 0.0898312 0.149983 -0.240198 0.0685885 0.145871 -0.10715 0.00115594 0.250022 -0.0592473 0.179618 -0.0666526 -0.324072 -0.0494001 -0.275473 
-0.231781 -0.217034 -0.262232 -0.00986082 0.434315 -0.167495 0.153945 -0.209251 -0.154867 -0.34146 0.0533397 0.167398 0.18077 0.0248767 0.0525076 -0.0126497 -0.0212186 0.0949178 0.0679814 0.261187 -0.106422 0.0916233 -0.233311 -0.259821 -0.0348621 -0.0183123 0.128462 0.186505 0.267812 0.0758244 0.141669 -0.236476 -0.0107661 0.0643963 0.349583 -0.031642 0.030692 0.0672041 -0.0846213 -0.347424 -0.0951674 -0.0415098 0.162662 0.346802 0.0903668 0.201074 0.174709 -0.118076 -0.100295 -0.114116 0.103605 0.162215 -0.231479 0.0227547 0.120877 -0.0971003 -0.0065997 0.223049 -0.079763 0.154646 -0.116916 -0.282956 -0.0856704 -0.273678 
-0.21275 -0.2076 -0.256238 0.0477551 0.4309 -0.21963 0.113534 -0.205721 -0.147898 -0.341918 -0.0205602 0.119166 0.214883 0.00101501 0.0675086 0.0214311 0.00616892 0.0588251 0.079569 0.240909 -0.107279 0.172612 -0.136967 -0.277463 -0.00413299 -0.062488 0.104296 0.184864 0.252981 0.0756906 0.131786 -0.21669 -0.00761576 0.171522 0.383748 0.0100615 0.0110797 0.0331617 -0.100716 -0.375431 -0.108037 -0.0319243 0.135129 0.362259 0.0519825 0.196588 0.226101 -0.0935608 -0.166357 -0.146839 0.0798 0.197706 -0.24968 0.108202 0.159469 -0.0761469 0.0171908 0.179261 -0.0602928 0.134545 0.00501046 -0.380375 -0.0779958 -0.351929 
-0.177479 -0.228794 -0.212827 -0.0573247 0.388527 -0.148616 0.125504 -0.263216 -0.168774 -0.34425 0.0476077 0.164398 0.213016 0.0877155 0.0308778 -0.0260657 0.052334 0.0478029 0.0418564 0.249161 -0.167794 0.123985 -0.176072 -0.286823 -0.04898 -0.00844674 0.0978188 0.185887 0.161985 0.0550612 0.141087 -0.216799 -0.0049302 0.0839906 0.355549 0.0196768 0.0804718 0.0383612 -0.122261 -0.364401 -0.129988 -0.0955235 0.140833 0.360306 0.074713 0.204123 0.216034 -0.0814779 -0.0735693 -0.136177 0.0729653 0.149991 -0.17438 0.121948 0.176855 -0.0922693 0.0282242 0.203029 -0.10831 0.147452 -0.0588691 -0.336187 -0.0959232 -0.312521 
-0.248194 -0.188512 -0.329708 -0.00189528 0.470888 -0.205444 0.0929088 -0.261708 -0.149714 -0.339676 0.0444716 0.0813781 0.213332 0.0632641 0.104824 -0.011522 0.0327756 0.0217468 0.0320813 0.270075 -0.0946281 0.131734 -0.122862 -0.295333 -0.0387649 -0.0374177 0.13075 0.187002 0.251233 0.0821835 0.122251 -0.198925 -0.00486928 0.0888134 0.35615 0.00976436 0.0260027 0.0133876 -0.0980303 -0.395681 -0.120241 -0.120229 0.161222 0.334471 0.0337434 0.227879 0.128619 -0.0730243 -0.142023 -0.125271 0.0752282 0.1798 -0.217174 0.0909371 0.162829 -0.0887411 -0.047776 0.201874 -0.0423292 0.0725398 -0.0838061 -0.349086 -0.0739927 -0.24467 
-0.18306 -0.179385 -0.319319 0.0326619 0.442533 -0.229262 0.176793 -0.22683 -0.198381 -0.349203 -0.0252227 0.143655 0.224233 0.076976 0.0739591 0.0588327 0.0357794 0.0315433 0.00340534 0.235633 -0.118072 0.128287 -0.146014 -0.237569 -0.0290007 -0.0392304 0.0754337 0.202355 0.214644 0.132029 0.116352 -0.208255 -0.00863537 0.0709767 0.302064 0.0244279 0.0419214 0.0417853 -0.114935 -0.391233 -0.08099 -0.0881149 0.192829 0.350451 0.0474387 0.158808 0.153651 -0.0779944 -0.118662 -0.158112 0.0809887 0.191509 -0.218797 0.114095 0.195351 -0.107144 0.0266663 0.201686 -0.0607867 0.167882 -0.025456 -0.334962 -0.116857 -0.264245 
-0.205921 -0.187017 -0.267577 -0.00408522 0.425016 -0.167885 0.159228 -0.176532 -0.146568 -0.301067 -0.0343599 0.137023 0.198746 0.0447041 0.0500514 -0.0181205 -0.00388873 0.00580348 0.109967 0.183787 -0.139029 0.102957 -0.161026 -0.221865 -0.0139787 0.0214544 0.0949091 0.174309 0.232293 0.0787467 0.115386 -0.200522 0.0169364 0.123073 0.462131 0.00530816 0.0357964 0.0545035 -0.119607 -0.365575 -0.147867 -0.0720762 0.192578 0.326242 0.0232857 0.196963 0.180913 -0.133684 -0.113134 -0.14052 0.0954758 0.201799 -0.194684 0.0586916 0.105197 -0.128888 -0.00724678 0.234363 -0.079363 0.165227 -0.0647844 -0.324784 -0.0866643 -0.236428 
-0.228469 -0.188166 -0.286607 0.034782 0.460909 -0.146237 0.138252 -0.224615 -0.142909 -0.349019 0.0590116 0.186531 0.196005 0.0586803 0.059328 0.0344526 -3.52157e-05 0.104535 0.0905339 0.220642 -0.145634 0.0848008 -0.17133 -0.278651 -0.0320496 -0.0232903 0.103503 0.24747 0.234203 0.0865357 0.111698 -0.181009 0.0475771 0.105148 0.378782 0.00879399 0.0271876 -0.0106054 -0.0762786 -0.450243 -0.158491 -0.0230334 0.165257 0.331294 0.094481 0.221894 0.170154 -0.0791424 -0.111117 -0.0968117 0.0949419 0.173385 -0.214907 0.0773775 0.20319 -0.114799 0.0214654 0.198099 -0.0884203 0.146234 -0.108419 -0.313102 -0.059638 -0.309078 
-0.246323 -0.202878 -0.24791 0.015835 0.413792 -0.17385 0.175132 -0.246809 -0.153473 -0.374091 0.0324282 0.154606 0.200457 -0.00378152 0.090827 0.0292478 -0.0229534 0.0575813 0.0996459 0.178267 -0.154673 0.100054 -0.193674 -0.296848 -0.0249719 0.00123984 0.0712723 0.124363 0.235489 0.112944 0.145193 -0.185068 0.0255017 0.0874774 0.402054 0.0224188 0.0685314 0.0598451 -0.068351 -0.407176 -0.115586 -0.0317412 0.177196 0.363177 0.0848148 0.213149 0.12307 -0.0672715 -0.125665 -0.13187 0.0830158 0.142045 -0.224398 0.135636 0.194451 -0.106336 0.00682287 0.166009 -0.0360061 0.119672 -0.091427 -0.369863 -0.0333494 -0.316006 
-0.179786 -0.263158 -0.2658 0.0296316 0.449106 -0.153614 0.126639 -0.225211 -0.223317 -0.359363 -0.00253986 0.175727 0.203787 0.088311 0.156442 0.00916514 0.0420496 0.0479224 0.0879092 0.279372 -0.15323 0.125724 -0.186934 -0.278557 -0.0115211 -0.0182696 0.0979625 0.201718 0.265298 0.0910103 0.149009 -0.164368 0.00244961 0.106118 0.373967 -0.0122918 -0.023726 0.060982 -0.138481 -0.328504 -0.0960914 -0.0388685 0.192006 0.37152 0.0706109 0.227668 0.118936 -0.104474 -0.088787 -0.0950291 0.0765919 0.14463 -0.208966 0.024094 0.176035 -0.124678 0.0134967 0.210288 -0.058688 0.147381 -0.0536487 -0.370823 -0.0408969 -0.347394 
-0.173508 -0.256927 -0.300547 0.0523928 0.426194 -0.160552 0.168828 -0.195671 -0.128264 -0.364853 0.0209249 0.109795 0.188191 0.110489 0.0461154 0.00411177 0.0270025 0.104795 0.103382 0.236226 -0.159739 0.110942 -0.207003 -0.278088 -0.0457595 0.00597873 0.0818153 0.12768 0.229246 0.0883271 0.154935 -0.194173 0.0232882 0.050596 0.364056 -0.0361169 -0.0279612 0.0416157 -0.111298 -0.337759 -0.144095 -0.0114458 0.23429 0.361516 0.0563288 0.200894 0.156753 -0.063403 -0.106017 -0.136107 0.0673894 0.124633 -0.196442 0.0942383 0.187215 -0.104762 0.0282649 0.279519 -0.0790859 0.171251 -0.0905553 -0.352098 -0.0386095 -0.299588 
-0.227176 -0.233239 -0.26687 0.070792 0.407602 -0.191037 0.167214 -0.279501 -0.136707 -0.365254 0.00896738 0.143529 0.200165 0.055012 0.0505758 0.0199818 0.0177533 0.038052 0.094501 0.223978 -0.117867 0.0927299 -0.191381 -0.289338 -0.015263 -0.0193044 0.0223043 0.209026 0.239297 0.0972899 0.122951 -0.189871 -0.0289466 0.032912 0.310697 0.0337925 0.0468414 0.0108675 -0.0879335 -0.402283 -0.150162 -0.0485417 0.178447 0.256864 0.0754538 0.215897 0.203515 -0.118886 -0.107717 -0.16558 0.051679 0.163305 -0.223336 0.109384 0.16571 -0.121693 0.0261414 0.203832 -0.0438703 0.163913 0.00769211 -0.327686 -0.0515873 -0.323144 
-0.227052 -0.201529 -0.282973 0.0120158 0.419409 -0.239498 0.13487 -0.220576 -0.135934 -0.326984 0.028675 0.0669463 0.200901 -0.0328882 0.0730119 0.029652 0.0282247 0.0663548 0.0904473 0.223052 -0.164496 0.141186 -0.255063 -0.239233 0.0012078 -0.0812717 0.0867587 0.209643 0.283393 0.0803298 0.116895 -0.141654 0.0360484 0.055502 0.381998 -0.0136652 -0.0202006 -0.00243948 -0.11422 -0.402935 -0.108734 -0.0322829 0.203037 0.413457 0.0435023 0.199629 0.128169 -0.059503 -0.154841 -0.115605 0.0348089 0.175854 -0.179512 0.104643 0.166167 -0.0886811 -0.0148344 0.219681 -0.0500857 0.173392 -0.0541572 -0.362432 -0.0213472 -0.331383 
-0.159247 -0.249988 -0.247759 0.030073 0.460854 -0.171056 0.205534 -0.227461 -0.153442 -0.326836 0.0209006 0.123229 0.185302 0.0614711 0.10106 0.0275996 0.0231319 0.0725617 0.0660354 0.239652 -0.156828 0.0957318 -0.200873 -0.207618 0.00816176 0.0430562 0.0489792 0.188519 0.254173 0.132694 0.149109 -0.135983 0.0607013 0.0692404 0.379214 -0.0439591 -0.00150517 0.0273842 -0.0783389 -0.426342 -0.179974 -0.0488364 0.174201 0.34026 0.104842 0.185587 0.175119 -0.145583 -0.089985 -0.149219 0.0405532 0.20647 -0.195497 0.0633082 0.171783 -0.0828779 0.0196306 0.239966 -0.0848443 0.177419 -0.0436044 -0.334321 -0.0645156 -0.331513 
-0.16934 -0.214568 -0.280752 0.0643345 0.471913 -0.181363 0.142928 -0.26764 -0.152067 -0.335549 0.0103363 0.134165 0.243861 -0.030421 0.0542589 0.0128473 -0.0142028 0.0614321 0.0555969 0.215553 -0.0970111 0.130317 -0.20592 -0.290347 -0.0512201 -0.0553645 0.105762 0.185907 0.232303 0.0465605 0.188943 -0.139338 0.00889919 0.0913906 0.38118 -0.0587603 0.0311416 0.00808507 -0.062255 -0.436521 -0.116468 0.0261733 0.150265 0.358131 0.0620788 0.184711 0.166401 -0.122746 -0.122747 -0.16256 0.127093 0.194187 -0.220541 0.105207 0.163233 -0.0958122 -0.0144689 0.236577 -0.118638 0.186215 -0.0387758 -0.33083 -0.0447333 -0.335441 
-0.164129 -0.177784 -0.341547 0.0529491 0.480857 -0.120214 0.167406 -0.257153 -0.162214 -0.353135 0.0267912 0.120441 0.197544 0.0203369 0.0804281 -0.0372787 0.0481391 0.0692457 0.0725509 0.242251 -0.169757 0.0708996 -0.222249 -0.304433 -0.0224088 -0.0472244 0.0382482 0.229475 0.235885 0.0984291 0.141463 -0.145975 0.028092 0.0747854 0.414448 0.00121816 0.00598847 0.0738159 -0.032342 -0.375796 -0.0868548 -0.0551237 0.172016 0.372588 0.0413202 0.269298 0.137205 -0.0745211 -0.129379 -0.128355 0.0443027 0.164035 -0.19879 0.123598 0.183042 -0.118717 -0.043079 0.153089 -0.03179 0.18493 -0.0612897 -0.351707 -0.0641745 -0.285209 
-0.212501 -0.184673 -0.25511 0.00334893 0.481363 -0.117578 0.114321 -0.229477 -0.162966 -0.341866 -0.0205244 0.102413 0.232921 0.0496766 0.0583907 0.0151692 0.0753423 0.0159032 0.117862 0.18621 -0.131592 0.127436 -0.270542 -0.2432 -0.0292308 0.0108819 0.0557744 0.16026 0.278879 0.0575584 0.103295 -0.15082 0.00918562 0.0743501 0.310858 0.0310597 -0.00032395 0.0469655 -0.0925661 -0.414368 -0.118428 -0.0297528 0.165197 0.338923 0.0240976 0.22546 0.167622 -0.11521 -0.111831 -0.180168 0.0716406 0.150774 -0.162974 0.130489 0.175049 -0.0919916 -0.0707024 0.214496 -0.123942 0.179475 -0.0339762 -0.38378 -0.0837829 -0.30042 
-0.146947 -0.189071 -0.256824 0.0893156 0.423379 -0.107523 0.2 -0.222716 -0.126514 -0.333285 0.00577411 0.142076 0.253551 0.0440069 0.0940554 -0.0194466 -0.0248187 0.0704765 0.0588665 0.272837 -0.146211 0.111095 -0.225258 -0.231082 -0.0468052 -0.019612 0.038969 0.178136 0.242512 0.0962936 0.176822 -0.158945 0.0634204 0.0469061 0.328274 -0.0140623 -0.014397 0.0616449 -0.118948 -0.438374 -0.152591 -0.0613137 0.182309 0.341555 0.0716941 0.210909 0.110196 -0.140496 -0.1276 -0.107194 0.0234822 0.133859 -0.204872 0.0984065 0.239954 -0.0911377 -0.0182382 0.248097 -0.105691 0.108062 -0.0616686 -0.408403 -0.135973 -0.33478 
-0.166702 -0.20749 -0.300904 0.0431291 0.483854 -0.176324 0.158508 -0.19498 -0.117511 -0.292035 0.00508951 0.129233 0.219493 0.0609495 0.0653102 0.00901199 -0.0251447 0.0628855 0.0943532 0.247321 -0.0830143 0.100056 -0.222849 -0.258068 -0.0618118 -0.061763 0.0884991 0.184106 0.23907 0.0963812 0.14602 -0.144964 0.0506345 0.0373364 0.371273 -0.0357371 0.0416471 -0.0186137 -0.0518054 -0.448629 -0.143798 -0.0172188 0.216929 0.314544 0.106103 0.255562 0.168621 -0.136 -0.0916244 -0.148054 0.0750664 0.180273 -0.256657 0.170213 0.179723 -0.0890945 -0.00860819 0.19868 -0.078056 0.164976 -0.0194387 -0.312852 -0.0198106 -0.299689 
-0.169372 -0.227679 -0.265811 0.0618434 0.494045 -0.146768 0.21489 -0.24726 -0.148078 -0.421041 0.0493917 0.147682 0.157173 0.0830493 0.0671631 -0.00551265 -0.0270641 0.0835053 0.106838 0.238993 -0.149493 0.0980827 -0.221169 -0.238966 -0.0627537 -0.00380957 0.0822175 0.215478 0.27456 0.114379 0.089099 -0.12297 0.0107166 0.0884547 0.331215 -0.00789786 -0.0087521 0.0722052 -0.0860366 -0.384707 -0.100143 -0.0769287 0.136054 0.31117 0.137047 0.235682 0.0910325 -0.0751835 -0.0694751 -0.0995604 0.0589312 0.177922 -0.251748 0.169613 0.162939 -0.0608549 -0.00766205 0.218451 -0.0761689 0.159559 -0.0233715 -0.364708 -0.0902244 -0.293172 
-0.176623 -0.188133 -0.300299 0.0457835 0.484365 -0.11271 0.214207 -0.177465 -0.127881 -0.294057 -0.00623917 0.118918 0.16618 0.0756931 0.0804675 0.0505094 0.0213238 0.0464226 0.124817 0.251755 -0.127597 0.148759 -0.234518 -0.169759 -0.00625713 0.000420656 0.0586176 0.169252 0.244962 0.0553499 0.159766 -0.191016 0.0135663 0.0857121 0.385318 0.0294391 -0.0258718 0.0343984 -0.0252027 -0.408941 -0.165935 -0.0632432 0.199922 0.317426 0.100508 0.199025 0.149501 -0.119783 -0.176391 -0.144649 0.0426194 0.199644 -0.198473 0.198751 0.18437 -0.0668416 -0.0170361 0.2109 -0.112404 0.124909 -0.00506945 -0.388337 -0.0560177 -0.281588 
-0.160603 -0.237279 -0.288235 0.0209162 0.486808 -0.124391 0.193389 -0.273952 -0.158357 -0.33978 0.0217493 0.0944984 0.190482 0.0232479 0.107909 0.0144146 0.00129715 0.0336726 0.0888475 0.207008 -0.0769007 0.081555 -0.240983 -0.24546 -0.044461 0.0346146 0.0760801 0.205697 0.270228 0.0953332 0.125685 -0.157299 0.0856358 -0.033631 0.295505 -0.0399068 -0.0303829 0.0502443 -0.0849763 -0.452347 -0.187928 -0.0558055 0.211699 0.377333 0.101951 0.203143 0.165843 -0.0780687 -0.123256 -0.179817 0.116313 0.143781 -0.137429 0.156502 0.21319 -0.0917266 -0.00108265 0.1979 -0.0778438 0.151196 -0.020809 -0.374016 -0.0570723 -0.300716 
-0.221941 -0.207551 -0.235815 0.0265246 0.480524 -0.120841 0.239779 -0.217966 -0.161433 -0.365604 0.0131737 0.135594 0.208418 0.072173 0.0702908 -0.0353081 -0.00532506 0.0424973 0.0590512 0.241323 -0.0772995 0.11448 -0.280746 -0.210477 -0.00373103 -0.00222492 0.0524851 0.128036 0.271027 0.0991774 0.152966 -0.141688 0.0958672 0.0133292 0.333311 0.0190474 0.00312151 0.021208 -0.0768288 -0.460407 -0.206895 -0.0502718 0.2078 0.350017 0.0540749 0.186817 0.142116 -0.108328 -0.0912917 -0.0904678 0.0399319 0.115191 -0.198228 0.147056 0.212562 -0.0924968 -0.043803 0.194186 -0.0873678 0.187203 -0.0154527 -0.391425 -0.0780479 -0.273468 
-0.162125 -0.252994 -0.258783 0.0334103 0.460567 -0.0899919 0.251993 -0.221749 -0.116424 -0.32468 0.0260232 0.122939 0.178456 0.0440454 0.104361 0.0302904 -0.0232744 0.0842662 0.0949659 0.171393 -0.0744903 0.0691242 -0.260792 -0.237379 0.00386668 0.030892 0.072556 0.157131 0.285313 0.0642923 0.0733583 -0.140227 0.0533886 0.0342973 0.310472 -0.0528452 -0.0314956 0.0403244 -0.0781087 -0.365788 -0.197847 -0.0392341 0.204858 0.394002 0.0572218 0.222527 0.149912 -0.131132 -0.113242 -0.115667 0.0152259 0.11905 -0.237759 0.226194 0.219498 -0.0457786 -0.026246 0.256385 -0.129015 0.187222 -0.0135665 -0.364551 -0.0609762 -0.327105 
-0.206468 -0.23707 -0.290185 0.0359446 0.460185 -0.141944 0.233915 -0.224532 -0.137953 -0.335874 -0.0149527 0.0836452 0.159955 0.0643948 0.126511 0.0050365 0.0447814 0.0515657 0.0777408 0.219746 -0.101889 0.119044 -0.219156 -0.206053 -0.00403036 0.0111582 0.0682613 0.19585 0.321801 0.0898333 0.131706 -0.130111 0.0507944 -0.0148867 0.339845 0.0437809 -0.0168277 -0.00230056 -0.0831415 -0.390881 -0.17238 -0.10551 0.173922 0.381771 0.107823 0.239958 0.156422 -0.0975079 -0.102083 -0.143364 0.0521728 0.144889 -0.269164 0.151768 0.148579 -0.0203123 0.0197017 0.225093 -0.0854629 0.164115 0.00875325 -0.318361 -0.0622592 -0.255931 
-0.169675 -0.201532 -0.287053 0.0402654 0.43006 -0.0601421 0.304617 -0.222974 -0.134099 -0.31103 -0.0183809 0.103587 0.169408 0.113483 0.113094 -0.0125029 0.019909 0.0421249 0.0489914 0.229856 -0.109126 0.128797 -0.303173 -0.191494 -0.04967 -0.0316966 0.107123 0.14362 0.283424 0.0775594 0.130844 -0.160907 0.0632515 0.0537395 0.268981 -0.00618507 -0.037058 0.00802719 -0.0609311 -0.449449 -0.191461 -0.0168814 0.199085 0.394967 0.0950151 0.22691 0.189169 -0.0962138 -0.142328 -0.140807 0.0148078 0.160323 -0.19041 0.216684 0.234138 -0.0615297 -0.0239549 0.222617 -0.121341 0.171423 -0.0498079 -0.359382 -0.0213683 -0.314128 
-0.188887 -0.198132 -0.25687 0.0684108 0.460562 -0.0693203 0.216343 -0.253795 -0.12472 -0.303665 0.0706946 0.123374 0.13066 0.00952014 0.0897377 -0.00658724 0.0033727 0.0190979 0.0789191 0.212906 -0.0629579 0.0789548 -0.276604 -0.227366 -0.0149901 0.0278949 0.0546078 0.163031 0.2847 0.0357141 0.101144 -0.1337 0.0540741 0.00411407 0.342378 -0.0205028 0.00282198 -0.00582837 -0.0942712 -0.421596 -0.193071 -0.0281147 0.180389 0.367369 0.060381 0.188154 0.144192 -0.100706 -0.0948085 -0.165483 0.025994 0.13903 -0.186706 0.160859 0.211936 -0.0986043 0.0418334 0.300264 -0.0985413 0.147341 -0.00784735 -0.398261 -0.0556299 -0.351479 
-0.188094 -0.229922 -0.261377 0.0898642 0.451009 -0.0903603 0.286044 -0.278037 -0.145369 -0.31541 -0.0162288 0.118079 0.207058 0.0897401 0.109317 -0.0127303 -0.024597 -0.0176829 0.094358 0.265932 -0.114327 0.10396 -0.301477 -0.240813 -0.0339654 0.0144318 0.0169873 0.135595 0.208592 0.0792468 0.0627568 -0.149444 0.0684977 0.0204127 0.320982 -0.018559 -0.0191241 0.0371249 -0.0721356 -0.434147 -0.144014 -0.0560747 0.172258 0.412916 0.0776357 0.226798 0.177506 -0.0558586 -0.127222 -0.122224 0.076721 0.141305 -0.185559 0.187194 0.178382 -0.102248 -0.0343505 0.209318 -0.0984087 0.17901 0.0617885 -0.378595 -0.0228757 -0.308145 
-0.169241 -0.25031 -0.246606 0.0336165 0.501692 -0.127724 0.19469 -0.228373 -0.104796 -0.316161 -0.0230507 0.117192 0.195218 -0.00606504 0.0942416 0.0471364 0.0272387 0.0423769 0.0767436 0.23997 -0.0964551 0.119892 -0.264462 -0.263459 -0.0258796 0.000411706 0.074293 0.137529 0.285671 0.0469482 0.124646 -0.175468 0.119537 0.0224527 0.324454 0.00585802 -0.0188068 0.0305085 -0.0914986 -0.490932 -0.106441 -0.0203688 0.137397 0.354642 0.0693968 0.191285 0.185587 -0.057964 -0.0896511 -0.15219 0.0995857 0.181462 -0.139876 0.177262 0.216452 -0.0975017 -0.0291418 0.18967 -0.11593 0.134088 -0.0120788 -0.386746 -0.0342483 -0.3002 
-0.178992 -0.196372 -0.287066 0.0261789 0.446468 -0.0952428 0.25476 -0.273068 -0.13623 -0.337489 0.00810331 0.130543 0.15318 0.0547748 0.0949867 -0.0504952 -0.01916 0.0599208 0.0944187 0.170983 -0.0785788 0.0992929 -0.263382 -0.215233 -0.0257202 -0.0100432 0.0190488 0.178473 0.222511 0.0460571 0.142854 -0.152357 0.0464071 -0.0314674 0.292751 -0.0194579 -0.0101299 0.00790206 -0.150551 -0.43159 -0.182589 -0.0905901 0.209148 0.398399 0.0696602 0.193765 0.177179 -0.10021 -0.118449 -0.17443 0.0635539 0.115058 -0.213713 0.173577 0.176458 -0.0789943 -0.0359972 0.231779 -0.119683 0.11867 0.0432771 -0.395262 -0.0695791 -0.286023 
-0.197122 -0.209389 -0.324319 0.0541741 0.445806 -0.104326 0.251639 -0.267909 -0.124573 -0.318063 0.0304431 0.119077 0.152212 0.0323857 0.0697707 -0.0520358 0.00969973 0.051339 0.0964042 0.130087 -0.0752568 0.0923176 -0.258437 -0.212853 0.0355477 -0.0337826 0.0317678 0.1482 0.227474 0.0125816 0.105963 -0.132903 0.0876621 -0.0606019 0.334081 0.0328464 -0.0158941 -0.00964372 -0.0833308 -0.406956 -0.190688 -0.0589911 0.191605 0.353791 0.0655005 0.244308 0.126793 -0.0958992 -0.0918965 -0.135174 0.0769099 0.116877 -0.191373 0.185241 0.180197 -0.0866759 -0.0613255 0.237542 -0.112918 0.142111 0.0189408 -0.361066 -0.0304745 -0.313467 
-0.132721 -0.198931 -0.316627 0.0498168 0.453249 -0.0761993 0.310153 -0.237039 -0.146096 -0.300997 -0.0151427 0.102556 0.139897 0.0778586 0.0652151 0.00518545 0.0341239 0.0253122 0.113189 0.197086 -0.0857999 0.0948271 -0.259802 -0.174943 -0.0383069 -0.0203498 0.0462262 0.124862 0.259725 0.0870945 0.128492 -0.161441 0.049691 -0.0309742 0.357718 0.0303229 -0.0274069 0.0145053 -0.0979397 -0.431809 -0.196482 -0.0421362 0.210585 0.378126 0.0896574 0.203641 0.121715 -0.0652666 -0.111594 -0.133619 0.0104285 0.0876655 -0.178244 0.264683 0.169477 -0.101508 -0.0580672 0.215645 -0.141542 0.174348 0.0297565 -0.382491 -0.11044 -0.290105 
-0.162958 -0.181194 -0.289617 0.0508108 0.427599 -0.0894733 0.281093 -0.281841 -0.180677 -0.252584 0.0424252 0.118623 0.116668 0.0671744 0.07764 0.00525987 0.0068724 0.0263476 0.101294 0.234518 -0.0832653 0.109125 -0.331439 -0.178878 -0.0162319 -0.00713965 0.0431989 0.170765 0.226378 0.0810455 0.0977198 -0.0987243 0.0896517 -0.0407278 0.357814 -0.0661622 -0.0351512 -0.0295754 -0.103482 -0.402429 -0.211783 -0.048714 0.166283 0.397285 0.153756 0.217809 0.186218 -0.080627 -0.101906 -0.152159 0.0419854 0.107611 -0.161876 0.161104 0.196369 -0.0765913 -0.0237602 0.174127 -0.153395 0.220162 0.0290028 -0.367437 -0.0424673 -0.305998 
-0.133328 -0.177058 -0.29006 0.041675 0.454142 -0.0781116 0.29461 -0.292102 -0.115007 -0.330639 0.0165062 0.104668 0.112859 0.0832987 0.0887154 0.0776195 0.0254629 0.0575004 0.102807 0.197493 -0.0690905 0.0930619 -0.298861 -0.210311 -0.0358314 0.0175686 0.0640767 0.176701 0.254277 0.0621033 0.154431 -0.155654 0.153853 0.0149085 0.360761 -0.011459 -0.0310382 0.0547869 -0.0316977 -0.414919 -0.189049 -0.0765754 0.224936 0.431007 0.0741442 0.217273 0.193733 -0.0711319 -0.0874225 -0.142295 0.0321057 0.142816 -0.249779 0.164628 0.179035 -0.0846559 -0.0322579 0.221073 -0.102944 0.171857 0.0188801 -0.414735 -0.0571748 -0.33721 
-0.120636 -0.214234 -0.311856 0.0494986 0.494627 -0.0633747 0.287382 -0.265022 -0.0879115 -0.311502 -0.00165051 0.126249 0.153882 0.090785 0.159964 0.0276599 0.0171273 0.0639317 0.0946057 0.175208 -0.0562753 0.084415 -0.276552 -0.190548 -0.0700159 -0.00102101 0.0187338 0.164926 0.260158 0.0779443 0.172607 -0.143794 0.106221 0.00530668 0.329828 -0.0562486 -0.0497267 0.0501033 -0.0752514 -0.445608 -0.152875 -0.0198643 0.229705 0.367312 0.0668125 0.193398 0.171391 -0.0755391 -0.114603 -0.129215 0.0816366 0.1553 -0.181612 0.190099 0.221748 -0.0577767 -0.0167734 0.236972 -0.124013 0.181021 -0.0408258 -0.341516 -0.0168391 -0.33334 
-0.155572 -0.197567 -0.279936 0.0179502 0.420895 -0.045037 0.277348 -0.273213 -0.107429 -0.35618 0.0140701 0.0936051 0.147143 0.0809882 0.0871612 0.0417047 0.0252391 0.027929 0.0639278 0.169942 -0.0976703 0.0871435 -0.257461 -0.17736 -0.029037 0.00929689 0.0527816 0.190562 0.242102 0.147301 0.113097 -0.128391 0.0765035 -0.0243515 0.288017 -0.0297931 -0.00814664 0.0340044 -0.0544406 -0.4464 -0.150015 -0.0216825 0.215551 0.368917 0.0915859 0.201295 0.135306 -0.116959 -0.114605 -0.091713 -0.0198141 0.149136 -0.157139 0.208253 0.201341 -0.11071 -0.0155935 0.23378 -0.0925614 0.164151 0.00450308 -0.367107 -0.0577298 -0.305975 
-0.144148 -0.193017 -0.276797 0.0845904 0.437974 -0.0641899 0.324816 -0.244133 -0.113315 -0.285666 -0.0374304 0.126202 0.201177 0.0438474 0.0933879 0.0214483 -0.00354393 -0.0122188 0.0847232 0.182077 -0.0906568 0.0942264 -0.339108 -0.201023 0.00438266 0.011122 0.0292757 0.175497 0.254611 0.0547185 0.0703031 -0.214228 0.0633673 -0.0435319 0.32579 0.0288037 -0.0317901 0.000878078 -0.0322841 -0.417072 -0.127442 -0.030822 0.214442 0.358674 0.0783767 0.249437 0.204123 -0.0646744 -0.123051 -0.0944092 0.0773618 0.121236 -0.210409 0.176898 0.195522 -0.0582155 -0.0380466 0.19977 -0.0972347 0.209743 0.00544098 -0.309005 -0.0100696 -0.33103 
-0.106206 -0.25887 -0.28618 0.0547114 0.443923 -0.0387809 0.269854 -0.225686 -0.112659 -0.31346 -0.0391682 0.0982574 0.157101 0.066334 0.124212 -0.0226303 -0.0451401 0.0524312 0.145346 0.171097 -0.0798602 0.123618 -0.307664 -0.166174 0.0122312 0.00953783 0.0307876 0.154739 0.251586 0.0444715 0.0948991 -0.190683 0.0114742 -0.0778676 0.245016 -0.0204617 -0.0715379 0.0206514 -0.0851614 -0.393913 -0.186514 -0.0143449 0.231629 0.378058 0.1219 0.203417 0.123661 -0.0544312 -0.109339 -0.19231 0.10223 0.0997043 -0.135669 0.20677 0.162649 -0.0989017 -0.0193124 0.223566 -0.14506 0.192935 0.0290924 -0.363552 -0.0407216 -0.32184 
-0.181296 -0.203485 -0.244766 0.0547921 0.437408 -0.0740979 0.256141 -0.240032 -0.165913 -0.33573 -0.0288914 0.135659 0.141774 0.090539 0.141418 -0.0558677 -0.0156682 -0.0111765 0.131841 0.210762 -0.106258 0.132474 -0.308083 -0.255681 -0.00622043 -0.0369178 -0.00916228 0.186061 0.24893 0.145659 0.182156 -0.0922371 0.0786381 -0.0182263 0.320926 0.00538265 -0.0193412 0.0557256 -0.0806672 -0.435888 -0.198644 -0.0540599 0.191338 0.340336 0.0777605 0.180696 0.186175 -0.0318759 -0.0953622 -0.132081 -0.00570045 0.147345 -0.182138 0.161097 0.212373 -0.084066 0.0298016 0.225438 -0.0929428 0.179805 -0.00882651 -0.380618 -0.0218498 -0.31441 
-0.150408 -0.238516 -0.249286 0.0482201 0.457686 -0.0351422 0.275738 -0.271946 -0.0761562 -0.308757 0.0804282 0.0898019 0.206391 0.0478797 0.0828451 0.0144756 0.0556093 -0.00135101 0.0950861 0.204536 -0.120602 0.11124 -0.341552 -0.191345 0.00701518 -0.0481517 0.0330982 0.143285 0.272904 0.0789541 0.150008 -0.115717 0.108311 -0.0174435 0.27737 0.0567614 -0.0407851 -0.00704107 -0.0845934 -0.386117 -0.252788 -0.0294399 0.226857 0.372794 0.0887089 0.217495 0.148274 -0.122207 -0.129435 -0.192165 0.0821322 0.179733 -0.176264 0.23179 0.206896 -0.112408 -0.0161808 0.229271 -0.12226 0.167688 0.0369799 -0.403535 -0.0192703 -0.30093 
-0.162556 -0.243437 -0.297588 0.0719122 0.470108 -0.0521987 0.318968 -0.241288 -0.0907562 -0.276148 -0.00334971 0.116126 0.128113 0.111596 0.0744345 0.042547 0.0248602 -0.0216053 0.138434 0.174164 -0.0559177 0.0816579 -0.370361 -0.194246 0.0253906 -0.00298999 0.0544101 0.148823 0.226553 0.0452599 0.154286 -0.146956 0.0907937 -0.00317029 0.298045 0.0134075 -0.0401647 0.0445449 -0.0673516 -0.392727 -0.173342 -0.030306 0.204981 0.347853 0.0876384 0.184384 0.191072 -0.0993353 -0.123389 -0.169259 0.0434517 0.130827 -0.191557 0.227359 0.164968 -0.0807853 -0.0337637 0.213837 -0.124143 0.193487 0.0232561 -0.362354 0.0539068 -0.352462 
-0.161926 -0.224254 -0.320426 0.0367347 0.421512 -0.0583785 0.256103 -0.296682 -0.115752 -0.334746 0.0228644 0.108193 0.152636 0.103149 0.0797165 -0.0416274 0.00990924 0.00642131 0.137409 0.175717 -0.117011 0.131171 -0.286277 -0.189993 -0.0230579 -0.00625475 0.0226117 0.163381 0.266348 0.0764549 0.145253 -0.126313 0.0805218 0.0135637 0.320012 -0.00823451 -0.0285472 0.0437024 -0.0793481 -0.418043 -0.215376 -0.08602 0.205952 0.373141 0.104929 0.183708 0.164793 -0.118752 -0.0926671 -0.110919 0.0511804 0.138508 -0.245823 0.23174 0.224262 -0.102292 -0.060536 0.280463 -0.120271 0.195747 -0.0413642 -0.335122 0.00878751 -0.293187 
-0.187484 -0.207227 -0.252293 0.023986 0.419805 -0.00026487 0.255828 -0.273042 -0.107282 -0.290944 0.0376808 0.147545 0.106917 0.103204 0.10503 -0.00503339 0.0223786 -0.0234253 0.0736129 0.172075 -0.0789543 0.136235 -0.367078 -0.155842 -0.0321612 -0.0160007 0.0281082 0.168565 0.255067 0.0826273 0.142787 -0.108128 0.0880437 -0.00852243 0.267101 0.00987521 -0.0380535 0.0123676 -0.108981 -0.400935 -0.255025 -0.0971029 0.200531 0.387942 0.0289026 0.187363 0.16615 -0.0281466 -0.0904805 -0.174421 0.0472611 0.114473 -0.19099 0.176484 0.178778 -0.042117 -0.0200667 0.260448 -0.14167 0.180576 -0.00352919 -0.398596 0.0173883 -0.336913 
-0.159604 -0.19808 -0.289804 0.0721277 0.458692 -0.037539 0.266634 -0.241978 -0.0923579 -0.350341 0.0432154 0.0950541 0.136397 0.0840645 0.0853444 -0.00956344 0.0424076 0.0195438 0.150293 0.163105 -0.068515 0.120444 -0.280948 -0.177493 -0.0262302 0.0151816 -0.00367022 0.211854 0.253033 0.118822 0.207537 -0.178731 0.114345 -0.0198032 0.28627 -0.0218553 -0.0532359 0.00874011 -0.0687408 -0.42532 -0.188574 -0.0664912 0.195393 0.349905 0.133971 0.19101 0.152957 -0.0739537 -0.0804473 -0.151831 0.0525238 0.160395 -0.144043 0.235638 0.18207 -0.0401861 -0.026105 0.239507 -0.175379 0.194838 0.0905182 -0.364928 0.0127883 -0.361121 
-0.12797 -0.182219 -0.357119 0.0830068 0.436755 0.0564935 0.324895 -0.24881 -0.101182 -0.282601 0.00167661 0.088174 0.13426 0.134595 0.0947865 0.00298439 0.0208236 -0.0246771 0.0950695 0.193971 -0.0943988 0.107328 -0.334652 -0.207698 -0.0521826 -0.00422117 0.0579585 0.130047 0.241792 0.0632316 0.105327 -0.1737 0.121867 -0.0554171 0.269264 -0.021213 -0.0478325 -0.00679942 -0.092288 -0.422316 -0.166574 -0.0770604 0.204796 0.359964 0.102057 0.145949 0.139118 -0.0521495 -0.104321 -0.20926 0.0305364 0.102092 -0.170092 0.275146 0.184418 -0.069306 -0.00907278 0.234665 -0.228631 0.170535 0.0540139 -0.367573 -0.00512843 -0.32179 
-0.128683 -0.194959 -0.273152 0.0555266 0.462761 -0.0652547 0.269345 -0.271877 -0.126434 -0.329606 -0.00212015 0.181795 0.138081 0.107455 0.0969323 0.00526656 0.0241773 -0.00256002 0.129995 0.16662 -0.0576327 0.0761663 -0.345009 -0.185954 -0.00546218 -0.029885 0.0755512 0.192547 0.274968 0.0734894 0.166955 -0.134368 0.0666349 -0.0664041 0.315156 0.0370388 -0.0100452 0.0705667 -0.0889542 -0.401753 -0.19717 -0.0481076 0.205462 0.371838 0.0586981 0.204456 0.137528 -0.0550263 -0.115853 -0.19566 0.00802533 0.106003 -0.128506 0.239946 0.169933 -0.0823961 0.00234379 0.205306 -0.111886 0.200673 0.0348541 -0.348181 0.00599107 -0.309247 
-0.179604 -0.199255 -0.255156 0.0614568 0.441715 0.00127737 0.28853 -0.256579 -0.0866764 -0.28756 -0.0236909 0.0941469 0.0858084 0.114711 0.0319138 -0.0249846 0.00456148 -0.006843 0.161588 0.182107 -0.0975074 0.0855035 -0.363336 -0.247134 0.0141421 0.0275906 0.00135365 0.155614 0.255127 0.0823426 0.136963 -0.158316 0.0953946 -0.0577607 0.285721 -0.0159 -0.000172941 -0.0104972 -0.0416111 -0.406144 -0.218415 -0.0923754 0.244839 0.430928 0.117662 0.220909 0.138298 -0.034652 -0.105455 -0.173296 -0.00134795 0.078554 -0.172042 0.262591 0.154899 -0.0754987 -0.0911933 0.295996 -0.130181 0.208983 -0.0371295 -0.375584 -0.0633826 -0.345036 
-0.119927 -0.2101 -0.253339 0.0742374 0.406525 -0.0244619 0.253841 -0.217877 -0.12592 -0.265301 0.00916146 0.119196 0.129456 0.14379 0.10549 -0.0455086 0.021676 -0.00202103 0.128614 0.160753 -0.087599 0.131572 -0.358874 -0.199857 -0.00273173 0.000536295 0.0260309 0.191156 0.260102 0.0305434 0.107322 -0.12041 0.0234681 -0.0327967 0.263155 -0.0160522 -0.00329937 0.0493357 -0.0583488 -0.417321 -0.187466 -0.0390347 0.246375 0.350341 0.0479577 0.183484 0.146274 -0.0858925 -0.104249 -0.130502 0.0601654 0.107519 -0.167528 0.160877 0.135519 -0.0691787 0.014905 0.234687 -0.125874 0.197505 0.00505496 -0.391241 0.00433483 -0.29346 
-0.118945 -0.243418 -0.254876 0.0407407 0.471393 -0.0299056 0.267059 -0.261614 -0.127312 -0.311992 0.0816661 0.144846 0.180906 0.114764 0.0937211 0.0019422 0.00167643 -0.0458466 0.092274 0.219105 -0.111376 0.13016 -0.364527 -0.200808 -0.0126581 -0.0209072 0.0680397 0.183542 0.256829 0.0574013 0.14918 -0.15589 0.0879384 -0.0851284 0.324937 0.0290826 -0.0283303 0.0546875 -0.0679889 -0.374685 -0.208972 -0.0607933 0.197945 0.390165 0.0455018 0.170266 0.155544 -0.0418067 -0.0770721 -0.175174 0.0792246 0.122911 -0.135891 0.25496 0.180013 -0.057112 -0.0192331 0.246464 -0.184912 0.214599 0.0139502 -0.360586 0.0155948 -0.311305 
-0.178012 -0.218851 -0.253116 0.089047 0.465182 -0.0113295 0.282842 -0.274618 -0.0778116 -0.336165 -0.0379928 0.127736 0.136288 0.110153 0.117214 -0.0836527 0.0514642 -0.00110083 0.17856 0.150077 -0.106563 0.0912004 -0.399473 -0.195447 -0.0338798 -0.00384738 0.00508002 0.203223 0.234792 0.0935351 0.167347 -0.0790571 0.101583 -0.101795 0.301341 -0.0019661 -0.0211648 0.0203791 -0.0785634 -0.417493 -0.18133 -0.063834 0.222457 0.357236 0.0660997 0.223712 0.148291 -0.106137 -0.0495789 -0.148913 0.051217 0.0670058 -0.189121 0.22896 0.16334 -0.0287334 -0.0610312 0.215752 -0.117895 0.226787 0.0192046 -0.415072 0.0195776 -0.292098 
-0.157318 -0.22854 -0.284561 0.0770684 0.433832 0.0112731 0.273171 -0.281531 -0.135052 -0.319165 -0.0333104 0.0853027 0.164199 0.126625 0.105638 -0.0369895 0.0168298 -0.0215488 0.0914608 0.184363 -0.0642316 0.0813372 -0.333449 -0.232751 0.0220834 -0.0424845 0.0413986 0.167883 0.233986 0.110943 0.137274 -0.123848 0.076154 -0.0492441 0.272563 -0.0244721 -0.0053757 0.0299863 -0.118021 -0.437082 -0.22865 -0.054584 0.150786 0.374693 0.0667641 0.183774 0.16732 -0.105157 -0.141142 -0.148413 0.0242505 0.109247 -0.183608 0.250054 0.188887 -0.0777563 -0.0447331 0.262848 -0.112911 0.231431 0.0533252 -0.372491 -0.0194979 -0.291154 
-0.152037 -0.210402 -0.24392 0.056934 0.397703 -0.00915557 0.28749 -0.304434 -0.126465 -0.261082 -0.00328527 0.109697 0.132886 0.148043 0.109961 -0.0274721 0.0150134 0.0317776 0.114168 0.114698 -0.0882332 0.0869305 -0.349668 -0.199052 -0.0548537 0.0240901 -0.000998668 0.135169 0.225029 0.0789276 0.151442 -0.130215 0.0715604 -0.128932 0.285071 -0.0764295 -0.0845204 0.0380045 -0.133489 -0.406986 -0.249599 -0.0616718 0.249609 0.341851 0.0772441 0.170953 0.178242 -0.0953048 -0.0837902 -0.204392 0.0499444 0.0679548 -0.182573 0.205907 0.182301 -0.0970874 -0.0240899 0.244537 -0.124526 0.191206 0.0561946 -0.418621 -0.0131435 -0.360416 
-0.191259 -0.215542 -0.267201 0.0887487 0.389853 -0.0166207 0.279368 -0.285074 -0.057632 -0.312946 -0.00570437 0.10262 0.127462 0.142955 0.0690923 -0.05641 0.0198765 -0.00805413 0.0930053 0.187735 -0.106615 0.104152 -0.378895 -0.161608 0.0136185 0.0128467 0.0616249 0.157737 0.231189 0.0831018 0.157749 -0.10838 0.0780992 -0.0741288 0.29725 0.00233965 -0.0522019 0.0208841 -0.113648 -0.404182 -0.23224 0.0114914 0.246735 0.360425 0.0788764 0.192716 0.171161 -0.0634577 -0.0863845 -0.174294 0.0276101 0.0871055 -0.166358 0.255247 0.107834 -0.111028 0.0106596 0.259814 -0.164533 0.203912 0.0607136 -0.39891 0.0264153 -0.303258 
-0.208539 -0.207278 -0.276769 0.0730337 0.441489 0.0146642 0.314345 -0.252904 -0.109154 -0.275021 -0.011144 0.125538 0.0860276 0.156183 0.0858104 -0.0317071 0.101925 -0.0252334 0.127315 0.179201 -0.0942561 0.100029 -0.373203 -0.17706 -0.0160977 0.0878342 0.0288959 0.171962 0.23236 0.0410603 0.135242 -0.121583 0.0680078 -0.0925439 0.294655 -0.00573252 -0.0301911 0.0400041 -0.0865539 -0.418108 -0.228033 0.00579889 0.257378 0.354624 0.0522724 0.198011 0.150166 -0.105171 -0.0594562 -0.143562 0.0654405 0.130066 -0.162186 0.270606 0.186886 -0.0840136 -0.0127627 0.268225 -0.129241 0.249555 0.0327355 -0.388222 -0.00447324 -0.321159 
-0.109155 -0.153794 -0.331026 0.0585301 0.416248 0.00769874 0.269809 -0.239787 -0.102872 -0.289705 0.042635 0.138138 0.158385 0.121915 0.0702639 -0.00819317 0.0323366 -0.0111831 0.136834 0.171474 -0.0798186 0.0950023 -0.35328 -0.201376 -0.0143278 0.0196247 0.0698061 0.209795 0.275679 0.0589461 0.146102 -0.155552 0.111598 -0.116329 0.228526 0.0113216 0.00452586 -0.0108547 -0.0857596 -0.419015 -0.23101 -0.0436928 0.223655 0.398286 0.073176 0.202988 0.133056 -0.0222807 -0.0581057 -0.174074 0.0487104 0.127302 -0.168504 0.258656 0.110349 -0.0510545 -0.0435649 0.279805 -0.123443 0.156485 0.0735375 -0.379268 0.0666688 -0.310591 
-0.12828 -0.239538 -0.305467 0.0817764 0.424584 0.00998096 0.291036 -0.269425 -0.0363671 -0.343169 0.0132875 0.103099 0.09694 0.139216 0.121368 -0.0182948 0.0274691 0.0172023 0.084025 0.182135 -0.0850433 0.100011 -0.375682 -0.140607 -0.0479123 0.0343548 0.0214671 0.166598 0.21763 0.0234156 0.111728 -0.144414 0.0943322 -0.118784 0.253722 -0.00385247 -0.0539606 0.0860707 -0.0646336 -0.399535 -0.245714 -0.054962 0.236496 0.378232 0.119476 0.199292 0.174521 -0.019437 -0.0624499 -0.182009 0.0616844 0.106084 -0.144746 0.253189 0.150058 -0.075822 -0.00842969 0.260376 -0.130995 0.247804 0.0851534 -0.393331 0.0498175 -0.303838 
-0.14021 -0.179341 -0.313552 0.0746021 0.452683 0.0204844 0.313168 -0.220304 -0.0792965 -0.275221 0.0173114 0.141704 0.135218 0.160355 0.0974732 -0.029979 0.0568409 -0.0251088 0.185737 0.139725 -0.0953838 0.0820803 -0.40027 -0.145368 -0.0167001 0.0204061 0.0602904 0.162364 0.267173 0.0652113 0.14909 -0.181699 0.0759309 -0.119825 0.267643 0.0210417 -0.0233209 0.0158198 -0.0513769 -0.4331 -0.239493 -0.0332038 0.201076 0.314865 0.0629899 0.176244 0.212772 -0.0350435 -0.0651735 -0.150726 0.0679119 0.118035 -0.131461 0.260657 0.146656 -0.100059 -0.00278641 0.238222 -0.166438 0.233132 0.0517648 -0.369545 0.0458163 -0.341197 
-0.12644 -0.206252 -0.255488 0.0299922 0.422428 0.0246953 0.259759 -0.311757 -0.10955 -0.257394 0.0118888 0.156602 0.100241 0.188031 0.077591 0.00974562 0.0105662 -0.0653221 0.0833839 0.188111 -0.0949315 0.143912 -0.393358 -0.200777 -0.0759816 0.0336749 0.0587355 0.188969 0.21453 -0.00607372 0.1405 -0.166963 0.163741 -0.133616 0.264847 -0.0319017 0.0261832 0.0720555 -0.0924291 -0.366622 -0.227847 -0.0404943 0.229606 0.338131 0.0481951 0.185912 0.160981 -0.037513 -0.0961888 -0.143956 0.0753906 0.0474818 -0.130108 0.203641 0.138075 -0.0791393 -0.00133799 0.224347 -0.134596 0.234994 0.0335131 -0.344254 0.0779815 -0.343973 
-0.146348 -0.17521 -0.296018 0.0573593 0.42685 0.0574108 0.329701 -0.285477 -0.0997591 -0.302208 -0.0449281 0.146756 0.117758 0.155908 0.0524561 -0.0379166 0.0150736 -0.0641237 0.0963312 0.107836 -0.0671147 0.140347 -0.413632 -0.168667 -0.00906292 -0.0150913 0.0506837 0.164488 0.2302 0.0564067 0.142215 -0.151977 0.0790841 -0.119869 0.285447 -0.02161 -0.0164817 0.0473981 -0.0593845 -0.447118 -0.188958 -0.0341885 0.209313 0.358084 0.075952 0.162814 0.177261 -0.0343695 -0.0347421 -0.199093 0.078064 0.0950136 -0.160478 0.320403 0.172493 -0.0528887 -0.0240174 0.232321 -0.176145 0.241873 0.05217 -0.381417 0.0771838 -0.27181 
-0.138862 -0.181354 -0.292582 0.0990079 0.401101 -0.00987459 0.296036 -0.258237 -0.0507557 -0.258975 0.0170208 0.18624 0.0756348 0.199276 0.0541918 0.000170906 0.0284907 0.00389278 0.113474 0.145709 -0.0823201 0.0984855 -0.385243 -0.149968 -0.0372885 0.0588292 0.0703736 0.16843 0.225335 0.0320987 0.152089 -0.147734 0.0898869 -0.0883187 0.238766 -0.0399505 -0.0516168 0.0894985 -0.0751695 -0.368682 -0.230184 -0.00382205 0.182558 0.368846 0.0969724 0.179841 0.154776 -0.0402939 -0.0507666 -0.170307 0.0480578 0.0864277 -0.136399 0.289878 0.182127 -0.0371705 0.00485162 0.226793 -0.169511 0.245665 0.0486844 -0.356894 -0.00165203 -0.286719 
-0.187673 -0.206204 -0.29585 0.0832038 0.435152 0.0821383 0.302979 -0.23727 -0.0661863 -0.303695 -0.0513396 0.13782 0.116078 0.198401 0.0378861 -0.0228117 0.0227564 0.00119202 0.039203 0.124651 -0.0458361 0.0975779 -0.353166 -0.198267 -0.00733176 0.045778 0.0789947 0.0994932 0.226161 0.0802885 0.13862 -0.123064 0.0712905 -0.109922 0.1899 -0.00410494 -0.0468334 0.125893 -0.0440404 -0.406514 -0.249691 -0.00540667 0.204434 0.336386 0.0787859 0.1624 0.198826 -0.017616 -0.0386399 -0.154729 0.0192558 0.0582032 -0.155105 0.220155 0.185008 -0.0352122 0.0119941 0.299488 -0.15454 0.211801 0.0945204 -0.35016 0.0817385 -0.329533 
-0.0762434 -0.155408 -0.297169 0.0549588 0.413491 0.0805384 0.284737 -0.274229 -0.0837807 -0.253437 0.00174998 0.107124 0.0951993 0.198426 0.133476 -0.0160443 0.061933 0.00722276 0.0900325 0.115102 -0.0890004 0.143736 -0.407993 -0.152446 -0.0438741 -0.00846569 0.0569015 0.205155 0.220711 0.0442746 0.173797 -0.168584 0.128046 -0.110458 0.209341 -0.0440208 -0.0209452 0.102022 -0.136352 -0.319753 -0.185614 -0.0372882 0.230947 0.356624 0.0461939 0.193302 0.175145 -0.0233699 -0.0325605 -0.185979 0.0777053 0.0104306 -0.156685 0.256215 0.106679 -0.0765223 -0.0184076 0.248881 -0.132298 0.270015 0.0618624 -0.360495 0.0223925 -0.320722 
-0.161208 -0.16726 -0.282237 0.0344588 0.413076 0.0191929 0.242748 -0.297555 -0.107991 -0.269715 -0.035046 0.0990037 0.134628 0.149658 0.0559968 -0.0346234 0.0545203 -0.0273378 0.11241 0.162067 -0.0631131 0.0949875 -0.378221 -0.197945 -0.0442118 0.0112023 0.044493 0.166507 0.193571 0.00320121 0.123309 -0.125986 0.0726936 -0.136158 0.215062 0.0326763 -0.0281988 0.0836534 -0.0640937 -0.417887 -0.280377 0.0249666 0.215564 0.331936 0.0389353 0.157088 0.202227 -0.0424003 -0.00883304 -0.230055 0.025664 0.0622921 -0.141936 0.270154 0.0942136 -0.0845668 0.00862732 0.246378 -0.130217 0.258733 0.0849702 -0.381868 0.0532073 -0.304382 
-0.097017 -0.192486 -0.266188 0.0762824 0.402548 0.06878 0.274686 -0.267933 -0.0744944 -0.271259 -0.006479 0.0923365 0.0898337 0.192162 0.106218 -0.0177636 0.0372034 -0.0162689 0.0846496 0.141124 -0.0585129 0.11296 -0.383976 -0.197066 -0.0568291 0.0354583 0.0888754 0.153481 0.227553 0.0597052 0.175873 -0.155596 0.0469968 -0.150124 0.229565 -0.0144028 -0.00952313 0.0412911 -0.0341063 -0.395371 -0.273613 0.001752 0.250132 0.397044 0.0446515 0.213078 0.209134 -0.0318999 -0.043387 -0.180369 0.0653271 0.0331551 -0.149015 0.23071 0.135987 -0.0240414 -0.0429712 0.235759 -0.170711 0.260848 0.05091 -0.380145 0.0799145 -0.34544 
0.0409099 -0.00223619 0.0120239 0.0211931 0.0391653 -0.0222199 -0.0404098 0.0192073 -0.0183948 0.00504303 -0.0347175 0.0403952 0.00344658 0.00140329 0.00364349 0.0135915 0.0195607 -0.0139968 -0.024752 0.0290811 -0.0357811 0.0433035 -0.00542611 0.0154912 -0.0290343 0.0175443 -0.0198982 0.019227 0.00930334 -0.0101718 -0.00695541 0.0133591 0.0231487 -0.00475514 -0.0201099 -0.0115499 -0.0172207 -0.00693594 0.0126693 -0.00765978 -0.0148151 -0.00925488 -0.0131297 -0.00756334 0.00331476 -0.0262264 -0.00764835 0.0207786 0.0045082 0.00328052 -0.00451513 -0.0163975 0.00846023 -0.0178128 0.027564 -0.0111026 0.0187023 0.013433 -0.00767061 -0.010933 -0.0105564 -0.0314738 -0.0288084 0.00639291 
