64 64
-0.0940804 -0.101752 0.10789 0.095055 -0.042646 -0.114619 -0.221223 0.0324096 0.0955996 0.088007 -0.0511883 0.02291 0.0208317 -0.0978919 -0.0458236 0.139252 -0.222971 0.015924 0.0703536 -0.317548 -0.0348354 0.0994719 0.381025 0.19805 0.236579 0.0137882 0.0859349 0.120674 0.1189 0.392597 0.279106 0.325712 -0.0148264 -0.273687 0.0675888 -0.248768 -0.162575 -0.120537 0.0431624 0.0336235 0.0373772 -0.0428292 0.0344915 0.05694 -0.00267612 0.0218963 -0.0087939 -0.281446 -0.0780832 0.226109 0.0774272 0.195003 -0.165326 0.202463 -0.00757139 -0.259637 -0.248884 0.00368011 -0.258502 0.205264 0.179825 0.294561 0.287423 -0.209049 
-0.168802 -0.100622 0.162185 0.210565 0.0940605 -0.10015 -0.126335 -0.0827563 0.218254 0.434914 0.162715 -0.140058 0.258362 0.0497432 -0.163684 0.353356 -0.0551199 -0.00102791 0.211775 -0.0643763 -0.138968 0.0789888 0.390838 0.0958276 0.164865 -0.0804697 -0.0538053 0.0181356 -0.00709261 0.535414 0.297815 0.196563 -0.198548 -0.0463643 -0.133657 -0.190802 0.0588715 -0.13536 -0.100445 0.281604 0.225917 0.317968 0.201764 -0.0806102 0.388469 0.348341 0.285791 -0.0643344 -0.131176 0.357312 0.161916 0.124948 -0.164556 0.238563 0.063867 -0.527642 -0.448804 0.0392689 -0.419582 0.171362 0.306505 0.0609151 0.458379 -0.142355 
0.0435397 -0.0504551 -0.488302 -0.468826 -0.1478 0.0725134 0.189169 0.257866 -0.0527974 -0.111583 0.435297 -0.0324817 0.00953762 0.441644 0.0283297 -0.195455 -0.0869046 -0.283775 0.110908 0.508789 -0.168905 -0.0110965 -0.179073 -0.420188 0.0499163 -0.337568 -0.327519 0.253273 0.221355 -0.221793 -0.444559 -0.136112 -0.318602 0.505545 0.00558796 0.596457 0.418281 0.341098 -0.388862 0.122852 0.00599793 -0.0121399 -0.110207 -0.186315 -0.0614079 -0.227973 -0.0719689 0.708413 0.38143 -0.325284 -0.0120554 -0.0389382 0.0347272 0.0335647 0.138972 0.484679 0.495879 0.15698 0.0683225 -0.0900181 -0.534657 -0.146362 -0.520385 0.105566 
-0.136075 -0.0035241 0.101354 0.194001 -0.0434507 -0.0439625 0.183852 -0.0786861 -0.0459907 0.0591071 -0.050738 -0.0940259 0.0732647 0.0829198 -0.0669303 0.00148325 -0.03048 0.0340069 0.166122 0.231971 -0.00209757 0.0204961 -0.0751022 -0.180459 0.103257 -0.203827 -0.174554 0.0538733 0.0706765 -0.0953703 -0.153844 -0.0728999 -0.247457 0.0418039 -0.250686 0.0617377 -0.0573421 0.139945 -0.166429 0.288155 -0.0359069 -0.0569201 0.256996 -0.216811 0.270602 0.257772 0.275452 0.00851081 0.137292 -0.109303 0.00884525 0.0331378 -0.137068 -0.0930939 0.0460256 0.0751264 0.0560691 -0.218164 -0.200291 0.0432468 0.107503 -0.173633 -0.0298005 -0.0130238 
-0.101129 0.041872 0.296488 0.313392 0.117821 -0.0196187 0.00862082 -0.253633 0.186759 0.234834 -0.232011 -0.028052 0.0723943 -0.297938 -0.095102 0.23441 -0.196645 -0.0720752 -0.1156 -0.177471 0.000541451 0.104533 0.175151 0.0151335 0.176701 -0.000757587 0.00914586 0.115199 0.125669 0.173969 0.127891 0.186714 0.0140163 -0.379473 0.0452362 -0.418835 -0.295012 -0.229388 0.0952039 -0.0242659 -0.0393711 -0.0485335 0.0837846 0.155718 -0.0120903 0.111939 0.012923 -0.416239 -0.252178 0.22743 0.00930235 0.0931674 0.0757303 -0.0248222 -0.00312351 -0.225825 -0.283525 -0.177087 -0.0184324 0.136967 0.297682 0.0985469 0.285534 -0.121003 
0.286557 0.35495 0.609575 0.587866 0.56055 0.153956 -1.16572 -0.365236 -0.359541 -0.0454549 -0.116986 0.393272 -0.187457 -0.381036 0.231382 -0.0900812 0.145958 -0.532934 -0.417915 -0.708257 -0.599888 0.11496 0.490648 0.504511 -0.19885 0.32627 0.348965 -0.193636 -0.232807 0.384487 0.485391 0.545336 0.346392 -0.170038 0.2837 -0.033711 -0.068092 -0.489575 0.443403 -0.34556 -0.554586 -0.610771 -0.304483 0.323855 -0.528888 -0.44441 -0.444646 -0.478912 -0.29168 0.286352 -0.0679191 -0.0251522 0.238459 -0.0442648 -0.0234801 -0.302436 -0.418219 0.144969 0.614332 -0.0306529 0.199954 0.403011 0.412533 0.0669871 
0.112747 0.0411961 0.0391849 0.0149877 0.0378035 0.125251 -0.183527 -0.0344904 0.00238815 -0.133925 -0.0981712 0.0957152 -0.158686 -0.10988 0.134438 -0.102329 -0.0918064 0.161074 -0.17447 -0.437572 0.107764 0.0277815 0.0847688 0.250543 0.0419975 0.2557 0.274667 -0.0912024 -0.0286199 -0.0260174 0.156965 0.128397 0.151444 -0.294999 0.0806367 -0.276126 -0.307191 -0.197467 0.182114 -0.126434 -0.252043 -0.20448 0.00215691 0.178737 -0.0443905 0.0110896 -0.0966223 -0.495122 -0.11011 0.119278 -0.068028 0.0192213 0.0414945 -0.0475326 -0.0833582 -0.200753 -0.255268 0.0506292 -0.122278 0.0112976 0.183508 0.117453 0.249917 0.0297095 
-0.0849897 0.0873979 0.00190375 -0.00663914 0.0273008 -0.0364563 0.0590921 -0.10552 0.087229 0.237258 0.136994 -0.072281 0.135611 0.117658 -0.102637 0.0672401 -0.174447 -0.360787 0.0771972 0.169155 -0.223392 0.0434975 0.0857391 -0.197265 0.178175 -0.213697 -0.251479 0.299487 0.268168 0.102897 -0.133344 0.152284 -0.296211 0.0501005 -0.0920862 0.163872 -0.0422137 0.140401 -0.28219 0.19486 -0.100434 -0.196547 0.0838999 -0.0763855 0.0611951 -0.035568 0.0879544 0.240678 0.133465 -0.0329784 0.0491824 0.16095 -0.100266 0.0828708 0.160226 0.0832181 -0.00725531 -0.123884 -0.170691 0.165083 -0.0580565 0.00526212 0.000361022 -0.194933 
-0.0584433 -0.0817048 0.150688 0.071817 0.0221125 0.0325062 0.214581 -0.13337 0.162927 0.178996 -0.181397 -0.00123892 -0.00785264 -0.185511 -0.0183366 0.0895434 0.0354377 -0.035693 0.0774164 -0.0803895 -0.113751 0.0713143 0.211052 0.148083 0.0391283 0.0102802 0.0606711 -0.0742538 -0.0430661 0.295004 0.161958 0.136991 0.110606 0.00445805 0.0996073 -0.0284864 0.0824129 0.0365883 0.108741 -0.0830256 0.201719 0.151749 -0.0476394 0.0535648 -0.105041 -0.120604 -0.0741606 0.0728685 -0.158805 0.122862 0.0611412 0.00245076 0.0194534 0.0378655 -0.0372148 -0.165482 -0.249077 0.196829 0.120544 -0.0106105 0.141971 0.20095 0.281205 0.080026 
0.170986 0.101057 -0.119683 -0.160367 0.125108 0.167139 -0.256992 0.163707 0.00837953 0.13861 0.322106 0.00175107 0.0897741 0.258334 0.033934 -0.0130269 -0.0555561 -0.0594451 -0.118178 0.0344971 -0.11105 0.0924353 -0.0898515 -0.0472519 0.076229 0.0098528 -0.0516514 0.0610785 0.0963832 -0.00183693 -0.12365 -0.0349327 -0.153975 0.314981 0.035174 0.263595 0.313991 -0.162552 -0.09344 0.0971219 -0.0632849 -0.0204575 -0.0484275 -0.000605294 0.0297487 -0.0389599 0.0348752 0.170662 0.054975 -0.0214153 0.0806894 0.14747 -0.012375 0.0959117 0.133514 0.112131 -0.0455315 -0.0116326 -0.0737534 0.156649 -0.248349 -0.0487645 0.0518159 -0.159533 
-0.0892859 0.0636639 -0.348086 -0.141736 -0.170974 -0.103351 -0.279283 0.322214 -0.365671 -0.329426 0.620991 -0.0967619 0.0389509 0.556709 -0.0112652 -0.218556 -0.112159 -0.245707 0.167803 0.406327 -0.12145 -0.0116236 -0.0848643 -0.314295 0.127173 -0.321569 -0.334952 0.292989 0.241109 -0.150612 -0.282449 -0.0552162 -0.335548 0.26219 -0.10129 0.371573 0.0724354 0.296702 -0.402973 0.157106 -0.0721936 -0.198657 0.0364161 -0.188335 0.0177647 -0.116878 0.00817037 0.44419 0.255104 -0.22484 -0.00299203 -0.0283413 -0.0868958 0.00612431 0.0143039 0.293525 0.35329 -0.0293724 -0.107615 -0.0457884 -0.178986 -0.219652 -0.369373 0.0385968 
0.0250257 0.118046 0.291351 0.153307 0.24966 -0.10719 0.0486576 -0.267319 0.20321 0.33081 -0.303694 0.0384166 0.0933697 -0.309851 -0.126044 0.234173 -0.0604121 -0.0298929 -0.407028 -0.58207 0.0106555 0.101242 0.0932519 0.350873 -0.0217785 0.419265 0.445238 -0.163913 -0.135207 0.156494 0.197064 0.188634 0.19805 -0.296631 0.0970236 -0.413399 -0.113809 -0.44575 0.309903 -0.147607 -0.105725 -0.00932364 -0.0388025 0.277321 -0.0860966 0.0674552 -0.0145897 -0.558287 -0.330548 0.305215 -0.103783 0.110069 0.135624 0.0245959 -0.101231 -0.24903 -0.27613 -0.0554512 0.118259 0.188803 0.16622 0.18863 0.258679 -0.131709 
-0.134317 -0.0171583 -0.0262209 0.072255 -0.186468 0.00534227 -0.290537 0.282609 -0.324472 -0.217698 0.26807 -0.084833 -0.035284 0.262036 0.0448327 -0.179258 0.0154 0.0249276 0.294046 0.33013 0.0295979 -0.0645627 0.0779614 -0.161658 0.073021 -0.193078 -0.213083 0.0830307 0.0303742 0.0975792 -0.0455523 -0.0849568 -0.103911 0.118621 -0.0673275 0.196653 0.0999698 0.0966807 -0.114161 0.0722345 0.092057 0.0587663 0.0172014 -0.0892729 0.0374139 0.0764595 0.0576315 0.113579 0.0343709 -0.00660535 0.0678402 -0.0662206 -0.17709 0.0884662 -0.044708 -0.0774743 0.0814567 -0.0212087 -0.0569394 -0.0109189 0.140969 0.0738051 -0.0581232 0.0822084 
0.212444 -0.00508052 0.0101867 -0.0276096 0.0498696 0.153802 0.3288 -0.119622 0.0401627 -0.130061 -0.22456 0.0618493 -0.161327 -0.0851055 0.0644696 -0.237806 0.294227 0.363992 -0.42663 -0.271617 0.309194 -0.0169891 -0.414903 0.239753 -0.381109 0.435284 0.413922 -0.423924 -0.34862 -0.565293 -0.00393509 -0.254285 0.3104 0.138095 0.101505 0.105751 0.180614 -0.071029 0.309957 -0.232579 -0.254269 -0.120553 -0.088435 0.0544745 -0.148917 -0.050877 -0.0957558 -0.072668 -0.119466 -0.164067 -0.194658 -0.171433 0.289996 -0.232946 -0.0720882 0.221402 0.138925 -0.00804575 0.465302 -0.196258 -0.119026 -0.131 -0.0415208 0.178866 
-0.105213 -0.0292236 0.161563 0.266877 0.0133165 -0.0678286 -0.262424 0.0216628 -0.090609 0.00602227 -0.0830667 -0.00954985 -0.0786018 -0.186902 0.0161132 0.0960662 0.0198132 0.116497 0.0109959 -0.288104 0.148631 0.0397895 0.159772 0.200286 0.00102836 0.145302 0.229315 -0.133533 -0.0902395 0.182227 0.154163 0.0931016 0.0829912 -0.203905 0.00223791 -0.306143 -0.161113 -0.183139 0.170856 -0.112653 0.243611 0.250879 -0.00204949 0.118854 -0.0667783 0.0398886 -0.0184055 -0.335787 -0.119195 0.162529 0.0656034 -0.0364155 -0.0953156 -0.032947 -0.0713439 -0.29221 -0.219062 0.0551392 -0.133634 -0.0352231 0.316705 0.0826982 0.241244 0.111282 
0.0353544 0.167249 0.0891641 0.14164 0.0578173 0.0461025 0.255317 -0.129802 -0.023163 -0.0161581 -0.119003 0.0334863 -0.0149879 0.0940161 0.0600126 -0.137908 0.0404876 -0.036369 0.140796 0.123692 0.107698 -0.029775 -0.0371938 -0.0249088 -0.10944 -0.128291 -0.106397 -0.10108 -0.0926918 -0.15903 -0.0575712 -0.0102605 0.0622381 -0.0574495 -0.0377932 -0.0996138 -0.251345 -0.0530974 0.0216929 -0.0135346 -0.167373 -0.145882 0.0832202 0.0130271 0.0608542 0.147376 0.0524376 -0.1789 0.0569775 -0.174532 -0.0390476 -0.204605 0.0299885 -0.339415 -0.0388633 0.00606287 0.10013 -0.0982458 0.0359414 -0.236995 0.261544 -0.29753 -0.0584791 0.222877 
-0.0134312 0.0272208 -0.255528 -0.306439 -0.112948 -0.0455214 -0.0172558 0.110231 -0.00666579 -0.0832951 0.30866 0.102847 0.0115532 0.231718 -0.00315261 0.0103518 -0.124036 -0.273069 0.152596 0.289596 -0.200209 -0.0442955 0.0747906 -0.258354 0.166842 -0.328313 -0.331714 0.289408 0.257864 0.0291938 -0.190621 0.0637509 -0.173465 -0.0850716 -0.0568956 -0.0394226 -0.0534404 0.222602 -0.177033 0.0913073 0.100661 0.049925 0.0539942 -0.135663 -0.00913555 -0.0371365 0.00787672 0.181257 0.276107 -0.0776493 -0.058541 0.00463959 -0.0486167 -0.0144432 0.0658396 0.106063 0.12296 -0.0590425 -0.237397 -0.00532799 -0.151864 -0.0810753 -0.178636 0.0153495 
-0.0447106 -0.00207973 0.109471 0.0481096 0.0622479 -0.106872 0.126545 -0.151767 0.168793 0.361014 -0.0229267 -0.118783 0.212872 0.0465788 -0.105359 0.172511 -0.275951 -0.00222805 -0.139365 -0.0606529 0.114322 0.117146 -0.0429572 -0.0816853 0.254195 -0.0749052 -0.0581381 0.201367 0.24402 -0.047797 -0.0863943 0.0332553 -0.286762 0.101082 -0.00417367 0.058421 0.0524314 -0.202646 -0.227073 0.192625 -0.223956 -0.153162 0.0405425 0.0167312 0.10239 0.142681 0.0635805 -0.160121 0.020432 -0.00911358 0.0652051 0.0913609 -0.10523 -0.0562055 0.0748485 0.00410614 0.0362894 -0.266015 -0.138649 0.149065 0.094658 -0.216837 -0.0191579 -0.165463 
0.020903 0.0199215 0.0507688 0.0598327 0.0520546 0.000826535 0.32935 -0.134426 0.0515922 0.0498536 -0.163286 -0.090748 0.0409261 -0.0257759 -0.0917855 -0.0830296 0.0595854 0.100386 -0.13465 0.0466671 0.0504496 -0.0217648 -0.224219 -0.0443801 -0.0820005 0.0428476 0.0242578 -0.0625975 -0.0534182 -0.262302 -0.159224 -0.188475 -0.0175755 0.16649 -0.0902703 0.0656973 0.109298 -0.0406541 0.00935557 -0.00915799 -0.221066 -0.158029 0.019805 -0.0165751 0.0683959 0.0939391 0.0656963 -0.0120785 0.02742 -0.28194 -0.0426611 0.0162165 0.130989 -0.100594 0.048511 0.307123 0.189014 -0.1641 0.183051 -0.0161824 -0.202356 -0.307481 -0.199605 -0.0601305 
-0.136569 0.0737993 0.0126115 0.137618 -0.0251198 -0.00624594 0.360792 -0.08529 -0.154674 -0.0893686 -0.0264933 -0.0824177 0.0365922 0.092962 -0.0652824 -0.131219 0.162569 -0.0185999 0.205959 0.327512 -0.0200237 -0.104344 -0.0227098 -0.149397 -0.143225 -0.188071 -0.178225 -0.0377124 -0.0480634 0.0374077 -0.0227677 -0.0480823 -0.0460114 0.281875 -0.0863726 0.275932 0.136318 0.143245 -0.0485106 0.0696506 -0.0253001 -0.0425454 0.0285907 -0.0951547 0.0955983 0.149585 0.0905571 0.158799 -0.0150825 -0.177899 -0.0822476 -0.183266 0.136041 -0.145513 -0.0378881 0.172943 0.130263 0.0807965 0.267867 -0.159694 0.056798 -0.24044 -0.172623 0.162654 
0.0310476 -0.164263 0.197053 0.10112 0.0615643 0.101488 0.257625 -0.198025 0.320406 0.342184 -0.397139 -0.0134876 -0.00787091 -0.295326 -0.0199657 0.102307 0.111687 0.391675 -0.182497 -0.371986 0.2251 0.00348573 0.047501 0.288588 -0.0928345 0.356545 0.301095 -0.246243 -0.175911 0.0474167 0.195474 -0.0205699 0.166051 0.0739988 0.181171 0.000199128 0.150373 -0.176296 0.232558 -0.144137 0.0957354 0.148984 -0.134895 0.191858 -0.110988 -0.0394061 -0.085197 -0.199936 -0.16179 0.078062 0.0980989 0.0402898 -0.0225245 0.040866 -0.0178347 -0.251069 -0.238443 0.0852228 0.054124 0.0160314 0.131837 0.0913437 0.226727 0.0174304 
0.25389 0.118272 -0.304563 -0.43278 0.0620498 0.0580003 -0.10962 0.200068 -0.0378248 -0.091376 0.334948 -0.00341964 0.0680633 0.336049 0.0144375 -0.216596 -0.223926 -0.235191 -0.253454 0.105855 -0.0627563 0.0344717 -0.260836 -0.272414 0.126779 -0.0459487 -0.0763397 0.285104 0.261161 -0.318366 -0.394335 -0.138285 -0.316244 0.390401 -0.0168622 0.435051 0.266349 0.0861368 -0.37211 0.143244 -0.238461 -0.195635 -0.0937941 -0.0176627 -0.0244737 -0.123195 -0.0460102 0.421143 0.129345 -0.200281 -0.0728016 -0.0347053 0.0572665 -0.137265 0.0495049 0.399631 0.419137 -0.148224 0.0843062 -0.0282592 -0.376255 -0.230506 -0.396936 -0.0454585 
-0.00343824 0.114199 -0.332266 -0.29049 -0.0311111 -0.0511559 -0.154767 0.171491 0.0198011 0.125626 0.590193 -0.0465877 0.199339 0.531199 -0.00808734 -0.0582318 -0.17468 -0.392335 0.217329 0.27685 -0.180308 -0.00482068 0.20228 -0.257339 0.161265 -0.315054 -0.268741 0.264843 0.239614 0.131289 -0.162372 0.261949 -0.269243 0.193838 -0.00492828 0.23616 0.0844665 0.0828741 -0.242499 0.138903 0.0594343 -0.00167592 -0.0145691 -0.069241 0.0104393 -0.0492677 0.000849278 0.227714 0.105019 -0.13024 0.0748097 0.0270474 -0.116253 -0.134849 0.116472 0.123643 0.154994 -0.18581 -0.174531 -0.0132997 -0.0126432 -0.216786 -0.159408 -0.0353872 
-0.067997 0.0937613 0.46506 0.519133 0.30649 -0.0999492 0.239905 -0.514211 0.106485 0.422114 -0.468148 -0.0703076 0.237339 -0.336539 -0.208523 0.236337 -0.209573 0.223244 -0.216538 -0.328669 0.236682 0.129322 0.0325645 0.0818793 0.20841 0.100093 0.106871 0.0739325 0.150088 -0.0347594 0.0194197 0.0940753 -0.0227454 -0.167896 -0.153269 -0.215939 -0.266614 -0.289424 0.120392 0.106118 -0.123007 -0.125659 0.176442 0.063795 0.119151 0.332104 0.203809 -0.584492 -0.0553744 0.110991 0.0843151 0.217544 -0.100136 -0.0760957 0.0952769 -0.19768 -0.378438 -0.319528 -0.297018 0.147851 0.307342 -0.00907229 0.36972 -0.126188 
0.103948 0.239503 0.437933 0.389453 0.33506 -0.0448125 0.106363 -0.43875 0.142698 0.287355 -0.577589 0.174279 0.0418461 -0.505334 0.0250422 0.17573 -0.026027 -0.00294929 -0.148965 -0.356697 0.00255984 0.0384742 0.14799 0.243636 -0.0246883 0.156671 0.228458 -0.0960946 -0.0975789 0.0926422 0.173037 0.187384 0.216038 -0.39755 0.0620273 -0.381998 -0.35615 -0.232268 0.173096 -0.199167 -0.0645464 -0.0949819 0.00327495 0.151133 -0.0780546 0.0597288 -0.0804655 -0.44662 -0.23142 0.329795 -0.102566 0.0965313 0.0743033 0.0222543 -0.0445837 -0.386721 -0.393151 -0.0227348 -0.0289961 0.106513 0.350062 0.24067 0.380331 -0.0499928 
-0.146888 -0.0419238 0.00438535 0.0847065 -0.0899291 -0.0724312 0.496613 -0.126666 -0.0554712 0.00326261 -0.210652 0.0498454 -0.056755 -0.104142 -0.0232109 -0.0194939 -0.0296293 0.0313133 0.125583 0.101009 0.0603108 -0.0139136 0.0357958 -0.0483245 0.0298198 -0.145312 -0.111213 0.0252184 0.0223903 -0.0181478 -0.029313 0.0111838 -0.0856147 0.0446099 -0.138039 0.092762 0.0643919 0.223889 -0.0948849 0.0981045 0.0488312 0.0332912 0.12855 -0.157967 0.125267 0.0718974 0.0806755 0.17145 0.268343 -0.14446 0.0391331 0.0821772 -0.131009 0.0213659 0.0721828 0.121379 0.0822005 -0.0527327 -0.337587 0.0349348 -0.102659 -0.0911842 -0.0518725 -0.0752377 
-0.0165251 0.198255 0.412155 0.450287 0.232528 -0.00910321 -0.208675 -0.174901 -0.0793364 0.152346 -0.244946 0.0144356 0.0579173 -0.175088 -0.00646015 0.0335102 -0.0145333 0.0440411 -0.107669 -0.16576 0.0886741 0.108762 0.0582701 0.109089 0.0156759 0.125768 0.118746 -0.0468592 -0.0493469 0.0237121 0.083048 0.0869094 0.119423 -0.30916 -0.0339389 -0.284364 -0.272135 -0.162531 0.167931 -0.0343107 0.11833 0.0946958 0.119248 0.100483 0.0318927 0.224029 0.0689922 -0.34486 -0.237425 0.269859 -0.0731386 0.0109139 -0.0418151 -0.0710303 -0.0313096 -0.355073 -0.307144 -0.171584 -0.103327 0.0623932 0.40415 0.0543311 0.335134 -0.0344335 
0.0795092 -0.0954664 -0.240516 -0.352663 -0.191689 0.0214789 0.042308 0.135305 0.0824021 -0.0861255 0.140618 0.0225182 -0.0403658 0.185695 0.0582196 -0.0554769 -0.28574 -0.0248324 -0.0747461 0.126778 0.0228608 -0.0579644 -0.20565 -0.235047 0.228442 -0.0995087 -0.197888 0.310044 0.260838 -0.236612 -0.265337 -0.122107 -0.276137 0.170532 0.048 0.182484 0.148592 0.15911 -0.355681 0.0453417 0.0514634 0.0322723 -0.114781 -0.0447348 -0.0974795 -0.261023 -0.118162 0.31829 0.23994 -0.0800437 0.0486077 0.139035 -0.119131 0.212485 0.0031242 0.20846 0.304508 -0.00905955 -0.217874 0.143196 -0.303758 -0.0090781 -0.325499 -0.116746 
-0.0437643 -0.0700632 -0.00506993 0.125615 -0.155822 0.0543935 -0.290922 0.235388 -0.293339 -0.389506 0.0657272 0.0213253 -0.217016 0.0548173 0.138504 -0.182134 0.147011 0.07075 0.201927 0.0452798 -0.0637851 -0.0649389 0.0980464 0.0443403 -0.107927 -0.0574145 -0.00866363 -0.102544 -0.138657 0.143101 0.180636 0.00630766 -0.00440461 -0.0812266 -0.0220302 -0.0704873 -0.122879 0.0693658 -0.0534766 0.0246432 -0.0949367 -0.127141 0.022403 -0.0776614 0.0379141 -0.0244961 0.0296193 0.0222416 -0.00443474 -0.0360548 0.148961 0.0196251 -0.091969 0.0224794 -0.0711606 -0.0497201 -0.0566198 0.0704283 -0.0208707 -0.108468 0.136548 0.13494 0.0952416 0.095187 
0.0570225 -0.0746505 -0.116716 -0.182928 -0.060336 0.0777784 0.0861839 0.106784 -0.0627911 -0.199562 0.021677 0.103947 -0.0826769 0.00167785 0.107047 -0.114408 -0.0304045 -0.162736 0.17978 0.365974 -0.222624 -0.137174 -0.0371173 -0.221536 0.0381971 -0.266032 -0.295202 0.230535 0.127715 -0.0659478 -0.171727 -0.105436 -0.162327 0.185595 -0.00700278 0.264505 0.140984 0.274082 -0.262682 0.0281722 -0.167244 -0.153797 -0.0806228 -0.152512 -0.0747161 -0.22675 -0.0790059 0.479002 0.333884 -0.271349 -0.0156323 0.0751258 -0.0101064 0.0705052 0.108384 0.330534 0.313165 -0.00811987 -0.10099 -0.0171877 -0.356569 -0.159862 -0.354981 -0.0598354 
-0.0166732 0.0219551 0.166624 0.119395 0.0703978 -0.0722562 0.00686261 -0.180585 0.172096 0.308754 0.0402629 -0.081075 0.105811 0.0801536 -0.0251142 0.177804 -0.189387 -0.218558 0.226231 0.213916 -0.138014 0.135311 0.18533 -0.215702 0.27478 -0.235202 -0.186658 0.164423 0.171725 0.292628 -0.0324724 0.121873 -0.227988 -0.0734201 -0.13356 -0.0207117 -0.0268498 0.031735 -0.221402 0.198993 0.0528861 0.0377986 0.0971537 -0.0904554 0.102376 0.0833686 0.0919567 0.0105485 0.0590387 0.197858 0.0757838 0.140735 -0.128719 0.0917583 0.0657321 -0.138299 -0.122572 -0.0134475 -0.250123 0.151204 0.112776 0.0823521 0.123161 -0.0838681 
0.392481 0.0951618 -0.0721437 -0.29355 0.106619 0.306468 0.617088 -0.150128 0.229645 0.0245154 -0.299303 0.231099 -0.189072 -0.195201 0.181989 -0.270747 0.150472 -0.132158 -0.213865 0.0312052 -0.256833 -0.049646 -0.231842 -0.0249818 -0.159631 0.105769 0.0396841 -0.0619226 -0.146055 -0.27607 -0.147885 -0.104372 -0.00143029 0.236995 0.101996 0.266744 0.254294 -0.0116359 -0.0921934 -0.0603858 -0.453762 -0.377088 -0.0867351 0.0186434 -0.0399147 -0.121847 -0.110934 0.240788 -0.00375017 -0.151256 -0.116889 -0.114389 0.317992 -0.164048 0.0499928 0.308563 0.12006 0.092378 0.42456 -0.127256 -0.302411 -0.258854 -0.187921 0.0248807 
0.0591509 -0.0281342 -0.0187481 -0.0629723 0.0555533 0.0383092 0.0529714 -0.161815 0.068693 -0.103899 -0.104046 0.0462043 -0.0308999 -0.123521 0.0229319 -0.0822776 0.0994476 0.0942927 -0.0830749 -0.179517 0.020701 0.0265435 -0.0183726 0.130238 -0.135148 0.138353 0.133341 -0.18569 -0.125743 -0.0301667 0.117303 0.0203526 0.237375 -0.163513 0.00468909 -0.132519 -0.114873 -0.185467 0.304676 -0.07519 -0.151745 -0.109367 0.0184502 0.0735689 -0.017104 0.0676968 0.0124121 -0.281121 -0.106733 -0.0452514 -0.15679 -0.207793 0.183249 -0.139999 -0.0424267 -0.0525475 -0.0626931 0.0647379 0.18366 -0.187498 0.0414422 -0.0698132 0.047671 0.192404 
0.128075 0.0194728 -0.101068 -0.0441753 0.00636421 0.181682 -0.222115 0.216136 -0.112209 -0.179223 0.298408 -0.0290831 -0.0165857 0.226824 0.121196 -0.109443 -0.0540709 -0.304679 0.211629 0.431759 -0.214073 -0.0772985 0.00626271 -0.238749 0.0727346 -0.3134 -0.301363 0.232408 0.148146 0.0567302 -0.147612 0.00574962 -0.448001 0.174853 -0.067736 0.299778 0.00866983 0.281134 -0.499599 0.253947 -0.358723 -0.407243 0.0605779 -0.180179 0.130395 -0.011711 0.0781853 0.475312 0.08551 -0.0565837 0.0176147 0.0666334 -0.0997941 -0.0168165 0.0795762 0.0475314 0.0907117 -0.0837957 -0.256991 -0.0141963 -0.0591988 -0.145094 -0.116543 -0.0965025 
0.0619589 0.153168 -0.0374643 -0.10903 0.0946944 0.0344791 0.216261 -0.0238152 -0.0911248 -0.08812 -0.0848254 0.0672074 -0.00615077 -0.0573379 0.0212025 -0.159653 0.250584 -0.211431 -0.0747343 0.141272 -0.130865 -0.0721057 -0.0878786 -0.0468045 -0.257137 0.0583287 0.0301071 -0.141808 -0.203282 -0.203782 -0.119312 -0.0657438 0.117406 0.105696 0.118216 0.188437 0.0841945 0.129956 0.0753699 -0.166004 -0.295304 -0.247167 -0.110265 0.0519997 -0.137465 -0.182161 -0.123044 0.218802 -0.109243 -0.113587 -0.23798 -0.271361 0.301449 -0.301148 -0.067918 0.18058 0.283878 0.0180345 0.50938 -0.290339 -0.0552565 -0.234189 -0.31731 0.215079 
0.0664221 0.0134379 0.189954 0.0940901 0.0910977 0.0932495 0.236689 -0.139121 0.168423 0.147716 -0.340537 0.0282978 -0.0301889 -0.211586 -0.0132803 0.0529066 0.247253 0.221636 -0.0488413 -0.154024 0.102411 -0.0215213 -0.0528874 0.135419 -0.197201 0.210852 0.234692 -0.266036 -0.25907 -0.000957972 0.0975256 -0.112736 0.323137 -0.0819045 0.0669793 -0.131981 0.121573 -0.0305833 0.260244 -0.209065 0.237342 0.304332 -0.0940617 0.116607 -0.0720265 0.0168712 -0.0470357 -0.0856804 -0.336981 0.214823 -0.0242286 -0.208881 0.210014 -0.00415934 -0.0818019 -0.171039 -0.15217 0.254075 0.496866 -0.139095 0.14512 0.197833 0.148701 0.198953 
-0.091655 0.0546218 -0.104639 0.0239097 -0.147317 0.0196079 0.323417 0.0185509 -0.0421672 -0.124028 -0.118222 0.00117637 -0.0958192 0.057557 0.0878895 -0.163109 0.151046 -0.0568772 0.204541 0.223364 -0.0303711 -0.105774 0.0222874 -0.0530916 -0.156381 -0.15856 -0.14068 -0.0860211 -0.0993947 -0.0684896 0.0373919 -0.00932984 0.0236231 0.0470046 -0.00419557 -0.000143185 -0.150995 0.155406 -0.0975983 -0.0448617 -0.0571587 -0.0181771 -0.0160194 -0.0874785 -0.0191238 -0.0387497 -0.0467657 0.0429465 -0.00330633 -0.0898593 -0.0476403 -0.201976 0.0386599 -0.0724251 -0.054107 0.0765764 0.18917 0.11027 0.198443 -0.218594 0.0814393 -0.103438 -0.229388 0.264928 
-0.146701 0.0064329 -0.0672735 0.00916018 -0.107412 -0.0939677 0.446279 -0.245239 -0.0263308 -0.00194371 -0.165828 -0.0537888 0.113519 0.216439 -0.0350614 -0.0983864 -0.119244 0.522924 0.150717 0.519705 0.637889 -0.172823 -0.618061 -0.427913 0.0831656 -0.250679 -0.323991 0.236305 0.232778 -0.732231 -0.38159 -0.481993 -0.117461 0.218786 -0.017736 0.0782382 -0.083805 0.214036 -0.13011 0.0144043 0.33007 0.330138 0.0228085 -0.0580171 -0.00556454 0.0461118 -0.0170125 0.0620353 0.36813 -0.458267 0.0543977 -0.0905047 -0.209283 -0.109835 0.0178739 0.311165 0.595972 -0.211514 -0.248789 -0.154039 0.0616538 -0.491552 -0.593147 0.13158 
-0.0965175 0.0886362 0.0619065 0.16105 -0.0279703 -0.0840562 -0.193401 0.0447756 -0.0839488 0.0568313 0.0804943 0.0124588 -0.0105705 0.0581546 0.0350778 0.0398299 -0.139383 -0.146344 0.127118 0.00646272 -0.074207 0.0245918 0.145353 -0.0148124 0.201006 -0.113248 -0.0670674 0.130428 0.147349 0.178251 0.0445317 0.119767 -0.16343 0.0152205 -0.0369386 0.0104259 -0.152336 -0.205387 -0.0727847 0.134114 -0.333851 -0.362025 0.0894613 0.00634834 0.110436 0.166796 0.0941495 -0.302146 -0.0364532 0.0397587 0.0308245 0.0368044 -0.0809722 -0.00377008 0.0040901 -0.145357 -0.0986454 -0.148457 -0.296544 0.12056 0.18428 -0.0942616 0.0763006 -0.101969 
0.194303 0.196204 0.0969241 0.0424682 0.186678 0.119009 0.044566 -0.124797 -0.00215581 0.0123644 -0.230677 0.197787 -0.103486 -0.168759 0.177129 -0.0786912 0.307199 0.113719 -0.0463982 -0.2294 0.127679 -0.0484308 -0.0802987 0.210569 -0.327005 0.277625 0.271094 -0.296969 -0.290098 -0.0930404 0.0455868 -0.0178103 0.23027 0.0199616 0.0589045 0.00915834 -0.0887458 -0.064423 0.161781 -0.171113 -0.115773 -0.0504258 -0.071857 0.0489752 -0.0610312 -0.0687831 -0.0312229 -0.00775275 -0.262709 0.229534 -0.164455 -0.243606 0.22478 -0.109624 -0.0827962 -0.244921 -0.174682 0.232209 0.268407 -0.239197 0.239531 0.0592224 0.169496 0.269503 
0.0700803 0.234204 0.0208029 0.052407 0.146207 0.0108688 0.0329243 -0.187627 -0.10124 0.0837645 -0.0952359 -0.0307775 0.0874308 0.0535442 -0.0455526 -0.121806 0.153178 0.225292 -0.225977 -0.234382 0.160215 -0.0147897 -0.298371 0.194541 -0.193887 0.297956 0.310667 -0.226337 -0.14529 -0.31938 -0.120435 -0.253553 0.168363 0.117461 -0.0817683 0.0247482 -0.00434178 -0.279532 0.228599 -0.0899107 -0.100489 -0.0279744 0.00617088 0.0561779 0.140769 0.207148 0.0868038 -0.274616 -0.260565 0.144991 -0.0975912 -0.160169 0.132117 -0.161249 -0.10171 -0.235366 -0.211017 -0.0389292 0.108024 -0.143787 0.280947 -0.126663 0.217872 0.151162 
0.121886 -0.0267609 -0.433458 -0.433714 -0.0859271 0.0193047 -0.782975 0.680305 -0.31859 -0.37119 0.724007 -0.0246042 -0.0885863 0.292675 0.0355708 -0.0978509 -0.0206543 -0.558392 -0.102993 0.0643632 -0.716875 0.0339946 0.225834 -0.109108 0.0329919 0.0502882 0.00501478 0.0981636 0.0123249 0.328763 -0.0949506 0.12068 -0.208526 0.436716 0.133328 0.596594 0.563679 -0.104311 -0.270531 0.0282045 -0.279795 -0.283934 -0.248389 0.0325903 -0.173444 -0.334367 -0.170954 0.459777 0.00605684 0.12546 -0.0426197 0.0913654 0.17757 0.267325 0.015624 0.263493 0.018965 0.265067 0.296277 0.161318 -0.618217 0.286739 -0.0697564 -0.146046 
-0.0156477 0.126641 0.028604 0.105962 0.0207481 0.0190467 0.395188 -0.185591 0.0157966 0.0405634 -0.186441 0.0114214 0.0166847 0.13085 0.0390315 -0.181699 -0.0731532 0.312582 -0.0443521 -0.141389 0.499901 0.0363708 -0.227091 0.115257 0.0287258 0.0638865 0.132356 -0.0510331 0.00869303 -0.370351 -0.00492612 -0.0148671 0.252019 -0.144876 0.0522811 -0.227706 -0.23994 -0.0861033 0.25368 -0.137199 0.13797 0.157365 0.0223554 0.126253 -0.0309113 0.129176 -0.00440297 -0.408818 -0.00405541 -0.143522 -0.0759809 -0.087212 0.0207424 -0.199962 -0.0239111 -0.022816 0.000831443 -0.151273 -0.121092 -0.12782 0.323191 -0.203609 0.00350213 0.132288 
-0.108896 0.0338995 0.0949486 0.160861 -0.0379869 -0.00708745 0.586388 -0.249341 -0.0131339 0.0888942 -0.153157 -0.104395 0.0685076 0.0962874 -0.0910334 -0.110643 -0.000371248 0.00462064 0.210764 0.506643 0.135982 -0.0505737 -0.276311 -0.285642 0.0166433 -0.328547 -0.327208 0.129487 0.136705 -0.271739 -0.203554 -0.229787 -0.301645 0.342479 -0.115907 0.308522 0.0805332 0.116316 -0.27739 0.227466 -0.0667619 -0.0963261 0.123574 -0.167113 0.167459 0.186708 0.16997 0.119631 0.203241 -0.324867 -0.0468036 -0.0561226 -0.0190654 -0.198398 0.0531564 0.325671 0.362305 -0.23544 -0.0608668 -0.0737126 0.00468132 -0.414779 -0.327742 0.0194806 
-0.080959 -0.00847945 0.162132 0.180145 0.118752 -0.0516664 0.0887831 -0.13287 0.254297 0.460555 0.0730852 -0.162207 0.249544 0.110469 -0.196142 0.255081 -0.177 0.117565 -0.00415594 0.0990148 0.239821 0.180605 -0.0528424 -0.161774 0.258552 -0.0951425 -0.0853743 0.137538 0.188924 0.0410735 -0.120337 -0.0445561 -0.137375 -0.0965978 -0.0616603 -0.0994905 0.0899802 0.0460158 -0.0793493 0.104454 0.446827 0.45473 0.0642399 -0.0572037 0.0559508 0.20396 0.0917654 0.058721 -0.0660804 0.0441721 0.098944 0.173727 -0.106775 0.0677918 0.0901762 -0.0841246 -0.0317765 -0.15645 -0.103286 0.211927 0.0347117 -0.03871 0.104645 -0.193108 
-0.0384178 -0.0668596 0.209557 0.252349 0.0826486 -0.0300879 -0.197144 -0.0646533 0.162951 0.2896 0.0088526 -0.106405 0.121562 -0.0438 -0.0709369 0.198641 -0.0612044 0.303638 -0.108378 -0.0666956 0.246162 0.0732547 -0.108299 0.0231547 0.134372 0.100932 0.0976946 0.028799 0.0495717 -0.0190322 -0.00158919 -0.161589 -0.18402 -0.0749343 -0.0832313 -0.143372 0.0371406 -0.199199 -0.0584986 0.218519 0.120009 0.168153 0.101393 -0.0429622 0.278329 0.378588 0.216916 -0.226296 -0.130166 0.137694 0.187211 0.115055 -0.192639 0.12626 0.0729199 -0.190957 -0.200523 -0.110578 -0.248156 0.163185 0.15559 0.051799 0.212171 -0.158806 
-0.00358124 -0.00267638 0.0397338 0.0148189 0.0558344 0.0258256 -0.0772976 0.161097 0.0457733 0.206244 0.186568 -0.0733751 0.0820728 0.0503047 -0.0364047 0.11384 -0.0777044 0.042688 -0.168475 -0.250324 -0.0101222 0.0894158 0.0980296 0.118956 0.0792489 0.213692 0.186597 0.0398723 0.0901029 0.21077 0.0667457 0.00537901 -0.10938 0.178853 0.0699212 0.0397613 0.326518 -0.261964 -0.0557214 0.0919723 0.16581 0.24761 -0.0944048 0.0998956 0.112558 0.0628068 0.0189018 -0.0274705 -0.179469 0.176128 0.137294 0.10754 -0.0778956 0.121982 0.0220064 -0.141869 -0.0795995 -0.0780725 -0.0910671 0.181833 -0.0211005 -0.00952077 0.089288 -0.165833 
-0.127594 -0.168652 -0.293744 -0.164206 -0.292642 -0.048326 0.0234884 0.240938 -0.171851 -0.210118 0.193317 -0.0661225 -0.0427152 0.341358 0.0295079 -0.15801 -0.0622517 0.198923 0.340963 0.472521 0.219139 -0.0763357 -0.0959033 -0.319323 0.120057 -0.370955 -0.365747 0.197326 0.188184 -0.186876 -0.129207 -0.166308 -0.11169 0.0980044 -0.0748146 0.159687 0.00761688 0.43175 -0.186097 0.0574375 0.401071 0.306679 0.0173634 -0.180255 0.0192503 -0.0757854 -0.00837191 0.37147 0.375044 -0.248964 0.175294 0.0825576 -0.301322 0.080805 0.0710516 0.1948 0.30767 -0.00500745 -0.289899 -0.0114704 -0.133045 -0.0907739 -0.356824 0.0327714 
0.195294 0.142434 0.233128 0.147389 0.225385 0.0144975 0.0962793 -0.213812 0.148673 0.157662 -0.384288 0.163082 0.0133821 -0.330258 0.100798 0.111756 -0.0242773 0.037653 -0.0746406 -0.135322 -0.0489563 -4.27075e-05 -0.040668 0.0361274 0.013291 0.103088 0.0902217 -0.0276642 -0.01158 -0.0582745 0.0022887 -0.0242051 0.1184 -0.219174 0.0981205 -0.249817 -0.270319 -0.0329092 0.0749097 -0.131032 -0.0415079 0.0168566 -0.0418038 0.106058 -0.118994 -0.13022 -0.0945723 -0.130181 -0.064349 0.193659 -0.148446 0.0262284 0.0523576 0.0951457 -0.0852797 -0.167404 -0.176138 0.0988095 -0.0163643 0.0836211 0.0450909 0.126556 0.122606 -0.0820649 
0.0877759 0.129626 0.128792 0.12441 0.151893 0.0233016 -0.109528 -0.170992 0.123849 0.272407 -0.00655012 0.00551853 0.0800816 0.00770758 -0.00563767 0.105942 0.0481934 0.0252345 -0.0164488 -0.104669 0.0438265 0.00848352 -0.122312 0.00757993 -0.0624716 0.0979804 0.0878573 -0.0748358 -0.098433 -0.100205 -0.0887551 -0.0408738 0.0994402 -0.101889 0.0062753 -0.138544 -0.166626 -0.122995 0.0502603 -0.041185 -0.0389719 0.0115095 -0.0761496 0.112775 -0.016518 -0.0161758 -0.0329629 -0.174438 -0.155361 0.122373 0.0613442 -0.112922 -0.024006 -0.132826 -0.0448282 -0.155248 -0.108971 -0.0614199 0.00696516 -0.132154 0.26663 -0.0502777 0.143546 0.094789 
-0.0803795 -0.0141348 0.0478294 -0.0116339 0.0816633 -0.207705 -0.2676 0.00262641 0.192951 0.390385 0.226304 -0.0998976 0.196587 -0.0253677 -0.174698 0.3639 -0.340963 0.0143891 -0.164872 -0.285052 0.059488 0.175101 0.158097 0.107303 0.339732 0.0859646 0.116963 0.195376 0.269505 0.238076 0.0575804 0.144133 -0.0352605 -0.125932 -0.0430444 -0.190018 0.089598 -0.186039 -0.0118674 0.0636703 0.332934 0.315256 0.0153646 0.0692722 0.0459642 0.112515 0.051072 -0.0542253 -0.0386692 0.207023 0.113528 0.259999 -0.145067 0.178593 0.136505 -0.214702 -0.22776 -0.141643 -0.351259 0.341149 0.000236708 0.116678 0.259713 -0.251446 
-0.186034 0.143183 0.204023 0.3023 0.0347168 -0.179803 0.111516 -0.146135 -0.0446275 0.176961 -0.115496 -0.0837256 0.141143 0.0550296 -0.119847 0.0345906 -0.2001 0.220579 0.062438 -0.0446018 0.404223 0.0611169 0.00972949 -0.00504747 0.154082 -0.096705 -0.0407009 0.0275485 0.117105 -0.0430599 0.0214683 0.0122348 -0.00543173 -0.21866 -0.172098 -0.238837 -0.303117 0.0868989 0.0273013 0.103884 0.302613 0.227815 0.197631 -0.0423817 0.139666 0.278398 0.137923 -0.320895 -0.0416451 0.0514112 0.028846 0.0628197 -0.205733 -0.0287993 -0.0669405 -0.182787 -0.065819 -0.200333 -0.297613 0.056423 0.413096 0.0125942 0.0714005 0.0124553 
0.682281 0.123769 -0.00399205 -0.346387 0.0981981 0.476338 -0.00894413 0.0196163 0.0177426 -0.33257 -0.497299 0.526825 -0.558216 -0.615062 0.508047 -0.314951 0.0549166 -0.255625 -0.560816 -0.563251 -0.243215 -0.0650562 -0.177153 0.305578 -0.218446 0.473559 0.428211 -0.155911 -0.201357 -0.285093 -0.00522481 0.113662 0.0737598 0.284683 0.277683 0.363796 0.293366 -0.23103 0.097565 -0.205521 -0.828343 -0.771419 -0.302135 0.220238 -0.304934 -0.45238 -0.337795 -0.0335636 -0.105825 0.0496376 -0.239697 -0.0716572 0.394203 -0.209254 -0.0331018 0.132883 -0.0160294 0.215603 0.374369 -0.146863 -0.13792 0.0385784 0.0249096 0.0621851 
-0.184201 -0.128902 0.443912 0.488905 0.118754 -0.0688898 -0.17391 -0.316505 0.109868 0.274818 -0.372914 -0.0641328 0.11027 -0.402157 -0.112862 0.342088 0.0234507 0.287415 0.0332876 -0.23403 0.117348 0.10546 0.0844022 0.170674 0.0285459 0.15299 0.133051 -0.133312 -0.12294 0.215103 0.255197 -0.0688129 0.136578 -0.228059 -0.0380647 -0.317558 -0.178092 -0.289377 0.270949 0.0119551 -0.0356692 -0.0575137 0.111888 0.143906 0.163164 0.209147 0.102503 -0.518278 -0.172455 0.274749 0.133786 0.113459 -0.086534 0.0996125 -0.000854687 -0.380513 -0.481872 0.0157983 -0.205353 0.0901675 0.333931 0.20937 0.50412 -0.0392801 
-0.0820073 -0.0439196 0.166982 0.138789 0.0557903 -0.00746996 0.178728 -0.107575 0.0757207 0.179998 -0.0823019 -0.0356394 -0.00889714 -0.111288 -0.0690619 0.102079 -0.0658593 0.00631217 0.0363198 -0.157518 -0.00445797 0.103315 0.145662 0.0575025 0.0951167 0.00679483 0.0630149 0.0206216 0.0361342 0.208016 0.110836 0.09087 0.0236233 -0.0180132 0.0390426 -0.0374473 0.0531651 -0.0924145 0.0718526 -0.0109308 0.109337 0.0590086 -0.0122652 0.10492 -0.0512336 -0.0608027 -0.0255643 -0.0568519 -0.107684 0.00273914 0.0801154 0.0816436 -0.0422987 -0.0536584 0.0189941 -0.0237302 -0.0906429 -0.12168 0.000996818 0.102325 0.0850309 0.068399 0.162244 -0.0744022 
-0.0302513 -0.163993 -0.315401 -0.211759 -0.210575 0.0236072 -0.342692 0.345641 -0.0590341 -0.183256 0.401341 -0.0456138 -0.0766354 0.312697 0.0856878 -0.0519678 0.0467388 -0.112413 0.203159 0.23815 -0.119706 -0.0999036 0.0674789 -0.111364 0.0158644 -0.174928 -0.217763 0.107477 0.0371929 0.0828212 -0.0465464 0.0025643 -0.23332 0.00306096 -0.110684 0.12715 0.000160802 0.332726 -0.320174 0.178495 0.0425252 0.0161553 0.0314485 -0.260833 0.113051 -0.0820702 0.0404092 0.435797 0.213765 -0.0774397 0.106698 0.00173994 -0.152524 0.0988534 0.00406212 0.104265 0.114097 0.0905618 -0.212671 0.00225235 -0.213336 -0.0100592 -0.168284 0.0149575 
0.23752 0.0901479 -0.140732 -0.264716 0.123487 0.090247 -0.336972 0.232964 -0.0719816 -0.0258202 0.227521 0.0681646 0.0285458 0.0768132 0.0496711 -0.0310958 -0.0101669 -0.198804 -0.020464 0.195187 -0.326125 -0.0627726 -0.0841044 -0.207515 -0.0341772 -0.030088 -0.122138 0.167508 0.0340151 -0.0976431 -0.240341 -0.135283 -0.17483 0.227649 0.000373025 0.311201 0.225577 0.0890209 -0.240667 0.00168119 -0.233987 -0.17939 -0.0991701 -0.103189 -0.0797635 -0.235913 -0.0955487 0.432808 0.102963 -0.073438 -0.0285932 0.0470481 0.137558 0.0289461 0.0661886 0.274472 0.160133 0.0614279 0.0691939 0.0410661 -0.454871 -0.0746423 -0.151911 -0.126421 
-0.0223577 -0.0437665 0.294596 0.308456 -0.00820756 0.0466094 0.332932 -0.21371 -0.0533239 -0.105514 -0.343159 0.021402 -0.198457 -0.225375 0.0642625 -0.138999 0.214141 0.313661 0.0614162 -0.0409957 0.221153 -0.0672778 -0.0384437 0.129411 -0.215715 0.0883521 0.0965917 -0.209666 -0.212993 -0.0825541 0.151394 -0.0967542 0.174952 -0.0196262 -0.0801768 -0.102057 -0.0371671 -0.108993 0.259913 -0.0348935 -0.09843 -0.0551146 0.138068 -0.0514342 0.143741 0.25483 0.127494 -0.259196 -0.235978 -0.0416701 -0.0442829 -0.0815886 0.144345 -0.13145 -0.0842169 -0.121161 -0.11929 -0.0813 0.235056 -0.100658 0.351102 -0.0507199 0.143187 0.0901637 
-0.0735544 -0.137042 -0.194931 -0.0789395 -0.235131 0.0704714 0.0327866 0.358719 -0.139362 -0.125489 0.424074 -0.130326 -0.0386857 0.483972 0.0199783 -0.178198 0.0866564 -0.0304944 0.220712 0.248498 -0.0553634 0.048345 0.145148 -0.0989316 -0.00106277 -0.175258 -0.168069 -0.00722117 0.00656294 0.177179 0.0984419 0.0593893 -0.212952 0.294474 -0.0871354 0.293878 0.349621 0.241556 -0.189653 0.181885 0.20029 0.216963 0.0880162 -0.173176 0.16376 0.0948586 0.124289 0.447264 0.0925481 -0.143429 0.178281 0.0736748 -0.140022 0.0482035 0.104901 0.15287 0.0781811 -0.055476 0.0285975 0.0727796 -0.07157 -0.0773887 -0.10926 -0.053291 
-0.13102 -0.0599786 0.235035 0.260969 0.0143925 0.0165047 0.579095 -0.365499 0.195433 0.120139 -0.430565 -0.0271466 -0.013203 -0.120374 -0.0131013 -0.0751911 0.20195 0.393047 0.00609521 -0.144427 0.388574 0.0289345 -0.0615253 0.259501 -0.202327 0.142064 0.194176 -0.385974 -0.293771 -0.132629 0.282465 -0.0210619 0.348106 -0.196121 -0.106768 -0.215802 -0.146362 0.0262646 0.375071 -0.115726 0.083112 0.073402 0.137033 0.0436534 0.114442 0.281566 0.113975 -0.354636 -0.248759 -0.0397944 -0.0378802 -0.0915426 0.0301697 -0.191593 -0.123962 -0.220398 -0.184717 -0.0269112 0.197742 -0.110761 0.467843 0.0468741 0.139113 0.151333 
-0.273283 0.0113172 0.0921544 0.186105 0.0298732 -0.223768 -0.0782204 -0.109628 0.01667 0.227802 0.187103 -0.15687 0.257297 0.150873 -0.191307 0.179897 -0.420195 0.108347 0.0199131 -0.227623 0.227107 0.159665 0.202676 0.0252999 0.413911 -0.112475 0.00124564 0.252278 0.315131 0.229241 0.109927 0.198473 -0.151772 -0.24499 -0.179621 -0.253085 -0.182693 -0.0896402 0.00114771 0.191334 0.135088 0.0546301 0.286279 -0.0739299 0.238571 0.333058 0.233362 -0.292201 0.13737 0.0775137 0.188312 0.334952 -0.294467 0.0818724 0.103062 -0.21204 -0.291308 -0.323208 -0.621719 0.240229 0.274783 0.0614728 0.286198 -0.302531 
0.127253 0.172608 0.195122 0.0299599 0.285994 -0.0452409 0.0739742 -0.317582 0.284481 0.321508 -0.374846 0.204334 0.0340171 -0.383446 0.122157 0.231589 0.00754809 -0.103571 -0.141812 -0.495075 -0.0927651 0.0747803 0.315162 0.300958 -0.0161268 0.23621 0.280886 -0.105026 -0.111732 0.3095 0.280717 0.320405 0.125357 -0.381128 0.0322074 -0.379565 -0.243689 -0.0997516 0.158821 -0.123377 0.0559675 0.0899312 0.0534041 0.111874 -0.0453593 0.0420531 -0.0410455 -0.229815 -0.214245 0.404295 -0.0777201 0.0718503 0.0915775 0.0301104 0.0113223 -0.434865 -0.485585 0.107295 -0.0679041 0.115762 0.311029 0.280754 0.433334 -0.0556651 
0.219278 0.314871 0.377687 0.354229 0.433896 0.0732789 -0.78275 -0.336668 -0.183981 -0.0354402 -0.209489 0.243436 -0.0617833 -0.297915 0.0965941 -0.110666 0.174665 -0.141741 -0.466066 -0.619456 -0.17794 0.0608622 0.0541356 0.395868 -0.283996 0.416475 0.422432 -0.326084 -0.310054 -0.0498653 0.295423 0.240986 0.410775 -0.132247 0.24211 -0.0680062 -0.124657 -0.328633 0.533719 -0.357816 -0.204163 -0.350685 -0.168883 0.35515 -0.555814 -0.376209 -0.346316 -0.42043 -0.277675 0.184387 -0.0699957 -0.0773554 0.255317 -0.170261 -0.0998321 -0.144632 -0.263311 0.096483 0.544545 -0.0936848 0.156846 0.274164 0.275829 0.12961 
0.117344 0.23311 -0.119355 -0.119979 0.0615194 0.0907204 -0.242137 0.116717 -0.292642 -0.349703 0.00540324 0.236146 -0.18427 -0.0413758 0.206132 -0.167745 0.0452947 -0.480604 -0.0291626 -0.046294 -0.184159 -0.00059036 0.183962 0.0150099 -0.0727267 -0.0336426 0.00473356 0.0427586 -0.00452168 -0.0402127 -0.00720443 0.380276 0.17074 0.0277683 0.168175 0.257335 -0.0343149 0.174139 0.0625212 -0.150841 -0.353957 -0.415792 -0.116503 0.0526343 -0.330412 -0.439797 -0.290487 0.21698 0.143945 -0.0637155 -0.221092 -0.0822699 0.183594 -0.175127 -0.0298376 0.224179 0.135436 0.0920312 0.240059 -0.138461 -0.223713 0.141287 -0.147778 0.119254 
