64 64
0.15837 0.311906 0.226007 0.0905723 0.168464 0.338413 -0.0664394 0.201581 0.735664 0.296736 -0.119404 -0.595524 0.2103 -0.243591 -0.148926 0.569361 0.0390298 0.109751 -0.627267 -0.531415 -0.180397 0.433129 0.462217 0.282559 -0.0110097 -0.745425 -0.361221 -0.0413394 -0.00721723 0.454847 0.110959 0.105602 0.0132429 -0.354003 0.612867 -0.221204 0.155012 -0.270454 0.464593 -0.110032 -0.303218 -0.0825114 0.224757 -0.316884 0.254814 0.414942 -0.427971 0.347802 -0.329279 0.168162 0.22814 0.0399507 0.0159529 -0.519039 -0.0638326 -0.0862152 0.600594 -0.559243 0.0960314 -0.169968 -0.274416 0.345333 -0.420135 0.0685753 
-0.174314 -0.0539524 0.162858 0.186775 0.143571 -0.319781 0.0244886 0.0805056 0.533149 -0.908636 -0.572411 0.0333748 -0.316683 0.471406 0.662959 -0.218816 -0.494707 -0.308286 -0.33165 -0.12529 1.22761 -0.0970381 0.0779447 0.239603 0.604023 -0.245022 0.101187 -0.291541 -0.386188 -0.509459 -0.300708 -0.249079 0.103751 -0.324106 0.657896 -0.0679333 0.0674256 -0.372685 -0.45064 0.302974 -0.78086 -0.00742331 0.26251 0.123318 0.213108 0.507529 -0.34268 -0.12593 -0.128627 -0.425557 -0.302951 -0.624593 0.102207 -0.060141 0.241639 0.0101138 -0.0314531 0.203898 0.0912174 -0.166159 -0.634088 -0.160713 0.0811002 0.445164 
0.0559343 0.345648 -0.324381 0.515375 -0.297511 -0.200144 0.0718564 0.0462006 -0.260345 0.470901 0.33732 0.580061 -0.157746 -0.127872 0.179576 0.251306 0.00560393 0.659685 -0.0277741 0.100042 -0.145358 0.403079 0.347084 0.416367 0.0154789 0.0260108 0.192769 0.30202 -0.583543 0.175497 0.412997 0.440873 -0.157208 0.0899489 0.0108742 0.0140776 0.205887 0.376491 0.0268483 0.137517 0.153829 0.256822 0.467329 -0.289945 0.506413 0.599676 0.337165 0.549629 0.092118 0.16347 0.672039 0.356691 -0.229637 0.430152 -0.665178 0.171842 0.173546 -0.359874 -0.0445476 0.455897 0.132825 -0.0935092 -0.338184 0.430124 
0.0195381 -0.131003 -0.271904 -0.608353 0.489378 0.674686 0.200005 -0.667282 0.608399 -0.394879 0.0590105 0.247783 -0.194271 0.276996 0.361949 0.189531 -0.414703 -0.341204 -0.107295 0.11965 0.855083 -0.216158 -0.13915 0.00401161 -0.121279 -0.443199 -0.093952 -0.693489 0.17905 -0.0352966 -0.379987 -0.471702 0.182951 -0.660706 0.560874 0.441703 -0.186121 -0.166698 0.580545 -0.170259 -0.510894 0.141001 0.343535 0.0336834 0.67401 -0.369698 -1.12008 0.021888 -0.211882 -0.0313964 0.0195012 -0.172831 0.0995037 0.208009 0.761791 0.110453 -1.02297 -0.0227159 0.0979946 0.22646 -0.892766 0.160202 0.274035 -0.201506 
-0.130723 -0.374486 -0.0349344 -0.357213 0.431235 -0.0292983 -0.47448 -0.186474 0.358776 -0.744419 -0.3783 0.319233 -0.860618 0.413902 0.635746 -0.13409 -0.451953 -0.427805 0.232389 0.510222 0.695229 -0.499974 -0.106971 -0.19757 -0.135091 -0.40708 -0.0125648 -0.413846 0.311423 -0.172482 -0.217512 -0.391537 0.427077 -0.243904 0.512559 0.336824 -0.272336 -0.024207 0.193907 -0.511997 -0.421913 -0.0801965 -0.0988037 0.0548301 0.264294 -0.258266 -0.495358 -0.614794 -0.0831662 -0.057869 -0.686968 -0.153134 -0.05868 0.0021161 0.335594 -0.163216 -0.8557 0.308265 -0.120633 -0.167297 -0.442656 -0.255122 0.52792 -0.0624579 
-0.0673777 0.663012 -0.148853 -0.353913 -0.413458 0.323111 0.146344 0.252341 0.473897 0.611776 0.0951047 0.304979 0.0518608 -0.263027 -0.114334 -0.1111 0.200775 0.150731 -0.412992 0.547663 -0.236562 -0.154367 -0.127237 -0.0518707 -0.556612 0.191751 0.264765 -0.144198 -0.0902467 0.371916 0.293063 0.202382 0.0980533 -0.288473 -0.203568 0.328535 -0.170126 0.124116 0.376886 -0.571117 0.541755 -0.00230555 -0.13197 -0.302511 -0.121958 -0.423797 -0.178731 -0.139522 0.0585816 -0.271101 -0.163989 0.551454 -0.611156 0.32956 0.314517 0.178336 -0.547212 -0.000244988 0.132236 0.0467966 0.32142 0.109935 0.158946 -0.354768 
-0.422814 0.0592402 0.0607816 -0.610451 -0.393842 -0.00200794 -0.522412 0.067461 0.35166 0.0419498 0.232017 -0.126422 0.497855 -0.504634 -0.10628 -0.437487 -0.266451 0.224405 -0.302297 -0.131512 -0.0938667 0.532896 -0.0859825 -0.202211 -0.199105 0.130959 -0.319393 -0.145896 0.599803 0.261795 -0.129619 -0.12335 0.352155 0.355556 0.224706 -0.281863 0.438276 -1.17089 -0.190449 0.0562286 -0.155359 -0.135152 0.0137595 0.403729 -0.246617 -0.158408 -0.217758 -0.512009 -0.0455196 0.256774 -0.25032 0.0149271 -0.184797 0.217811 0.00598513 -0.25179 0.0469895 0.272425 0.258615 -0.257981 0.0426194 -0.0161766 0.370734 -0.15525 
-0.143009 -0.221904 0.539656 0.15615 0.18684 -0.175115 -0.513307 0.0132911 0.256151 0.272808 -0.280437 -0.4633 -0.661342 0.337833 0.279042 -0.015872 0.265579 -0.244037 -0.50696 0.298162 0.0521953 -0.333964 0.200434 -0.236978 -0.384952 -0.449858 -0.25725 -0.473354 -0.0588648 0.08164 0.206437 -0.151004 0.0396502 0.334161 -0.171726 0.0472465 0.0415416 -0.726456 0.386895 -0.276664 -0.384013 -0.192003 -0.0745115 -0.0125779 -0.0754662 -0.285919 0.0770848 -0.190873 0.390521 0.0910349 -0.754931 0.643561 -0.210409 0.128957 0.0440318 0.257865 -0.210234 0.540207 -0.326061 -0.418122 0.260354 0.213543 -0.0186277 -0.074141 
0.0844211 0.318271 -0.325329 0.196353 0.0561973 0.791018 0.443385 -0.00627504 -0.412975 -0.0127951 0.0200545 0.0704079 -0.391783 0.499417 -0.230133 -0.156885 0.375274 0.114122 0.0888452 0.326636 -0.791528 -0.0574271 0.0448219 -0.00972689 -0.123122 -0.217008 0.407933 -0.199866 0.170532 0.416571 0.349081 -0.159683 -0.0655001 0.169944 -0.416598 -0.0121627 0.170321 0.424497 -0.247533 -0.425519 0.277223 0.246719 -0.187402 0.112249 -0.193312 -0.438467 0.0145563 -0.00271437 0.282735 0.173678 0.196062 0.261446 -0.885229 -0.204959 0.0207692 0.727325 -0.441857 -0.116283 -0.36852 0.300978 0.0511857 0.0724856 0.018222 -0.473679 
0.353846 -0.00883385 0.566894 -0.659657 0.378917 -0.221399 0.155961 -0.666499 0.140945 -0.0133778 -0.544873 -0.267744 0.00586588 -0.323252 -0.212915 -0.329682 -0.111905 -0.24309 0.329599 -0.34989 -0.0309316 0.257478 -0.192683 -0.149171 -0.17842 -0.154491 -0.276378 -0.118223 -0.293982 0.498285 -0.36224 0.0349816 -0.0237909 0.482391 -0.375698 -0.0135723 0.051924 -0.546425 -0.37238 0.0440999 -0.0382598 -0.111952 0.470385 -0.311015 -0.0798914 0.0123128 -0.488268 -0.236401 -0.268904 -0.156518 -0.0198396 -0.361403 -0.341311 -0.0177876 0.26549 0.264926 0.184759 0.0523196 -0.020979 -0.0238599 -0.402914 0.0761988 0.677144 0.0713709 
0.378264 0.139441 -0.262815 -0.209189 0.44299 0.257018 -0.757923 -0.125438 -0.0965669 -0.759159 0.106963 0.232339 0.377935 -0.187661 0.335445 0.155184 -0.0864221 0.250156 -0.304295 0.414533 0.0449923 0.381856 -0.358443 0.0864304 0.145136 -0.231362 -0.00465531 -0.430227 0.38357 -0.146472 -0.268517 -0.0982662 0.161788 0.312055 -0.437659 -0.348379 -0.174127 -0.61098 -0.0977197 -0.0239 -0.583866 0.163004 0.0701359 0.204258 -0.150906 0.0350853 -0.444577 -0.307201 0.668914 0.578883 0.385606 -0.0568283 0.369747 -0.385558 0.171669 0.186698 -0.331831 0.353971 0.407963 -0.435862 -0.0444356 0.212538 0.377445 0.0945157 
-0.25159 -0.167065 -0.374457 0.00571498 0.353527 0.0191426 0.651229 0.718425 0.0357568 -0.075198 0.079523 0.16856 -0.366002 0.516082 0.0901512 -0.248505 0.183802 -0.149644 -0.241023 0.392616 0.0403691 -0.0514945 0.130691 -0.000617093 0.416073 -0.259825 -0.0162937 -0.0766252 -0.205553 0.00232949 0.462374 -0.433221 -0.437937 -0.401907 0.157768 -0.150692 0.0869462 0.479623 -0.0396398 0.282411 -0.146809 0.198631 -0.317452 0.0271699 0.0678974 0.380295 0.0847385 0.632412 0.0737493 0.0370731 0.415652 0.583728 -0.0797341 0.619367 -0.196563 0.329325 0.0962666 -0.106317 -0.460387 0.308074 -0.393323 0.209369 -0.253947 0.0290475 
0.132854 0.130304 -0.0439597 0.697751 -0.407613 -0.521279 0.142879 0.548224 -0.272344 0.542288 0.189643 -0.345062 0.630557 -0.556448 -0.582126 0.193336 0.222443 0.571112 -0.294649 -0.342663 -0.344679 0.335577 0.207044 0.356631 0.160864 0.578562 -0.0695413 0.679307 -0.682154 0.34841 0.269959 0.288882 -0.301625 0.159084 -0.269592 -0.491485 0.187297 0.31684 -0.00479625 0.291631 0.280809 0.213605 0.286062 0.18218 -0.203117 0.263341 0.431287 0.686414 0.0504285 -0.121032 0.667604 0.163777 0.390363 0.0487111 -0.885724 -0.0170891 1.00138 -0.508313 0.209076 0.0687747 0.531004 0.203281 -0.644885 0.271532 
0.145122 0.361169 -0.258965 -0.122616 -0.0203291 -0.280453 -0.0630363 0.55268 -0.183158 0.38073 0.578584 0.200274 0.392087 -0.156512 -0.0740842 0.0918295 -0.195675 -0.30699 0.250942 0.489264 0.155206 0.514328 -0.0465293 0.0763008 0.153012 0.782041 0.0227456 0.143517 -0.289873 0.44414 0.391343 -0.678849 0.0239521 -0.39375 0.543951 0.157248 -0.212131 0.208342 0.460096 -0.0138301 0.57469 0.415911 0.129515 -0.0584144 0.231763 0.18031 -0.269181 0.46682 0.160689 0.0444912 0.519031 0.404793 0.153299 0.443712 -0.196581 0.0883515 0.160379 -0.270302 -0.269851 -0.21316 -0.141858 -0.536017 -0.258089 0.101703 
-0.0552501 0.204647 -0.136518 0.285075 0.0842148 0.0195133 0.033962 0.0424514 -0.831693 0.193672 0.45043 0.879796 0.400378 0.217099 0.382212 -0.545441 0.366754 -0.368258 0.221775 0.215987 -0.354619 -0.295108 -0.350898 0.139362 0.195808 0.359929 0.0575912 0.49469 -0.522113 -0.401875 -0.375272 -0.264285 -0.104594 -0.0164402 -1.04961 0.587816 -0.25191 0.0556301 -0.407083 0.278421 0.154326 -0.0722992 -0.459506 0.222563 -0.26345 -0.384649 0.271425 -0.0613623 0.11297 0.138457 0.596387 0.0791027 -0.384244 -0.258389 -0.2638 -0.231068 -0.464217 0.367473 -0.179895 0.033492 0.248753 0.185959 -0.125328 -0.394001 
-0.10011 -0.0605583 -0.0113637 -0.716253 0.34241 0.297811 0.0845648 -0.0162573 0.145132 -0.461629 0.173947 -0.544801 0.129246 -0.137342 -0.174321 -0.259969 -0.185654 -0.950619 0.0630763 -0.434866 0.246524 -0.130857 -0.402588 -0.382924 -0.0925059 0.0830075 0.0674567 -0.42621 0.40408 0.381364 -0.385429 -0.308933 -0.101531 -0.363186 0.28174 0.297088 -0.299088 -0.595283 -0.399376 0.105773 -0.192786 0.0554452 0.281285 -0.257868 -0.209519 -0.0319264 -0.620273 -0.141521 -0.274341 0.0161061 -0.134478 -0.64244 0.267876 -0.389501 0.880145 -0.21627 -0.538258 0.319012 -0.219828 -0.486597 -0.493111 -0.0289994 0.476176 -0.00316088 
0.381681 -0.167247 0.302091 -0.773577 0.141732 0.216713 0.0832521 -1.02385 -0.0410721 -0.277224 -0.2515 -0.410298 0.000453 0.141875 0.374793 0.341105 -0.705543 0.120872 0.180399 0.00298907 -0.372556 0.225101 0.249387 -0.0320182 -0.0222484 0.121156 -0.52904 -0.353197 0.127047 0.0903037 -0.298048 0.395899 0.000647468 -0.284179 0.418289 0.142304 0.130502 -0.674812 -0.0716038 -0.0195603 -0.479728 -0.149862 0.103434 1.05346 0.402215 0.780622 0.183961 -0.160442 0.0911494 -0.137084 -0.547515 0.0130053 -0.152701 -0.195512 0.285301 0.00448293 -0.470596 -0.173675 0.302977 -0.209153 -0.335944 -0.0991321 -0.120793 0.0992461 
-0.150251 -0.391348 0.114408 0.0866293 0.446804 -0.158401 -0.317436 0.175504 0.149063 0.375383 0.104119 0.0125487 -0.474014 0.0325021 0.101642 0.472678 0.153848 0.155442 -0.39575 -0.340708 0.816272 -0.360266 -0.158874 -0.404535 -0.173309 -0.481351 -0.213996 -0.123196 0.122492 0.534371 0.260481 -0.059644 0.165442 -0.106972 -0.0816173 0.0236619 -0.101882 0.111079 -0.0892921 -0.0641889 0.312422 -0.114504 -0.0587324 -0.236571 -0.0344664 -0.201986 0.0839017 -0.566434 -0.105803 0.65922 -0.36192 -0.605352 -0.0126142 -0.439074 0.115875 0.34872 0.50355 0.328023 0.278373 -0.0272258 -0.137836 -0.197459 0.243392 -0.125737 
-0.307563 -0.285105 0.398125 0.397653 -0.00365408 0.122085 -0.224152 -0.320291 0.495544 0.17649 -0.185299 0.596599 -0.0433496 -0.208217 0.134742 0.355881 -0.338489 0.351489 -0.116865 0.0114565 0.710038 -0.378759 -0.793591 0.141237 -0.338999 0.327013 -0.180303 0.0168265 -0.336408 -0.432257 -0.246818 -0.12553 0.278724 0.142966 0.304053 0.486804 -0.0461455 -0.220038 0.122682 0.165314 0.17087 0.232986 -0.665313 -0.120408 -0.235369 -0.546527 -0.63925 -0.892329 0.623626 0.0525445 -0.716688 -0.202671 -0.729026 0.188702 0.177388 -0.168223 -0.284677 0.60968 0.0134055 -0.138677 0.432736 -0.142746 0.199166 -0.366561 
-0.0722654 0.127924 -0.0426443 -0.379522 0.699742 0.386438 0.086394 -0.735403 0.285574 -0.166643 -0.228969 -0.671114 -0.627557 0.054546 0.462086 0.186703 -0.364971 -0.271981 0.0811998 -0.0624529 0.310695 -0.346167 -0.399787 0.634546 -0.315637 -0.306202 -0.236411 -0.484447 0.23622 -0.231099 -0.111702 -0.196347 -0.0086717 0.207046 0.873781 0.129772 0.179156 -0.382246 -0.130859 0.122451 0.263519 0.267411 -0.0633676 0.52552 0.506468 -0.486872 0.0499128 -0.421498 -0.0306194 0.398215 -0.144165 0.090975 -0.0893248 0.0989143 0.692997 0.422442 -0.151631 -0.115423 0.264613 -0.0382447 -0.0329716 -0.28116 0.308688 -0.0596181 
0.151626 0.0235467 0.146649 -0.439587 0.523962 0.111887 -0.426212 -0.392017 0.442606 0.254941 -0.27405 0.189065 -0.106074 0.386444 0.664201 0.320042 -0.318592 -0.196842 -0.0476047 -0.608829 0.143011 0.430834 0.086942 0.305846 0.0175723 0.692489 -0.319573 -0.217281 -0.324211 -0.292053 -0.600297 -0.0991119 0.449524 0.0827572 0.372122 0.181306 0.0209785 -0.27496 0.15959 -0.259266 -0.133162 -0.331498 -0.112046 0.580137 0.338252 -0.194923 0.162318 -0.78471 -0.315227 0.161281 -0.391546 0.102028 -0.322716 -0.898066 0.402728 -0.299481 -0.172931 -0.262111 0.596984 0.0141399 -0.457084 -0.0306732 0.0122177 -0.472024 
0.258145 -0.146819 0.713911 0.11381 0.486267 -1.27295 0.176176 -0.610729 0.287397 -0.195569 0.00967478 -0.305351 -0.79303 0.0336039 0.383637 0.325744 -0.0959338 0.244164 -0.733598 -0.632868 0.686246 -0.062399 0.454976 0.00118697 -0.264226 -0.859047 -0.437534 -0.39106 0.20764 0.287849 0.198449 -0.257933 0.349953 0.125373 -0.462868 0.240184 0.480416 0.205218 0.0816754 -0.645735 -0.186663 -0.444558 0.697128 0.511706 0.189564 -0.634588 0.272724 -0.343465 -0.69162 0.745145 -0.429185 -0.263636 -0.153204 -0.156176 0.098481 0.415873 0.419241 -0.526438 0.845522 -0.918853 -0.265849 -0.574259 0.00308905 0.571345 
-0.421843 -0.387853 0.57174 0.606409 0.131657 -0.378858 -0.380504 0.0507387 0.275203 0.228892 0.0197249 0.036139 -0.834639 -0.344236 -0.114541 0.324675 0.128873 -0.130017 0.0809216 -0.471038 0.608604 -0.832837 -0.324712 -0.0316811 -0.25019 0.0938162 0.221494 0.00462535 0.0188133 -0.182032 0.111699 -0.719436 0.081722 -0.273891 -0.145961 -0.266689 0.328191 0.251279 -0.3016 -0.423737 0.34609 -0.280158 -0.0015929 -0.226016 0.372002 -0.258125 0.0400918 -0.709551 -0.0780919 0.543263 -0.277855 -0.380014 -0.0703809 0.157159 0.00699048 0.266987 0.119606 0.0494775 0.0291317 -0.00415143 -0.430488 -0.118165 0.450717 -0.259435 
-0.101018 0.108329 0.0872011 0.080472 0.122366 0.0253684 -0.0548222 -0.214762 0.436234 0.256733 0.163738 -0.533047 -0.375897 -0.886546 -0.0265075 0.56911 0.152908 0.282333 0.0729366 -0.534871 0.235602 -0.124093 -0.065471 0.405439 0.0279991 0.166107 -0.00252431 0.0263254 -0.0347653 0.434854 -0.263024 -0.172065 0.0866436 -0.189785 0.235803 -0.301641 0.380219 0.041431 -0.392724 0.12002 -0.029591 -0.0476704 -0.0179457 0.102941 0.620362 0.0392527 0.145458 -0.705748 -0.179342 0.403937 -0.188856 -0.133561 0.0719268 -0.152347 0.229905 0.169475 0.144138 -0.674218 -0.0948493 0.120749 -0.380971 -0.201111 -0.0543386 -0.0279503 
0.47269 -0.336181 0.155093 -0.400555 -0.16132 0.243967 -0.307823 -0.283118 -0.189465 -0.240887 -0.54545 0.201965 -0.167375 0.0649888 0.370211 -0.327473 -0.0354066 -0.0688586 -0.0933307 -0.0761397 0.661183 -0.342522 0.0152365 0.139971 -0.212922 0.0127332 -0.306027 0.0339942 0.0851896 -0.225606 0.0104095 -0.221126 0.151886 0.186896 0.161825 -0.256095 -0.0057957 -0.329919 -0.201524 0.132476 -0.207966 -0.42306 -0.0847021 0.397972 0.198428 -0.361511 0.0367334 0.0742297 0.245958 0.0516867 -0.333537 0.0819827 -0.248592 -0.0345435 0.877619 0.0777691 -0.664633 0.351779 0.376867 0.181293 -0.0561288 -0.134642 0.796851 0.384585 
0.236561 0.225297 0.126744 -0.233362 -0.0598589 0.0150843 0.0197218 0.294141 0.154667 0.234481 0.0357147 0.49021 0.319736 0.555466 0.17459 -0.187125 -0.000452569 -0.441095 -0.0850883 0.497973 -0.0335509 0.0108303 0.0102795 -0.407391 0.091823 0.0803714 0.0260012 0.0334446 -0.273343 -0.434907 -0.0391065 -0.183949 0.375907 0.0788093 -0.557589 0.472685 -0.236232 0.0667765 0.310618 -0.31661 0.0446203 0.212072 0.104743 -0.384942 -0.636392 0.204386 -0.200629 0.215527 0.158159 -0.09801 -0.131687 -0.0722125 -0.36224 -0.0591647 -0.551759 0.0983234 0.0192869 0.313565 -0.125766 0.271701 0.0215948 0.312432 -0.207202 -0.0583882 
-0.61853 0.0888034 -0.354515 0.498379 0.077573 0.116817 -0.0758937 0.509897 0.0629446 0.452958 0.395876 -0.271491 0.339156 0.0725992 -0.42446 -0.18003 -0.0738163 -0.0829827 -0.490252 0.60506 -0.161168 0.0382518 0.0341092 -0.0765179 0.257749 -0.162704 0.208708 -0.395863 -0.137169 0.0956305 -0.109566 0.287403 -0.315902 -0.00582898 -0.440659 0.244134 -0.158484 0.184555 0.0222091 0.0206769 0.155236 0.521804 0.195602 -0.522467 -0.541381 -0.00798744 -0.0578834 0.630785 -0.0480141 -0.0494137 0.307844 -0.429179 0.0973909 -0.266335 -0.442112 0.66772 0.131027 0.0755362 -0.435906 0.26943 -0.243092 -0.00486915 -0.522735 -0.360907 
-0.221141 -0.0585204 -0.190714 -0.0474691 -0.64779 0.134237 0.361986 -0.0237831 0.136977 0.757228 0.464541 -0.168325 0.252584 -0.226785 -0.145372 0.113141 0.358159 0.109721 -0.593537 0.401929 -0.64944 -0.241612 -0.0806591 -0.533287 0.191049 -0.417903 0.375652 0.473739 -0.389866 0.161579 0.323566 0.0729091 0.216323 0.0418431 -0.355971 -0.186279 -0.25857 0.337497 -0.133719 -0.218281 0.0852328 0.296447 -0.2908 -0.094853 -0.106591 0.652511 0.726441 0.474811 -0.142532 -0.326791 0.528924 -0.112638 0.0874359 0.106131 -0.0495006 -0.0645325 -0.0248348 -0.365678 -0.526103 0.351686 -0.0856324 0.410747 -0.400437 0.667026 
0.000985015 0.281083 -0.0878404 -0.243585 0.307852 0.254428 -0.128095 -0.3752 -0.0466275 -0.0258031 -0.224055 -0.321057 -0.0409818 0.194492 0.0841013 0.0507216 -0.316612 -0.113984 0.046245 0.241845 0.149343 -0.0625994 -0.102219 -0.105484 0.00750791 -0.329822 -0.322009 -0.318395 -0.122117 -0.0277773 0.195676 -0.218479 0.129359 -0.184578 0.298045 0.597068 -0.0659747 -0.328959 -0.0113407 0.0140867 -0.273338 0.0956185 0.364752 0.220929 0.350721 0.028981 -0.0109768 0.097397 -0.286973 0.275023 0.0366372 -0.0508797 -0.0524163 0.242784 -0.0809299 0.191238 -0.381539 0.117638 -0.285105 -0.276559 0.116998 -0.170257 0.101927 -0.136947 
0.18545 -0.0365165 -0.291072 0.178958 -0.488863 -0.373572 0.0164424 -0.453738 0.121347 -0.491547 -0.531665 0.144808 0.0195367 -0.0633968 -0.321494 -0.170466 -0.420055 -0.0224983 -0.698315 0.062619 0.298138 -0.236661 -0.180335 -0.102272 -0.222509 0.13853 -0.10576 0.134416 -0.0949412 -0.1966 0.431019 0.314317 0.46564 0.0496024 -0.0637465 0.55303 0.645718 -0.348902 0.0254642 0.420959 0.191687 0.30094 0.532378 -0.551986 -0.352997 -0.368001 -0.542368 -0.0409603 -0.164731 0.340528 -0.641026 -0.824811 -0.56854 0.31919 0.439708 0.458565 0.186761 -0.0767494 -0.0524795 -0.253483 -0.064518 -0.301291 0.501175 0.0703681 
-0.499085 0.448052 -0.110106 -0.117432 0.156587 0.0531794 0.48547 -0.16391 0.606677 -0.22091 -0.0600531 -0.16292 -0.263018 -0.206002 -0.14835 -0.0900697 -0.071474 -0.964354 0.288168 0.579739 -0.163281 -0.292673 -0.152022 0.407296 -0.36178 0.066651 0.535033 -0.129921 -0.743915 -0.529521 0.29103 -0.369687 0.0384652 0.022351 0.00762239 0.437168 0.0410221 -0.352797 -0.0327172 0.258026 -0.377811 0.750382 -0.100274 0.309656 -0.588189 0.49012 -0.6669 0.0784296 0.153977 -0.212661 0.143748 0.157974 -0.684487 0.339827 -0.452808 0.270778 -0.162815 -0.25167 -0.163477 0.270622 -0.00652052 0.534029 0.190755 0.39678 
0.0672721 0.312567 -0.128498 -0.00653102 -0.12122 -0.175618 -0.0429059 0.371219 -0.349027 0.228434 0.0978408 -0.367644 0.240445 -0.174834 -0.442371 -0.266299 -0.0331608 -0.184184 0.172677 0.302345 -0.206936 0.115604 0.389847 -0.0163382 0.381384 0.235038 -0.166054 0.157388 -0.35492 0.488366 0.072765 -0.0278861 -0.104761 -0.564719 -0.665151 0.300557 -0.126007 0.243579 -0.393231 -0.0844932 -0.586353 -0.205982 0.2933 -0.0279365 0.124048 1.02064 0.449867 0.249961 -0.171299 -0.480353 0.16641 0.159765 0.024211 0.587638 -0.465891 -0.530483 0.00272093 -0.703554 -0.475264 0.653082 -0.187183 -0.0164273 -0.197176 -0.0695086 
0.459087 0.049415 0.100051 -0.631932 0.163457 -0.133777 -0.113599 -0.275797 -0.10936 -0.0788965 0.735709 -0.0646369 0.279661 -0.0401126 0.384878 0.349241 -0.0518803 -0.448957 -0.149196 0.0223901 0.321009 0.212113 0.0253927 -0.0497277 -0.042903 0.130342 -0.18364 -0.102532 0.614258 -0.358091 0.222982 0.110765 0.0200872 -0.230895 0.280687 0.0556223 -0.0766814 -0.0231933 -0.336422 0.410356 0.0116415 -0.0344552 -0.011022 0.00793636 0.135312 -0.53098 -0.0621381 -0.352373 -0.18183 -0.0821004 -0.733984 -0.500603 0.324309 -0.643222 -0.08953 -0.220113 0.0672151 0.303989 -0.572258 -0.465334 0.401373 -0.580043 -0.147516 0.555761 
-0.183678 0.209293 -0.651997 0.399481 0.146028 -0.309987 0.0550371 0.189945 -0.173736 0.034857 0.175396 -0.103825 0.449168 -0.172011 0.140387 -0.114431 0.150612 0.350745 0.638654 0.260481 -0.21722 -0.413351 0.259162 -0.355444 0.888357 0.297343 0.261492 0.151016 -0.562494 -0.202561 0.255923 0.151814 0.0191139 -0.333052 -0.0909581 -0.486232 -0.322896 0.49227 0.383535 -0.350333 0.203241 0.269388 -0.294892 0.203633 0.149067 0.0760307 0.0128041 0.491938 -0.0105482 0.336937 0.693518 0.778261 -0.457154 0.0902865 -0.446492 0.193288 0.179481 -0.140698 -0.0311767 -0.048293 -0.131366 0.0395119 0.0842647 -0.282458 
-0.279453 0.422412 0.161011 -0.0450818 0.238761 0.223578 -0.00443242 0.166903 -0.507092 0.845547 0.783373 -0.0393362 0.155872 0.597367 -0.408254 -0.00798654 0.57604 -0.287638 0.22419 0.293668 -0.761339 -0.473158 -0.276265 0.239497 -0.46554 0.339576 -0.516273 0.0443872 0.057476 0.195291 0.190208 -0.481785 -0.279809 -0.133923 -0.0486713 0.47608 -0.853356 0.485615 -0.446508 0.366113 -0.0195563 0.0459818 -0.829203 0.0218466 -0.411557 0.348552 0.169805 0.12506 0.361874 0.226455 -0.0175485 0.194879 -0.395219 0.362037 -0.962804 0.0103214 -0.230976 0.365752 -0.864759 -0.125948 0.0354154 -0.253176 -0.715543 -0.170737 
-0.0672869 0.10243 -0.0999582 -0.0590216 -0.594876 -0.0788063 0.178944 -0.0509324 0.0488119 -0.129135 0.656198 0.222552 0.682297 -0.104099 0.0759337 -0.338253 0.427929 0.404116 -0.0333088 0.453508 -0.377246 0.0597826 -0.0414266 -0.00272573 -0.0443712 -0.235526 0.0928087 0.25178 -0.381199 0.267424 0.21082 -0.0759084 -0.487362 0.10159 -0.0680135 0.088986 -0.419648 0.0246642 0.473924 0.405884 -0.0997839 0.747822 0.0468594 0.226469 0.194601 -0.394474 -0.202923 -0.117482 0.427428 -0.178709 0.557686 -0.0176424 -0.430809 0.10694 0.118185 -0.0788502 -0.0526345 -0.101189 0.220866 -0.112114 -0.20736 0.384405 -0.180076 -0.575861 
-0.257961 0.0230379 -0.51932 -0.0527166 -0.253653 0.171081 0.298964 0.155383 -0.115375 0.273029 -0.0843611 0.0483348 0.70118 0.256653 -0.543914 -0.782514 0.590171 -0.686599 0.347977 0.372986 -0.566871 -0.257949 -0.36613 0.518736 1.17864 -0.0514908 -0.283236 -0.224946 -0.399784 -0.971241 -0.249774 -0.343257 0.0856891 -0.644263 -0.260705 -0.273824 0.119413 0.47177 -0.724196 -0.250292 0.136977 0.574039 -0.405316 -0.42787 -0.469265 0.0262362 -0.158245 0.323436 0.255203 -0.969648 0.581478 -0.853553 0.705691 -0.393914 0.138053 0.0249519 -0.175183 0.107304 -0.886104 -0.106199 0.439508 0.978888 -0.3196 -0.394199 
-0.183979 -0.236184 -0.188352 0.00905393 -0.213275 0.216979 0.182501 0.263137 -0.302975 0.46733 0.521326 0.020684 0.652908 0.53094 -0.529237 -0.68144 0.898159 -0.24224 0.237806 0.464543 -0.0432029 -0.022894 -0.0111726 0.118935 -0.149899 -0.0690458 -0.473691 0.492652 -0.520183 -0.405933 0.513881 -0.163406 -0.470484 -0.312446 -0.699364 -0.530551 -0.269391 0.0578933 0.0727802 0.248618 -0.0625966 0.444313 -0.456673 0.224711 0.155338 -0.303931 0.555138 0.18977 0.321115 0.31502 0.0946892 0.235602 0.668825 0.2242 0.308667 0.206567 0.134998 -0.17112 -0.12189 0.283777 0.269071 -0.26365 0.122955 0.0624395 
-0.148836 0.0776093 0.314586 -0.118965 0.144179 -0.168417 -0.519113 -0.498841 0.342224 -0.105023 0.709258 -0.256352 -0.0682358 0.212289 0.0658343 -0.0563374 0.0978307 -0.212004 -0.513819 -0.0664736 -0.055359 0.556426 -0.0779511 0.180447 -0.658759 -0.0383184 0.114018 -0.0570619 0.167273 0.136579 0.0191483 0.213697 0.107435 0.283421 0.27831 0.755278 0.34916 -0.182777 -0.321082 0.0892325 -0.323979 0.31003 0.691865 -0.0830213 -0.385281 -0.105454 -0.241076 -0.0884437 0.337362 -0.0783634 -0.678889 -0.654844 -0.00443099 0.0414295 0.325911 -0.271757 -0.155204 0.113565 0.145412 -0.0809275 -0.0270007 -0.153988 0.0846303 -0.0293755 
0.0376126 0.397895 -0.139117 0.347232 -0.284922 -0.584878 -0.0432372 0.140184 -0.223438 -0.0228139 0.0813412 0.049782 -0.553656 -0.0128244 -0.0701801 -0.00273847 -0.400406 -0.67242 0.0613313 0.795547 -0.818018 -0.0309443 0.181429 -0.0221179 -0.0213701 0.0247934 -0.823487 0.553563 -0.565349 -0.314588 0.422066 -0.865269 0.236786 0.209175 -0.0850393 0.185696 -0.0490585 0.474802 -0.621123 0.0581857 0.898013 0.0151439 -0.567669 0.0689422 -0.329729 0.0869694 0.82756 0.835861 -0.308983 -0.145998 0.424286 0.0928885 -0.502892 -0.0593944 -0.545807 0.0296524 0.428721 -0.143916 -0.429684 -0.023191 0.186316 0.135544 0.131194 -0.392967 
0.583955 0.0583928 -0.102861 0.155915 -0.188189 -0.187642 -0.0343343 -0.484964 0.224572 0.170435 -0.0758181 -0.215961 -0.161652 -0.42142 0.302819 -0.0587455 -0.317234 -0.0106486 -0.255365 -0.248822 -0.23413 0.138327 0.650258 0.197732 -0.180265 -0.543416 -0.105714 -0.295806 0.0799261 -0.107728 -0.423614 -0.0988435 -0.134932 0.150548 -0.0873009 -0.466263 -0.207353 0.236256 0.333789 -0.0690932 0.627136 -0.29803 -0.188436 0.401146 0.0611623 -0.433371 -0.0597076 -0.320136 -0.0981419 -0.0883966 -0.267706 -0.0841014 -0.400016 -0.262797 -0.523298 0.192865 -0.0643561 -0.243852 -0.451916 -0.618678 -0.399671 -0.246041 -0.525018 0.856662 
0.272091 -0.619874 0.517844 0.313892 0.568497 0.135083 0.155696 0.0576318 0.318924 0.0388439 -0.242194 0.162691 0.347122 -0.540998 -0.431653 -0.0186956 0.363073 -0.696016 0.0729391 -0.0307663 0.181686 -0.182964 -0.481726 0.216612 -0.169642 -0.638837 0.180511 -0.0460451 0.711411 -0.524263 -0.469948 0.594992 0.317973 0.00602552 -0.339968 -0.0867835 0.141058 0.0548903 0.120638 -0.299536 -0.199848 0.170096 -0.257522 0.21653 0.483727 -0.489715 -0.0942867 -0.208309 -0.439352 0.171786 -0.489017 -0.107226 0.0230843 0.0340341 -0.482963 -0.0545682 -0.177822 -0.0780283 0.392133 0.0241135 -0.278817 0.144193 -0.193442 0.156394 
-0.150003 -0.0751081 0.127468 -0.651685 0.112609 -0.769796 -0.595451 0.212479 0.516956 0.232054 0.0670169 -0.424446 0.308138 0.177584 0.598154 -0.0673932 -0.0952529 0.501465 0.0644372 -0.630232 0.574652 0.679785 0.130212 -0.0585499 0.182958 -0.579899 -0.355035 -0.678378 0.261202 0.386642 -0.361002 0.686723 0.370065 -0.0605161 0.335386 -0.8086 -0.168798 0.0789496 0.355884 -0.148185 -0.117676 0.349819 0.0425604 0.450644 0.3839 -0.813207 -0.711533 0.0660246 0.463789 0.312211 -0.362073 -0.0183531 -0.281404 0.0108061 0.131378 -0.123299 -0.392544 -0.114068 0.138299 0.0329349 -0.366238 -0.196824 -0.0039043 0.417666 
-0.0256749 0.319066 -0.312926 0.108052 -0.288655 0.247952 0.0579414 0.336664 -0.286852 0.146212 0.352666 0.229003 0.984481 -0.176084 -0.0292236 -0.30818 -0.12284 -0.103526 0.246217 0.202386 -0.456708 -0.499844 0.104269 0.110173 0.147895 -0.102284 0.2594 -0.0183324 -0.295743 -0.105275 0.511798 0.129297 0.290409 0.379928 -0.565721 0.158 0.00984445 0.12454 -0.456432 -0.00726942 -0.510718 0.0913642 -0.452139 -0.291778 -0.00593099 -0.37622 -0.127259 0.24621 -0.243654 0.0628701 0.336154 0.90576 -0.219106 -0.0313487 -0.323953 -0.00183819 0.00228591 -0.201628 0.164525 0.381183 0.215673 -0.361907 -0.387082 -0.47686 
0.514814 0.264415 -0.439153 0.255992 -0.470164 -0.0970412 -0.154603 0.693182 -0.58146 0.361114 0.664487 0.00276252 -0.0970034 0.409777 -0.57671 0.174424 0.379446 -0.540197 0.349986 0.166417 -0.109523 -0.361131 -0.0100487 0.385457 -0.468704 -0.021128 -0.096899 0.0987581 -0.0537923 0.0232839 0.417825 0.280316 -0.476953 -0.383528 -0.172166 0.350657 -0.433307 -0.0416426 -0.0962483 0.349824 0.202591 -0.483116 0.0699165 -0.11942 -0.629083 0.848035 0.270184 -0.148431 0.565529 -0.113376 0.0524799 0.108475 0.491532 0.174838 -0.192962 -0.10915 -0.107117 0.49585 -0.662439 -0.129038 0.655611 -0.238368 -0.556918 0.192812 
-0.238543 -0.43196 0.428045 -0.16466 0.00564085 0.759405 0.0703677 0.065017 0.0739635 -0.0336231 -1.03268 0.276544 0.00759016 -0.40381 -0.0602108 -0.423816 -0.521766 -0.24273 -0.510768 -0.539952 0.455359 -0.0475773 0.204845 -0.356472 -0.0805825 -0.223071 0.406811 -0.0541278 0.158341 0.187205 -0.141962 0.113114 -0.202532 0.166851 0.0465026 0.00198017 0.0281192 -0.387236 0.196104 -0.348784 -0.603531 -0.385556 0.193745 -0.161077 0.398762 -0.478912 -0.126231 -0.581464 -0.52052 0.142908 -0.101696 0.129321 0.125373 -0.469842 0.900443 0.214083 -0.0930241 0.0163231 0.391927 -0.397927 -0.0670707 -0.532373 0.32184 -0.223192 
-0.0708828 0.71099 -0.0774204 -0.0042435 -0.350929 -0.0698505 0.160902 0.261143 0.081157 0.196844 -0.0873492 0.212645 -0.0613702 0.159365 0.150472 -0.204274 -0.163831 -0.339034 -0.701574 0.377688 -0.750155 0.180099 0.328029 0.20129 -0.202305 0.672531 -0.463655 0.383721 -0.571367 -0.401179 0.333209 -0.959904 -0.446426 0.527201 0.158328 0.159825 -0.154731 0.569238 -0.259644 0.189888 0.154568 0.0931547 -0.254884 0.125417 -0.128884 -0.0173479 0.312648 0.824696 -0.0560548 -0.616505 0.370716 -0.123097 -0.662402 -0.356752 -0.234694 0.0860034 -0.0192011 -0.0912416 -0.829716 -0.0223855 0.0497756 -0.12747 -0.360008 -0.463191 
-0.32935 -0.0589129 -0.2412 0.464931 0.47345 -0.199169 -0.0610907 0.0769014 -0.0786288 0.222269 0.23006 0.0442256 0.46165 0.176158 -0.46938 0.0254559 0.232909 0.562047 0.433671 0.167237 -0.0394168 -0.261428 0.113043 0.0275241 0.80531 0.461499 0.21537 0.248343 -0.838028 -0.249671 -0.303407 0.316425 0.234074 0.386146 -0.0124025 -0.0249404 -0.0708222 0.484199 -0.0563904 -0.0192592 0.118501 0.343159 -0.107848 0.0378038 -0.0368565 0.160928 0.259318 0.363143 -0.231945 0.111674 -0.0850737 -0.132896 -0.0855704 0.47617 -0.196339 -0.0666011 -0.399844 0.260831 -0.00986499 0.866482 0.0446223 0.601745 0.238762 -0.213286 
-0.128055 -0.118115 -0.158664 -0.557383 -0.218575 -0.514518 -0.26972 0.658612 -0.397918 -0.342441 -0.230831 -1.12276 -0.492392 -0.102931 0.201616 -0.00602801 -0.279267 -0.186319 -0.140633 -0.220331 0.0666756 0.2559 0.246781 -0.624889 0.395214 -0.299989 -0.200472 0.117364 0.162417 0.838949 0.148304 0.470682 -0.0283977 0.197279 -0.241508 -0.316552 -0.161801 -0.0607929 -0.241226 -0.22856 -0.185473 -0.444789 -0.326565 -0.242899 0.691945 -0.118051 -0.285673 -0.494878 -0.458335 0.312197 -0.269134 -0.353192 0.146978 -0.11191 0.495678 -0.0527923 -0.619831 0.15996 0.181384 -0.547025 -0.522121 -0.371794 0.11449 0.0431433 
0.2233 0.0226459 0.639036 -0.10762 -0.227046 -0.672654 -0.400283 -0.451356 0.188025 -0.0238873 -0.174456 -0.972313 -0.769133 -0.815242 0.712555 0.518706 -0.940665 0.112849 -0.73218 -0.214623 0.105813 0.315767 0.420911 -0.230411 -0.624691 -0.0869129 -0.496659 -0.0940696 0.667074 0.0435458 0.244291 0.650611 0.480081 0.17947 0.666838 -0.762623 0.307717 -0.428961 0.385943 0.500236 -0.611379 -0.211127 0.794612 0.0259445 -0.0898519 -0.467734 0.486175 -0.118708 -0.736102 0.33916 0.0586279 -0.294235 -0.0678686 -0.397531 0.208316 -0.100951 -0.373056 -0.172309 0.38173 -0.310165 -0.0583468 -0.102911 0.263554 0.908456 
0.0139457 0.106488 -0.53223 0.182804 0.120652 -0.122245 0.097174 -0.191114 0.141424 0.109367 0.0513647 0.155692 0.14452 0.00441975 0.297442 0.49775 0.143007 0.279526 -0.376722 -0.184053 -0.217594 -0.154089 0.0819462 0.335969 0.286412 0.248131 0.0797698 -0.460641 0.186169 -0.00428776 -0.386634 -0.485359 -0.594336 -0.214195 -0.488176 -0.207089 0.120327 -0.148693 0.24824 -0.183889 0.182553 0.232513 -0.0337259 -0.0440441 -0.105825 -0.0285783 0.406018 0.0785536 0.18287 -0.312801 0.369266 -0.0164461 -0.49163 -0.0907064 -0.239634 0.228964 -0.496085 -0.27409 -0.10232 0.443361 0.6455 0.752653 -0.429785 -0.134649 
-0.540702 -0.118172 -0.514768 0.0393298 0.142657 -0.244648 -0.120223 0.206558 0.250612 0.209102 0.136421 0.117271 0.0776481 0.183564 0.0172261 0.33512 0.279602 -0.38949 0.306642 0.0163604 -0.452827 0.18915 0.0802144 -0.0681703 0.448986 -0.0584063 0.0194217 -0.0146547 0.132332 -0.342397 0.152304 -0.23189 -0.215136 -0.34721 -0.224139 -0.0328933 -0.674924 0.240822 -0.00489468 0.221292 0.265811 -0.173079 -0.0481999 -0.751513 0.270034 0.136606 0.30876 0.475274 0.263201 -0.261738 0.0968946 -0.227664 -0.340334 0.172495 0.169172 -0.380514 -0.0331932 0.202541 -0.397114 0.309837 0.273621 0.221591 -0.330813 -0.0454255 
-0.236162 0.0811481 -0.386604 0.602808 0.474812 -0.179136 0.448344 -0.00722138 -0.737849 -0.0911507 0.58472 0.21809 -0.22673 0.0727642 0.184433 -0.479382 -0.0152822 -0.328358 -0.252821 0.374276 -0.283491 0.188051 0.15291 0.185665 0.477742 -0.315992 -0.244651 -0.134027 -0.0339176 0.12516 0.0614261 -0.551118 -0.374358 0.337451 -0.331618 0.343182 -0.227425 0.0118314 0.181111 0.165838 0.923436 -0.464311 -0.143226 0.0740965 -0.131655 0.142645 -0.235356 -0.247326 0.0537012 -0.023891 0.952289 0.428097 -0.132387 0.299764 -0.364847 0.154204 -0.465818 -0.0100833 -0.474537 -0.0636848 0.561781 -0.594617 -0.545788 0.271723 
0.0818962 0.223929 -0.0594834 -0.124145 -0.225943 -0.117738 -0.695268 -0.571358 0.219422 -0.352978 -0.109876 -0.743646 -0.554171 -0.00775422 0.282104 0.214049 -0.707668 0.0263821 0.0594417 0.0257912 -0.216027 0.00446664 -0.183189 -0.192171 0.157791 -0.579795 -0.493584 -0.186017 0.397734 0.340917 -0.0876089 -0.114546 -0.0746647 -0.119548 -0.313798 -0.235303 -0.0949927 0.109702 -0.179953 -0.0201803 -0.507856 -0.427525 -0.356278 -0.0468428 0.613451 -0.258097 0.479755 0.401776 -0.17586 0.307388 -0.50486 -0.519286 -0.032852 -0.0200457 -0.428397 -0.212008 -0.521422 0.0415062 -0.690171 -0.00237576 -0.733725 -0.0607277 0.343114 0.182305 
0.00884765 0.202084 -0.475658 -0.0067824 0.252359 0.154466 -0.569503 -0.290287 -0.117572 0.206256 -0.112852 0.285189 -0.52636 -0.727577 0.492574 0.163146 -0.786291 0.337287 0.120356 -0.251506 0.579708 0.0569244 0.315546 0.0113224 -0.0520371 -0.315068 -0.263375 0.256379 -0.201041 0.361149 -0.491995 -0.492997 -0.146273 -0.0994534 0.318702 -0.875261 -0.235214 0.246403 -0.3228 -0.221773 -0.200788 -0.284681 0.749092 -0.0316638 0.0378946 -0.0859217 -0.584821 0.272809 -0.274605 -0.00113436 -0.782964 -0.243348 -0.0564725 -0.561999 0.147362 0.0663984 -0.422752 0.0994777 0.164456 -0.428968 -0.22518 -0.360967 0.168492 0.348726 
-0.226605 0.132559 0.125085 0.488651 -0.167205 -0.0600167 0.012034 -0.181298 0.126048 0.0577374 -0.0533728 0.176373 0.197532 -0.186995 0.292746 0.286498 0.0380753 0.392844 0.144109 -0.0745148 0.0671584 -0.561175 0.0998826 0.437569 -0.523698 0.0105901 -0.53722 0.383277 0.0198165 -0.312426 -0.384625 -0.552375 -0.161634 -0.505491 -0.280728 -0.223554 -0.0179792 0.365855 -0.0443042 0.274765 -0.533734 -0.277689 -0.585143 -0.147092 0.167998 -0.466151 0.327507 0.29336 -0.042556 -0.373139 0.10854 0.076485 -0.34956 -0.405818 -0.168698 0.0441022 0.137673 -0.225901 -0.45441 0.236861 0.0293331 0.875591 -0.0757074 -0.215892 
-0.179476 0.5034 -0.165643 0.243703 -0.120005 0.682181 0.504264 0.625326 -0.441148 0.156664 0.0687199 -0.0332757 0.347529 -0.130863 0.296671 0.333107 0.242918 -0.29078 0.0875506 0.353811 -0.727196 0.347372 0.476159 0.0654976 0.159441 0.100959 0.719519 0.365219 0.266065 0.3053 0.269912 -0.094811 -0.058017 -0.13808 0.0380372 0.395086 -0.541935 -0.367121 -0.023056 -0.261096 0.446273 -0.112106 0.0709845 -0.133045 -0.0145241 -0.128537 0.449631 0.250179 -0.107349 -0.225576 0.461819 0.154366 0.227667 0.181727 0.197339 0.00308588 -0.247538 0.334751 -0.13363 0.570346 0.346563 0.208853 -0.398013 0.153344 
-0.353423 -0.120033 0.0545808 0.423983 -0.130981 0.177679 -0.415489 0.180654 -0.296426 0.617819 0.281264 0.411098 0.181765 0.666449 -0.255246 0.181683 -0.207336 -0.0154283 -0.861973 0.00770964 -0.328281 -0.46158 -0.516413 0.467759 0.302122 -0.341287 -0.0175096 -0.177154 -0.456243 -0.282138 -0.0129309 -0.221012 -0.460517 0.012029 0.0344766 0.401596 -0.0492643 0.312337 0.385807 -0.361392 0.156195 0.56047 -0.00533241 -0.593088 -0.0910098 0.250604 0.347709 0.0748929 0.187268 0.512606 0.399727 0.269972 -0.178413 0.450172 -0.0711366 -0.128263 -0.198286 0.151203 0.204587 0.44052 0.389687 0.662261 -0.132042 -0.796696 
-0.459321 0.0657735 0.0623246 0.101774 -0.0400337 -0.36929 0.425651 0.115018 -0.181883 0.205569 0.73338 0.618677 0.359634 0.11312 0.0598253 0.355411 0.472817 0.0033129 0.00170587 0.487337 0.0180176 -0.378644 0.00113251 0.298207 0.164558 -0.14927 0.0439373 0.252988 -0.349179 0.0860605 0.49262 -0.316388 0.112657 0.354071 -0.0161394 0.672854 -0.423172 0.405753 0.0916556 -0.0312471 0.348911 0.0644604 0.037617 0.172738 -0.217073 -0.0455245 0.0282168 0.897099 0.129795 0.14746 0.130693 0.619055 -0.502811 0.0778853 0.0614722 -0.212979 -0.437687 0.420973 -0.188816 0.213981 -0.00800741 0.143354 -0.397782 -0.169061 
-0.172668 0.110384 -0.00382073 0.224065 0.46779 -0.216151 -0.249336 -0.0288905 0.155882 0.23625 -0.144588 -0.29076 -0.226719 0.118884 0.0683497 0.138808 -0.250886 -0.0737935 0.208452 -0.268513 0.322229 0.303508 -0.0906515 -0.253473 -0.00630582 -0.140825 0.118233 -0.274716 0.184528 -0.136858 0.0501806 -0.528268 0.162795 -0.30484 0.382683 -0.192637 -0.015309 0.359778 0.0463389 0.180195 -0.0575841 -0.284048 0.285899 -0.263306 0.551619 -0.303036 -0.258583 -0.134921 -0.204082 0.297443 -0.54999 -0.0458938 -0.29276 -0.252056 0.00662531 -0.0759315 -0.293327 -0.0290017 0.0696339 0.309681 0.383802 -0.0769328 0.605083 -0.210066 
-0.538847 0.154747 0.338204 -0.024326 -0.227487 0.22256 0.425585 0.295968 -0.0922062 0.330056 -0.000262205 0.0239878 0.350168 0.820538 0.318436 0.181688 0.128499 -0.17337 0.230315 0.24178 -0.491793 -0.0704717 0.407474 0.254769 0.121762 0.262023 0.164734 0.360257 -0.321089 -0.280178 0.284833 -0.16849 -0.36308 0.336768 -0.0126088 0.327402 -0.02117 -0.0584874 0.0926124 0.510903 -0.314491 -0.00480876 0.0194262 -0.0289835 -0.591538 0.159908 0.381166 0.0380648 0.0908463 -0.0612848 0.349237 -0.0394301 -0.198562 0.337671 -0.0177341 0.317557 -0.56563 0.468563 0.0589914 0.426366 -0.00330903 -0.0634711 -0.363199 0.0221281 
0.54632 0.121113 0.0341949 -0.59954 0.379979 0.0413821 0.0455422 0.0372804 0.582494 -0.328104 -0.579772 -0.478853 -0.0229697 0.294873 0.101296 0.355144 -0.339941 -0.21593 0.0412493 0.0766108 0.533391 0.235917 -0.290876 -0.0534552 -0.0298454 0.300044 0.115547 -0.366106 -0.0293451 0.268248 0.229947 0.230617 0.438632 -0.072468 -0.176651 -0.242131 0.307795 -0.532737 -0.124943 -0.562551 -0.225083 -0.113212 -0.353804 0.31111 -0.0157336 -0.251039 -0.188873 -0.224769 -0.0556799 -0.316308 -1.03653 -0.719641 -0.00207385 -0.107518 0.268602 -0.385624 0.0500393 -0.255218 0.44847 0.358898 0.0318244 -0.101532 0.855751 0.00801071 
-0.443149 0.204612 -0.0103061 0.147704 -0.303024 -0.255552 -0.527381 -0.400889 0.178356 -0.0686293 0.364061 0.158856 0.335077 0.105516 0.134897 0.352686 0.139557 0.00863637 0.0276986 0.210303 0.0994515 -0.907064 -0.114753 0.299306 -0.432815 -0.148754 0.0721469 0.457793 0.23071 -0.247463 0.248012 -0.515136 0.595725 -0.402419 0.34787 0.241797 -0.354501 0.160392 -0.219163 -0.051931 -0.275087 -0.416342 -0.58414 -0.174785 -0.108858 0.129415 0.668438 0.552102 -0.346114 -0.0173298 -0.149573 -0.00793731 -0.581296 -0.0239023 0.0747157 -0.247702 -0.304382 0.351593 -0.347877 0.363547 0.349375 0.681786 -0.00671486 -0.140805 
0.125247 -0.141611 0.168388 -0.569131 -0.135692 -0.110446 -0.29923 0.0417438 0.312524 -0.424708 -0.117599 -0.609209 -0.255872 -0.487083 0.224501 0.143257 0.365946 0.111585 -0.321121 0.0169534 0.494149 0.310421 0.0144888 -0.092054 -0.427865 -0.40383 -0.0401075 -0.0993043 0.352227 0.632606 -0.134987 0.110509 0.365975 0.199035 0.115917 -0.498446 0.0547783 0.165521 0.22483 -0.534859 -0.463369 -0.465016 -0.116754 -0.0120516 0.27194 0.188774 -0.395598 0.490793 -0.330085 -0.105638 -0.366711 -0.00780537 -0.28351 -0.327171 0.636706 -0.673979 -0.0911721 -0.156529 0.115831 -0.503937 -0.443414 -0.0438934 0.360948 -0.322208 
