64 64
-0.0437013 0.244 0.435174 0.439313 0.236073 0.0401662 -0.295275 -0.161477 0.00446248 0.310727 -0.378619 0.082289 0.0490807 -0.348424 -0.0674187 0.207377 -0.134641 0.213062 -0.260213 -0.378212 0.209322 0.0963787 0.0221238 0.200576 0.100724 0.256133 0.218021 -0.0903084 0.0254114 0.0703006 0.0759561 0.0239842 -0.230467 0.0603453 -0.0415777 -0.0138382 -0.0317217 -0.154573 -0.133966 0.197006 -0.0524185 -0.0408169 0.105579 -0.0257158 0.143678 0.183383 0.12323 -0.17654 -0.0146968 0.229782 -0.0269082 0.145138 -0.151487 0.111123 -0.127258 -0.318718 -0.282712 -0.0676353 -0.466017 0.17614 0.230059 0.182439 0.331793 -0.118153 
-0.178967 -0.0914447 -0.20234 -0.132894 -0.0406057 -0.267171 0.256707 -0.148378 0.114212 0.256584 0.166848 -0.146655 0.263173 0.279961 -0.2113 0.197046 -0.244835 -0.120466 -0.117121 -0.0553101 -0.215459 -0.054915 0.00166444 0.00425737 0.253337 -0.125566 -0.151393 0.277628 0.247761 -0.0366918 0.00603494 0.055231 -0.183954 -0.0317716 -0.11284 -0.0550688 -0.205638 -0.0446486 -0.12388 0.198461 -0.229793 -0.232065 0.134427 -0.0650118 0.123878 0.138785 0.123504 -0.160464 0.235221 0.108294 0.127047 0.323541 -0.263713 0.312874 0.121202 -0.139956 -0.0655896 -0.0461143 -0.486823 0.340489 0.0161009 -0.0627715 0.0127907 -0.293037 
0.00402985 -0.101228 -0.111723 -0.290285 -0.125662 0.0863299 0.525677 -0.0504924 0.433027 0.267985 -0.113365 0.032778 -0.0177 -0.0579875 0.0152942 0.145929 -0.174394 0.335032 -0.0640922 0.193517 0.542003 0.0368016 -0.392101 -0.209048 0.0865467 -0.0980142 -0.14091 0.128201 0.199197 -0.46093 -0.324817 -0.27711 -0.328172 0.283967 0.00967596 0.232779 0.347367 -0.063989 -0.402082 0.207424 0.11791 0.144055 -0.0868214 -0.0901955 0.0572924 -0.0739528 0.0161054 0.220516 -0.0696442 -0.112361 -0.249111 -0.292528 0.269334 -0.21393 -0.100098 0.277762 0.355223 -0.00970082 0.379425 -0.2417 0.00639474 -0.264398 -0.362991 0.22425 
0.0318733 -0.0708421 -0.484819 -0.500648 -0.255531 0.101627 0.474234 0.239039 0.124107 -0.00672758 0.413863 -0.00235672 0.0557897 0.458635 0.0478235 -0.0888686 0.0898049 -0.388331 0.224307 0.496449 -0.255481 -0.153719 -0.0320808 -0.298229 -0.0810176 -0.335909 -0.378832 0.132407 0.106554 -0.0831603 -0.229009 -0.0198012 -0.125289 0.0149383 0.00768435 0.0530778 0.00201518 0.262701 -0.213635 0.010853 0.138444 0.10798 -0.0270198 -0.129827 -0.075008 -0.152248 -0.105363 0.256401 0.0291783 -0.109703 0.0649401 0.0440266 -0.00630402 -0.0318955 0.0875122 0.0707473 -0.002124 -0.0848582 0.0285717 0.0162372 -0.0178899 -0.0192302 0.00783496 -0.0319735 
0.0279943 -0.0361069 -0.12869 -0.0552912 -0.0918618 0.209999 -0.366735 0.409312 -0.279305 -0.328717 0.227937 0.0444722 -0.196794 0.0618166 0.0509984 -0.0779554 0.27013 0.172018 0.256993 0.577506 0.0669302 -0.190798 -0.339649 -0.339421 -0.221169 -0.220934 -0.28285 -0.169514 -0.153379 -0.284622 -0.256326 -0.481627 -0.0293615 0.272999 -0.0625 0.287256 0.3676 0.317691 -0.197043 -0.00437772 0.381131 0.396057 -0.00888946 -0.216117 0.113989 0.0868062 0.124108 0.553904 0.382512 -0.130185 0.0297929 0.00728433 0.0298246 0.0162163 0.0729041 0.267476 0.249063 0.209482 -0.0262136 -0.0477028 -0.413211 -0.0357484 -0.229526 0.0126566 
-0.546804 -0.227392 0.0588902 0.188428 -0.227731 -0.506258 -0.0505813 -0.102803 0.106775 0.323124 -0.221246 -0.17686 0.32019 -0.248015 -0.363138 0.616728 0.495692 0.0633875 -0.0447938 -0.203447 0.0228435 -0.0174714 -0.176523 0.349015 -0.605062 0.266469 0.284632 -0.586102 -0.538411 -0.341075 0.0854434 -0.0768941 -0.244081 0.381553 -0.0450774 0.421995 0.178338 -0.182475 -0.319453 0.16166 -0.511915 -0.471608 -0.017353 -0.0665934 0.190171 0.0435194 0.111716 0.272231 -0.0188576 0.0838164 0.0285793 0.0061236 -0.122779 0.122175 -0.193963 -0.0480212 -0.0271045 0.241296 -0.305972 0.0897769 0.0400188 0.304546 0.054376 0.0452954 
0.41781 0.358392 0.271315 0.259905 0.193444 0.448763 -0.178377 -0.0388516 -0.473251 -0.65362 -0.448392 0.409937 -0.569252 -0.337896 0.528749 -0.632449 0.335141 0.417803 -0.207847 -0.57195 0.297935 0.0796601 -0.0117309 0.517817 -0.345459 0.54726 0.560477 -0.568778 -0.497476 -0.0377965 0.344805 -0.033754 0.164644 -0.424504 -0.0741721 -0.560493 -0.246896 -0.0347845 0.220157 -0.0734435 0.55691 0.647213 0.075336 -0.0271161 0.10971 0.175183 0.100323 -0.143232 0.0654832 -0.0523336 -0.00988541 -0.145932 0.0384448 -0.108467 0.000833703 -0.0913983 0.0501494 0.051434 0.0123598 -0.174494 0.0627532 -0.165417 -0.065209 0.157922 
-0.0648821 -0.110794 -0.314291 -0.410687 -0.0998203 -0.0485421 0.404913 0.105103 0.28447 0.189978 0.0247537 -0.0232899 0.088265 0.0327758 -0.101052 0.185294 -0.152449 0.281207 0.0582485 0.266456 0.437174 -0.0650296 -0.334371 -0.234544 0.076195 -0.183904 -0.184985 0.180212 0.180865 -0.445458 -0.367086 -0.240482 -0.117703 0.22009 0.0866108 0.316425 0.14362 0.0664944 -0.166064 0.0556937 -0.0703542 -0.142822 -0.114876 -0.0252974 -0.097797 -0.193499 -0.0945993 0.265928 -0.0312097 -0.17465 -0.254924 -0.285159 0.323928 -0.123497 -0.120128 0.260756 0.398208 0.183443 0.457476 -0.291254 -0.177693 -0.19743 -0.443619 0.221334 
-0.144374 0.0147856 -0.071371 -0.0794435 0.0137551 -0.159206 0.180246 -0.105621 0.234192 0.440765 0.0834154 -0.0714211 0.192331 0.113406 -0.135082 0.285923 -0.18158 -0.197227 -0.0152126 0.2185 -0.0978127 -0.0109686 -0.252831 -0.235478 0.100228 -0.204132 -0.225105 0.255071 0.235109 -0.358276 -0.259436 -0.0253059 -0.227557 -0.0210673 -0.0989776 0.0419857 -0.207947 -0.0346727 -0.118391 0.189343 -0.432073 -0.457198 0.157239 -0.0453973 0.130546 0.149281 0.125205 -0.193493 -0.397174 0.439865 -0.0591844 0.14157 0.197564 0.130015 -0.0838122 -0.388409 -0.502796 0.227086 0.1241 0.236272 0.222036 0.431245 0.519296 -0.16479 
-0.138996 -0.137005 -0.0963842 -0.226716 -0.082911 -0.136453 0.457246 -0.0613988 0.295739 0.231841 0.0731004 -0.135598 0.111109 0.170985 -0.121457 0.142131 -0.370364 0.19495 0.0992977 0.11413 0.366325 0.119103 0.0174653 -0.208748 0.38157 -0.184123 -0.172673 0.317245 0.269389 -0.0181496 -0.184975 0.0436641 0.112592 0.0392169 0.191391 0.0158786 0.0521339 -0.253841 0.118806 -0.145981 -0.243841 -0.219914 -0.152105 0.148871 -0.200958 -0.273327 -0.213447 -0.16961 0.0477005 -0.136148 -0.030644 -0.0501723 -0.0175361 0.00559644 0.0110854 -0.000416127 0.229412 -0.13251 0.115707 -0.0321532 0.0604998 -0.297808 -0.222259 0.0115612 
0.167838 0.209979 0.164218 0.0481593 0.165718 0.210433 0.178374 0.0204468 0.0504822 0.0965389 -0.0310686 0.126324 -0.0716885 -0.027875 0.11223 -0.0736687 -0.020484 0.128811 -0.255356 -0.105648 0.215415 -0.0134873 -0.254331 0.00133328 -0.00786511 0.174997 0.128991 0.0143588 0.00397649 -0.270186 -0.124578 -0.143632 0.314852 -0.62023 0.0493056 -0.696652 -0.343966 0.0492809 0.297819 -0.311357 0.891997 0.861366 -0.0445276 0.0947876 -0.169065 -0.118776 -0.128876 -0.265128 -0.0526768 -0.0884638 -0.120131 -0.069334 0.0178338 -0.1865 -0.0125021 0.0359471 0.107161 -0.132932 -0.00992633 -0.0918078 0.132339 -0.196125 -0.0711561 0.0481346 
0.0560851 0.0266615 0.0676263 0.174676 -0.00437244 0.14302 -0.443203 0.0768573 -0.313637 -0.33856 0.0340668 -0.0161397 -0.217451 -0.0269718 0.100072 -0.2567 0.0224584 -0.040918 0.0557933 -0.178153 -0.157367 0.0983277 0.348871 0.135435 0.048483 0.116306 0.16924 -0.121014 -0.0838346 0.51057 0.22824 0.181726 0.0256824 -0.245907 -0.141378 -0.214433 -0.165845 0.234867 0.031484 0.047669 0.137059 0.159452 0.167885 -0.161786 0.100165 0.0513694 0.127401 0.180601 0.327668 -0.186279 0.226065 0.200271 -0.27468 0.18969 0.115453 0.158422 0.214704 -0.0518327 -0.280858 0.203196 -0.160144 -0.087896 -0.164893 -0.141092 
-0.139687 -0.0745705 0.208687 0.352772 -0.00120624 -0.134671 -0.162905 0.0646902 -0.0532459 0.0751641 -0.0543705 -0.19875 0.203008 0.0274411 -0.134941 0.166615 0.335024 -0.184813 -0.105869 -0.0618931 -0.309591 -0.16681 0.0554671 0.19458 -0.405162 0.184706 0.181693 -0.258938 -0.302235 0.0284104 0.152016 -0.0139017 0.0947094 0.0405663 -0.035447 -0.046679 0.0630663 0.133623 0.0963054 -0.0622236 0.533551 0.484145 -0.0381008 -0.0206568 0.00893712 0.0502268 0.0108601 0.130513 0.0128521 -0.0061524 -0.0568749 -0.121574 0.101939 -0.176283 -0.0216473 0.0409757 -0.050499 0.0257971 -0.130145 -0.147367 0.00841469 -0.124564 0.0806664 0.153551 
0.00883665 -0.132362 -0.0827045 -0.146557 -0.119913 0.0508636 0.235528 -0.128533 0.173033 0.043923 -0.065035 0.00635686 -0.0917548 -0.0973422 -0.00653474 0.00744216 -0.0411761 -0.233378 0.358045 0.315264 -0.193255 -0.0337849 0.0649477 -0.225407 0.0496063 -0.361328 -0.304981 0.120294 0.134138 0.070501 -0.127079 0.0436437 -0.129554 -0.167567 -0.162812 -0.091354 -0.203783 0.301268 -0.10574 0.12895 0.0786144 0.0988856 0.215503 -0.237049 0.14106 0.160504 0.166857 0.0765036 -0.285475 0.0569279 0.0906428 -0.0141192 0.0409069 -0.0443967 0.0373684 -0.0407653 -0.129182 -0.124499 0.312712 -0.0187874 0.105869 0.0659745 0.140053 0.00446654 
-0.0132786 0.101844 0.0224516 0.126156 0.0675734 -0.12611 -0.397392 0.127709 -0.258735 -0.10618 0.187055 -0.00948563 0.111054 0.0476146 -0.0365798 -0.0102638 0.0458985 -0.205449 0.228503 0.271656 -0.370423 -0.0366951 0.185434 -0.105302 0.0783605 -0.185123 -0.168101 0.0872345 0.0536093 0.258516 0.0248629 0.0424213 -0.0879757 0.154624 -0.0519607 0.273792 0.021852 0.175334 -0.160679 0.0438476 -0.0747246 -0.118938 0.0153446 -0.134043 0.0332177 -0.0457467 0.00447792 0.289086 -0.128536 -0.0319603 -0.249873 -0.17795 0.450415 -0.145651 -0.0486393 0.14757 0.011978 0.297758 0.530687 -0.18588 -0.317697 0.0228513 -0.00561247 0.119833 
0.0382375 0.265001 0.283149 0.337509 0.240506 0.00677573 -0.0317364 -0.172737 -0.184277 0.0174293 -0.201664 0.0686091 0.0513917 -0.187948 0.0395933 0.0424343 0.172461 -0.157521 -0.159902 -0.0588343 -0.16025 -0.0375379 0.000557774 0.141415 -0.214475 0.0979313 0.08338 -0.0799042 -0.122873 -0.0680106 0.143859 0.122618 0.20342 0.177328 0.163218 0.075286 0.0491254 -0.197044 0.157571 -0.223574 -0.141149 -0.190614 -0.203563 0.238572 -0.215104 -0.193544 -0.241397 -0.129684 -0.0583265 0.0738471 0.160233 0.0795868 -0.103067 0.0794416 0.0542148 -0.121454 -0.184032 -0.131373 -0.103922 0.104341 0.0430943 0.120497 0.219544 -0.152646 
0.363012 0.340099 0.391115 0.425763 0.393036 0.426771 -0.196914 -0.188826 -0.124029 -0.101465 -0.542128 0.413961 -0.400965 -0.58868 0.37172 -0.109061 0.210375 -0.0167359 -0.203049 -0.287781 0.143156 0.0322811 0.00289712 0.254083 -0.218263 0.262811 0.29694 -0.26976 -0.219657 -0.0806748 0.0976168 0.0993196 0.167865 -0.208359 0.215603 -0.237098 0.0604164 -0.356665 0.266777 -0.101859 0.36269 0.372176 -0.152415 0.240393 -0.11986 0.0113897 -0.104558 -0.366171 -0.0543125 0.101223 0.048777 0.116112 -0.0919162 -0.0303228 -0.0236943 0.017486 -0.00941398 -0.0901784 -0.146926 0.088271 0.0783379 0.00731062 0.00741428 -0.0655706 
-0.474968 -0.307652 -0.101589 0.111284 -0.320273 -0.387763 0.033687 0.179598 -0.00767434 0.217735 0.311062 -0.497993 0.442152 0.402338 -0.443567 0.246654 0.0847973 0.270092 0.252421 0.28525 0.266748 -0.0476848 -0.0209894 -0.184367 -0.0198447 -0.1995 -0.181117 0.0188996 -0.00878281 0.105726 -0.00751244 -0.165636 0.167884 0.468238 0.1238 0.45718 0.350765 0.0339609 0.103458 -0.155683 -0.149248 -0.202991 -0.159714 0.0224449 -0.0805361 -0.226156 -0.139958 0.277277 0.0912207 -0.0103148 0.0204968 0.104203 -0.0951033 0.00826387 0.105998 -0.0102961 -0.0584315 -0.0779778 -0.209162 0.0988225 -0.0472852 0.0381688 0.0680525 -0.121932 
-0.290684 -0.33751 -0.228987 -0.185124 -0.309532 -0.218309 0.225179 0.0020666 0.115661 0.0298954 0.235216 -0.22666 0.191093 0.186247 -0.224191 0.13022 -0.096438 0.442748 0.248194 0.248113 0.342671 0.030488 -0.128089 -0.211453 0.178251 -0.185589 -0.166668 0.0917301 0.149498 -0.0939609 -0.0825664 -0.287677 -0.104424 0.101586 -0.0506323 0.0475786 0.190623 0.25231 -0.185721 0.081473 0.400604 0.406256 -0.0210815 -0.198271 -0.0139423 -0.0721652 -0.0278734 0.370584 0.480426 -0.401939 0.172275 0.0884602 -0.214876 0.178677 0.137865 0.561963 0.597104 -0.115019 -0.121834 0.0246468 -0.502482 -0.38733 -0.623544 -0.105337 
-0.209197 -0.279622 -0.224815 -0.156226 -0.194917 -0.23838 0.354058 0.0184629 0.238059 0.224686 0.283502 -0.250953 0.247607 0.302445 -0.258303 0.259942 0.336244 -0.528446 -0.133558 -0.0013191 -0.678698 -0.0623845 0.120574 0.163915 -0.329621 0.101254 0.0229636 -0.158526 -0.267865 0.134659 0.112106 0.151395 0.124949 0.0786224 0.141737 0.047372 0.107967 -0.0869094 0.0778605 -0.12065 -0.0144991 -0.0505548 -0.163197 0.0945306 -0.174915 -0.109245 -0.104323 -0.0772433 -0.225761 -0.0736316 -0.0295797 -0.203056 0.146582 -0.264681 -0.0122569 -0.0144087 -0.0663398 0.0384102 0.397891 -0.206675 0.169755 -0.159095 0.0796027 0.199434 
-0.0315117 -0.037691 -0.242175 -0.288766 -0.0735243 -0.0917795 0.198417 0.0161506 0.249279 0.274242 0.167376 -0.0132997 0.102115 0.148129 -0.0890446 0.150468 -0.225267 0.0171904 0.232713 0.0790034 0.0410843 0.0321206 0.274173 -0.166307 0.282803 -0.270742 -0.187833 0.157767 0.226629 0.29086 0.129756 0.204385 -0.163825 0.227664 -0.042926 0.300613 -0.073976 -0.0727512 -0.155108 0.204269 -0.750662 -0.786338 0.010308 0.0299606 0.0397108 0.0126289 0.0379806 -0.0358288 -0.18866 0.110324 -0.0904721 -0.0171953 0.200899 0.0562723 -0.0875003 -0.0791554 -0.0350261 0.135629 0.380652 -0.0194114 0.00944483 0.0874464 0.063206 0.0471883 
0.185461 -0.0466111 0.322401 0.239616 0.0974183 0.293133 -0.335776 0.0556559 0.0615668 8.73468e-05 -0.23873 0.0388045 -0.284552 -0.34517 0.128417 0.0445273 0.20025 -0.0114933 -0.00475784 -0.305431 0.00324762 0.149547 0.318986 0.274902 -0.198367 0.168052 0.233829 -0.325188 -0.241876 0.322188 0.389574 0.241428 0.171122 0.142469 0.205547 0.0165705 0.380544 -0.222565 0.213337 -0.144087 0.15003 0.134492 -0.242899 0.238334 -0.106157 -0.120048 -0.124202 -0.0376189 -0.149621 0.140628 -0.0257922 0.0649477 0.0643132 -0.041558 0.0955478 -0.054083 -0.13213 -0.0455868 0.211373 0.0617904 0.0887745 0.0791572 0.121516 -0.0566562 
0.097229 -0.0544863 -0.0953293 -0.218065 -0.0480288 0.0785771 0.916145 -0.262586 0.321935 0.110703 -0.284718 0.245676 -0.167441 -0.112189 0.186961 -0.0609295 -0.0868601 0.150172 -0.239569 -0.187446 0.427609 0.0400886 -0.177235 0.0293106 0.0108728 0.164386 0.166042 0.0283886 0.0116397 -0.26902 -0.0908588 -0.0284788 -0.340571 -0.161294 -0.186531 -0.356304 -0.106424 0.205806 -0.248521 0.267459 0.513427 0.547287 0.216599 -0.234467 0.28789 0.120505 0.259207 0.0659534 0.258118 -0.160891 0.0121493 0.150488 -0.32371 -0.0993763 -0.00343101 -0.0462803 0.0707947 -0.384994 -0.512358 0.150245 0.270105 -0.323696 -0.0345218 -0.0993149 
-0.152496 -0.108089 -0.438402 -0.510124 -0.165058 -0.0938443 0.626029 0.0479381 0.169023 0.0816986 0.254615 -0.0450247 0.103445 0.196253 -0.109066 0.108383 0.0565115 -0.280114 0.105221 0.148105 -0.192937 -0.0395651 -0.00607838 -0.124296 -0.0871736 -0.102443 -0.0816133 0.052155 -0.016018 -0.0655567 -0.184735 -0.00525753 -0.157574 0.0814724 0.0812196 0.192242 -0.062218 0.184591 -0.22278 0.000225095 -0.075862 -0.137517 -0.0839195 -0.0491302 -0.201213 -0.39455 -0.223897 0.447625 0.206015 -0.381511 0.0489069 -0.116117 -0.146805 -0.16455 0.0386065 0.209395 0.305608 -0.250157 0.0293638 -0.151643 0.0264103 -0.293709 -0.359623 0.112489 
0.196846 0.294199 0.221966 0.2645 0.220363 0.133143 -0.308846 -0.0628546 -0.493617 -0.414528 -0.144242 0.247769 -0.245885 -0.119295 0.260308 -0.378069 -0.191649 0.186999 -0.00690508 -0.00469402 0.144308 0.0365259 -0.26449 -0.0939354 0.173008 0.00146251 -0.0252635 0.149187 0.168121 -0.193264 -0.218682 -0.209371 0.206115 -0.180197 -0.0196611 -0.207792 -0.196035 -0.0976762 0.206462 -0.134031 -0.144145 -0.146855 0.0249737 0.115425 -0.0419395 -0.054328 -0.0189191 -0.153891 0.495932 -0.208003 0.231948 0.294027 -0.514769 0.194121 0.141909 0.146614 0.202743 -0.273058 -0.687026 0.281133 -0.109438 -0.0678828 -0.177679 -0.209415 
0.0720103 -0.0341064 -0.124869 -0.295624 -0.0575509 0.0753047 0.41131 0.0802849 0.263385 0.268372 0.160813 0.0493924 0.0148394 0.118017 0.0495085 0.0954991 0.0869641 -0.16096 0.0315524 -0.167052 -0.0888789 0.0602661 0.346616 0.162551 -0.0563061 0.0207621 0.0604624 -0.105132 -0.0855232 0.27017 0.279948 0.326549 -0.103439 0.13319 0.191278 0.138207 0.0944501 -0.163997 -0.121619 -0.0416624 -0.144962 -0.194012 -0.178118 0.167482 -0.224129 -0.226601 -0.235795 -0.0308851 -0.15159 0.120566 0.0253219 0.17687 -0.0589942 0.0609474 -0.0361329 -0.12038 -0.142612 -0.126347 -0.119327 0.18106 0.0750535 0.210573 0.215278 -0.174302 
0.213131 0.0970458 -0.280839 -0.27121 -0.0330075 0.120107 0.0276074 0.149716 -0.340917 -0.521481 0.196773 0.15553 -0.191558 0.24376 0.179988 -0.38641 0.096893 -0.311046 0.143174 0.322641 -0.34944 -0.139581 -0.00118871 -0.175049 -0.109885 -0.139341 -0.204412 0.0896856 -0.0956669 -0.0215134 -0.138176 0.00522919 0.00438847 -0.276442 -0.236992 -0.237989 -0.269343 0.500778 -0.083794 0.0478498 0.493962 0.45513 0.200772 -0.333968 0.171302 0.171086 0.142704 0.317517 0.106293 -0.133103 -0.0689863 -0.0988815 0.196082 -0.0693383 0.0277698 0.193825 0.184544 0.215341 0.362626 -0.187252 -0.274779 -0.0222413 -0.204653 0.148741 
0.201954 -0.0632111 0.156668 0.178062 -0.0838837 0.190134 -0.056504 0.0531254 -0.0536676 -0.198456 -0.266619 0.0986703 -0.239163 -0.105546 0.195862 -0.16488 -0.0322671 0.589625 0.238144 0.0960617 0.571139 0.0111803 -0.0145193 -0.0775817 0.0435022 -0.0548133 0.00199308 -0.145466 -0.059231 0.0779755 -0.0755931 -0.251786 -0.0140018 0.499076 0.110225 0.448178 0.443869 -0.155776 -0.0770268 -0.0302287 -0.205636 -0.129138 -0.228167 0.0328396 -0.0401597 -0.186517 -0.0872704 0.255924 0.229663 -0.171514 -0.147333 -0.118372 0.0358613 -0.229383 -0.0129072 0.21279 0.367659 0.0145105 -0.115868 -0.129269 -0.198233 -0.232634 -0.355183 0.117306 
0.0161828 0.122951 0.0665567 0.1909 -0.0186615 -0.0172152 0.00770013 -0.141594 -0.176814 -0.117391 -0.212269 0.033961 -0.0984352 0.043336 0.0992063 -0.15814 0.222218 0.329798 -0.339296 -0.391721 0.127625 -0.0359749 -0.167637 0.372437 -0.278278 0.413855 0.398852 -0.342507 -0.330446 -0.177955 0.20845 -0.0913739 0.1341 0.395553 0.0843704 0.303089 0.241945 -0.318848 0.183205 -0.153853 -0.329419 -0.284416 -0.191618 0.180411 -0.106722 -0.00170089 -0.0901741 -0.112163 -0.177753 0.192393 -0.0352278 -0.0634303 0.108233 -0.0866982 -0.127191 -0.377502 -0.442432 0.184339 -0.173165 -0.0927579 0.227198 0.280226 0.462747 0.102026 
-0.205384 0.0621426 0.47258 0.661673 0.143898 -0.0899348 -0.449047 -0.0893234 -0.160335 0.170408 -0.228157 -0.194962 0.0625675 -0.124722 -0.0766318 0.138735 -0.167795 0.400449 -0.000495207 -0.115681 0.358249 0.119707 -0.0721975 0.0413511 0.156965 -0.0435735 0.0262769 0.00811703 0.144512 0.037348 0.0855319 -0.0207942 0.138563 0.410662 0.152544 0.397796 0.29469 -0.300504 0.169826 -0.151822 -0.375805 -0.349769 -0.22858 0.163136 -0.158017 -0.120375 -0.158283 -0.185433 -0.086718 0.248177 0.0626921 0.218396 -0.0641012 0.188729 0.0609759 -0.0855198 -0.238365 -0.0428062 -0.186189 0.260292 0.00680715 0.265314 0.244141 -0.261426 
0.0985472 0.13304 0.0308755 0.0907516 -0.0272474 0.107634 0.00691468 -0.0674136 -0.334273 -0.396556 -0.188179 0.239985 -0.254389 0.103339 0.292785 -0.345049 0.23098 -0.0654212 0.0248426 0.431159 -0.0827379 -0.17556 -0.532194 -0.287139 -0.278053 -0.0303555 -0.139397 -0.0174368 -0.0918454 -0.489485 -0.452043 -0.445761 0.123609 0.369784 0.0877083 0.421163 0.252901 -0.0594537 0.0160482 -0.0879973 -0.198489 -0.196881 -0.20957 0.0540708 -0.0871422 -0.19875 -0.135908 0.177761 0.229812 -0.15983 -0.0541925 -0.124635 0.0498548 -0.170619 -0.00529148 0.13304 0.141845 0.104357 -0.0960486 -0.18621 -0.125096 -0.123322 -0.141687 0.158169 
0.124948 -0.159881 -0.0284463 -0.126763 0.0622511 0.154078 0.635445 -0.302071 0.268155 0.0312243 -0.184732 0.110855 -0.124835 -0.0285683 0.0965466 -0.148037 0.0384062 -0.361626 -0.326573 -0.394013 -0.324468 0.125507 -0.0557328 0.261214 -0.148649 0.263433 0.266992 -0.080753 -0.0662342 -0.133921 0.0363527 0.164173 -0.0728292 -0.183637 -0.0266783 -0.2238 -0.105971 -0.214568 0.0394717 0.117921 -0.171751 -0.135748 0.0523903 0.0279481 0.101256 0.0466171 0.0318646 -0.411332 -0.243085 -0.00135811 -0.0967956 -0.225874 0.0413048 -0.0646635 -0.137259 -0.0924421 -0.000310378 -0.0837452 0.289701 -0.164644 0.311687 -0.190442 -0.0132879 0.172637 
0.33584 0.301456 0.286323 0.258764 0.278828 0.31412 -0.20281 -0.212804 -0.287535 -0.366234 -0.312704 0.344102 -0.331232 -0.328754 0.260045 -0.326833 -0.239976 -0.347689 0.140028 0.403113 -0.331616 -0.0171557 -0.102321 -0.365232 0.251045 -0.342082 -0.357535 0.371198 0.326961 -0.0880275 -0.317836 -0.060096 0.0576542 -0.536378 -0.0381262 -0.546482 -0.415664 -0.0481803 0.14381 -0.0238429 0.339636 0.29239 0.128306 0.0866666 0.0546089 0.203784 0.0917704 -0.292791 -0.106646 0.142222 0.111775 0.0686202 -0.137292 0.116304 0.0672974 -0.153534 -0.146329 -0.011178 0.00326321 0.117751 0.152589 0.049052 0.180763 -0.0428931 
0.276728 0.114652 0.105504 0.148806 0.096965 0.306204 -0.0367892 -0.0306553 -0.20253 -0.420214 -0.236931 0.244716 -0.34535 -0.0289608 0.352234 -0.463301 0.119048 0.24301 -0.165393 -0.0869811 0.33069 -0.028814 -0.246282 0.0672442 -0.158895 0.201111 0.153675 -0.116425 -0.150556 -0.297592 -0.0312726 -0.180616 0.451217 0.226398 0.305211 0.201848 0.385246 -0.47481 0.429577 -0.307252 -0.448805 -0.364639 -0.290741 0.311759 -0.213924 -0.266635 -0.263394 -0.3495 -0.149207 0.340282 -0.0156805 0.0583821 0.0687306 0.115234 0.0192571 -0.404859 -0.454366 0.132336 -0.019882 0.0265243 0.242544 0.22315 0.470636 -0.0510227 
-0.303993 -0.330873 -0.0834031 0.108228 -0.199558 -0.214604 -0.32933 0.157444 0.00590747 0.0732516 0.161917 -0.413844 0.28712 0.0530272 -0.357385 0.272642 0.129758 -0.185161 0.123015 0.254523 -0.288823 -0.0362838 -0.0128478 -0.143071 0.0035601 -0.199065 -0.21934 0.0367498 -0.0105952 0.0992363 -0.0379023 -0.11768 0.264944 0.0863883 -0.0685064 0.0807609 0.0140526 0.23489 0.212189 -0.117911 -0.0181571 0.0449057 0.0945895 -0.115912 0.0342824 0.208723 0.109732 0.0414446 0.0307096 0.199956 0.177261 0.231083 -0.142346 0.250317 0.232547 -0.0200877 -0.309292 0.112072 -0.0525208 0.261231 -0.131762 0.270271 0.259804 -0.22236 
0.0222056 -0.233314 -0.42428 -0.489051 -0.227281 -0.0826046 0.370709 0.0287852 0.101321 -0.254193 0.269271 -0.0488857 0.0244538 0.373818 0.00818125 -0.175165 0.128082 -0.159624 0.153445 0.349993 -0.111676 -0.141595 -0.301095 -0.208568 -0.153677 -0.158804 -0.16802 -0.0201198 -0.0789327 -0.374301 -0.286884 -0.221994 -0.274347 -0.0582647 -0.308791 0.00523264 -0.0746581 0.452396 -0.284791 0.278098 0.0459154 0.0104976 0.263782 -0.397992 0.281296 0.130947 0.294121 0.376721 0.239239 -0.155623 0.155512 0.106247 -0.250161 0.0462458 0.148766 0.0913391 0.0532958 -0.14397 -0.194203 0.0840674 -0.0301159 -0.0580444 -0.0650523 -0.0460525 
-0.0605749 0.203191 0.384379 0.452918 0.167224 -0.0688846 -0.252776 -0.0751451 -0.245055 -0.082543 -0.184478 0.0622224 -0.0105866 -0.132576 0.0841646 0.0126033 0.240483 0.0127592 -0.283265 -0.19617 -0.0257793 -0.0529277 -0.154007 0.200948 -0.314596 0.256175 0.238053 -0.247572 -0.254855 -0.207174 0.0398721 -0.0646301 0.126769 0.231849 0.0553319 0.248757 0.121709 -0.0697138 0.142482 -0.115006 -0.244133 -0.229569 -0.100519 0.100997 -0.0979083 -0.0860841 -0.0576758 -0.00589358 -0.0645706 0.100683 0.108675 0.167765 -0.0186432 0.245226 0.0720002 0.0594974 -0.134284 0.0475739 -0.105721 0.17804 -0.180548 0.176301 0.120864 -0.192018 
-0.0295612 -0.0354731 -0.461756 -0.555009 -0.214632 0.0087337 0.368811 0.365463 0.115071 0.064112 0.562258 -0.174086 0.120561 0.45959 -0.0141488 -0.0625623 -0.468335 0.580522 0.126589 0.267908 0.587499 -0.053132 -0.288231 -0.423715 0.44965 -0.231635 -0.273163 0.45756 0.447595 -0.286683 -0.355961 -0.344998 0.15128 -0.123361 0.050985 -0.144905 -0.0778366 0.189958 0.0734838 -0.162284 0.668442 0.57417 -0.0949484 0.0532244 -0.18474 -0.182455 -0.133236 0.0561741 0.354101 -0.388446 0.174689 0.296643 -0.258468 0.122026 0.2135 0.483594 0.39787 -0.42377 -0.485296 0.278428 -0.306247 -0.311199 -0.359456 -0.323862 
0.0338534 0.40475 0.65629 0.74715 0.430629 0.0117004 -0.561346 -0.143817 -0.35252 -0.0125033 -0.308266 0.134997 0.0257825 -0.324219 0.0514834 0.0776297 0.192468 -0.280286 -0.130725 -0.239587 -0.331741 0.0605683 0.197432 0.174525 -0.173771 0.22467 0.217889 -0.154491 -0.179189 0.29211 0.149155 0.156789 0.146309 0.229381 0.143066 0.213588 0.0958389 -0.288849 0.15149 -0.165677 -0.263916 -0.280184 -0.127959 0.230479 -0.175434 -0.142677 -0.129337 -0.0887736 -0.0662928 0.111295 -0.0446016 0.0757742 0.0212336 -0.000273859 -0.00342067 -0.101067 -0.126892 0.0160832 -0.185701 0.0688246 -0.0504256 0.157892 0.14469 -0.0447562 
0.220103 0.125183 0.0340872 -0.0680017 0.182744 0.149535 0.262796 -0.185499 0.0734893 -0.114791 -0.111809 0.258847 -0.191594 -0.0288156 0.264657 -0.200253 -0.236178 -0.564883 -0.130379 -0.251909 -0.332036 0.163725 0.266795 0.133808 0.14632 -0.0220436 0.0499029 0.230465 0.146291 0.201657 0.0731 0.497909 -0.164916 -0.17656 -0.0712902 -0.12317 -0.462332 0.00839113 -0.120746 0.160797 -0.548505 -0.471725 0.181958 -0.0611378 0.118713 0.0385274 0.0375207 -0.235282 -0.400162 0.529653 -0.01407 0.0762488 0.100877 0.286305 0.0403475 -0.361893 -0.440835 0.133851 0.135059 0.201869 0.294077 0.440921 0.437696 -0.137988 
-0.0299879 -0.0377696 0.0167284 0.0202839 0.129066 -0.178663 0.210826 -0.131542 0.127613 0.151401 -0.147414 -0.0183098 0.121269 -0.20176 -0.128183 0.218571 -0.298174 -0.0873787 0.0119943 -0.119038 -0.0452505 0.0208404 0.192678 0.0650103 0.263522 -0.105455 -0.0991451 0.254529 0.282834 0.134527 0.158753 0.255275 0.117488 -0.349316 0.0699668 -0.323542 -0.332962 -0.0672641 0.114331 -0.180579 -0.143618 -0.194021 -0.0699872 0.188334 -0.151231 -0.13031 -0.144755 -0.1433 -0.2686 0.22927 0.0488245 -0.0185603 0.0190654 0.164812 -0.015885 -0.204962 -0.169726 0.0632963 0.199215 -0.0332102 0.217803 0.116099 0.193245 0.0460931 
0.187886 0.108335 0.420443 0.407318 0.237539 0.191186 -0.678916 -0.0338967 -0.168767 -0.0994719 -0.177018 0.128086 -0.193061 -0.238703 0.163122 -0.0453555 -0.0572136 -0.173157 -0.176318 -0.155219 -0.198041 0.0937065 -0.0754421 0.0818644 0.0523373 0.15945 0.163509 -0.0251092 0.0125542 -0.0119574 -0.0986811 -0.03876 0.30308 -0.378087 0.166986 -0.345737 0.0503894 -0.281062 0.362009 -0.134918 0.268381 0.263453 -0.124568 0.194632 -0.116458 -0.0968719 -0.13873 -0.0991511 0.0285242 0.129119 0.166639 0.12944 -0.196741 0.0757977 0.100657 -0.245721 -0.200135 -0.0846532 -0.294835 0.141923 0.193356 0.106727 0.179644 -0.137803 
0.234271 0.200251 -0.0171504 -0.076422 0.0920094 0.237186 0.523283 0.00433288 0.0274292 -0.023232 -0.0897641 0.137412 -0.0843058 -0.0664119 0.15459 -0.194582 0.202214 0.0690549 -0.258556 -0.652173 0.0587757 0.0911117 0.306303 0.555407 -0.227414 0.485924 0.497791 -0.398848 -0.377526 0.339463 0.506067 0.367833 0.466618 -0.48556 0.2172 -0.554502 -0.231096 -0.189625 0.493751 -0.435894 0.48813 0.477139 -0.172404 0.377264 -0.300852 -0.133316 -0.257556 -0.547457 0.033096 -0.065885 0.161791 0.148518 -0.126794 0.00861117 0.138714 0.0855692 0.0475456 -0.228037 -0.233433 0.206193 0.00360662 -0.122848 0.0380219 -0.183962 
0.0343125 -0.00532949 -0.0490748 0.0409739 -0.0161502 0.0619809 -0.271904 0.199533 -0.15839 -0.0907833 0.194029 -0.118498 0.140962 0.154923 -0.117107 -0.0375948 0.208601 -0.0986407 0.0785485 0.443668 -0.192464 -0.130529 -0.141966 -0.235195 -0.15288 -0.173178 -0.263356 0.0325131 0.0125954 -0.0502811 -0.171204 -0.230769 0.211912 0.302684 0.260831 0.275411 0.502337 -0.126713 0.145475 -0.210798 0.275354 0.177899 -0.362261 0.211965 -0.28586 -0.223714 -0.201344 0.0823246 0.326009 -0.299944 0.234498 0.18501 -0.360697 0.0259008 0.20742 0.328999 0.20089 -0.358698 -0.471639 0.197557 -0.202687 -0.2703 -0.19418 -0.201474 
0.181058 0.0324884 -0.252823 -0.235293 -0.0404675 0.135568 -0.0241309 0.103821 -0.0995648 -0.217004 0.398467 -0.10581 0.0109029 0.472316 0.0147779 -0.406827 -0.0755884 -0.0577994 0.168781 0.166694 0.0125682 0.0206839 0.126546 -0.0971133 0.0865032 -0.150692 -0.139092 0.102192 0.081164 0.194951 -0.0434531 -0.0192662 0.248777 -0.00142533 0.123192 0.0789279 0.0588359 0.163294 0.211425 -0.197228 0.131718 0.0583995 -0.0955715 0.0522289 -0.209257 -0.224308 -0.187793 0.106615 0.104939 -0.219389 -0.13136 -0.0769463 0.175713 -0.0264929 0.0430636 0.347164 0.380386 0.0465875 0.177929 -0.0569233 -0.386765 -0.295329 -0.380038 0.000140263 
0.234361 -0.122956 -0.42257 -0.442778 -0.119075 0.122686 0.0432492 0.161847 -0.0064863 -0.326072 0.368829 -0.0186893 -0.0977292 0.39288 0.0828683 -0.436737 0.017009 -0.280585 0.194191 0.0140936 -0.36409 0.00717645 0.405907 0.0967335 0.0183626 -0.00407773 -0.0120976 -0.041455 -0.0740986 0.52034 0.194534 0.1964 0.287311 -0.20752 0.108775 -0.21206 -0.0590231 0.0450023 0.252735 -0.181667 0.192548 0.132138 -0.0912976 0.0697343 -0.139306 -0.214609 -0.158116 -0.022278 0.140716 -0.006675 0.0287619 0.116343 -0.104102 -0.0405536 0.0816525 -0.197012 -0.184542 -0.0351772 -0.314388 0.0284186 0.134566 -0.00942542 0.215198 -0.0665394 
-0.0224256 -0.31321 -0.49567 -0.522249 -0.319825 -0.0588284 0.316476 0.239022 0.293161 0.00968155 0.417855 -0.226306 0.076346 0.347222 -0.127955 -0.0259497 0.00634348 0.13134 0.0942304 -0.193195 0.0267686 0.0600183 0.368712 0.222693 0.061056 0.128974 0.12438 -0.120833 -0.0992894 0.491885 0.36056 0.112059 0.0553239 0.0112263 0.120247 0.0203529 0.137497 -0.00189294 -0.0366589 -0.0954549 0.0672582 0.0566565 -0.133993 0.0220783 -0.113029 -0.228644 -0.144702 0.20946 0.321677 -0.404384 -0.0513351 -0.0858548 -0.0659761 -0.0918679 0.0427282 0.318946 0.467049 -0.101063 -0.11979 -0.1326 -0.269098 -0.454669 -0.46352 0.0714637 
-0.0136265 0.214944 0.311626 0.202152 0.17539 -0.107702 0.0610725 -0.0836699 0.00933343 0.269427 -0.120439 -0.0276461 0.136099 -0.027021 -0.0233443 0.112954 0.0697629 0.329596 -0.265561 -0.507517 0.432874 -0.0305972 -0.0441112 0.328157 -0.116773 0.361749 0.405516 -0.254108 -0.190929 -0.166155 0.230861 0.132998 0.300442 0.077234 0.323769 -0.077384 0.147433 -0.449668 0.345652 -0.273016 0.145269 0.147261 -0.253386 0.435315 -0.314886 -0.226416 -0.291083 -0.416734 -0.0107295 0.196331 0.0539105 0.157951 -0.14592 0.0408496 0.00770884 -0.255897 -0.269109 -0.254522 -0.430577 0.160189 0.222593 0.095597 0.277135 -0.178035 
0.233507 0.188945 -0.0319272 -0.102744 0.140397 0.185727 -0.225511 0.00168118 -0.19661 -0.243997 0.169319 0.126068 -0.118945 0.0907578 0.12953 -0.268093 -0.0322817 -0.0631957 -0.245315 -0.182763 -0.0780451 -0.0347108 -0.275212 0.0882388 -0.0778974 0.20735 0.155435 -0.0434081 -0.0774047 -0.357744 -0.185694 -0.0861512 0.369321 -0.467598 0.0183674 -0.509063 -0.297918 -0.256104 0.407421 -0.178449 0.0466731 0.10139 0.0162213 0.175326 -0.0442999 0.0920582 0.0226432 -0.420698 0.263763 0.213969 0.340499 0.478264 -0.568558 0.355057 0.178868 -0.318669 -0.319166 -0.256942 -0.8593 0.441231 0.182958 0.272568 0.300068 -0.396835 
-0.019161 -0.103474 -0.209574 -0.325305 -0.0602819 -0.132413 0.177307 0.0610605 0.145102 0.0287242 0.129265 -0.00499122 0.131452 0.0882105 -0.0837333 0.0722484 -0.297414 0.0793118 0.0964385 0.334234 0.139924 -0.0667197 -0.240255 -0.355969 0.285712 -0.308746 -0.320883 0.384252 0.382284 -0.237912 -0.346877 -0.234221 -0.40916 0.177619 -0.179567 0.273794 0.0282216 0.277482 -0.494234 0.293762 -0.115782 -0.0964323 0.116268 -0.238184 0.20446 0.0250394 0.124908 0.41857 0.233957 -0.419609 -0.134258 -0.324672 0.111105 -0.222984 -0.0466071 0.306519 0.534702 0.0464519 0.167376 -0.298303 -0.170167 -0.456705 -0.472285 0.244565 
-0.22004 -0.219493 -0.0998998 0.0393479 -0.146837 -0.192465 0.233023 -0.028934 0.0364449 0.015978 0.0140956 -0.221778 0.205428 0.174231 -0.214814 0.0919753 0.257145 0.0585579 0.107768 0.0327236 0.00029657 -0.0738239 0.0040613 0.105986 -0.215242 0.0534518 0.0714421 -0.208497 -0.248113 0.0860655 0.0993865 -0.0434854 0.484983 0.0252351 0.348219 0.0701433 0.102881 -0.230581 0.432935 -0.361947 -0.255344 -0.237531 -0.324637 0.295209 -0.374417 -0.445296 -0.374008 -0.0751373 0.177763 0.0645436 0.0200763 0.107628 -0.0756862 -0.0110602 0.0570377 -0.0380433 0.0302203 0.0514485 -0.160155 0.0936014 -0.0970105 0.0446668 0.00234288 -0.0524189 
0.145694 0.15035 -0.000135473 0.00873027 0.118834 0.0625539 -0.0520322 0.188489 -0.181714 -0.0970202 0.187138 0.0178512 0.0110119 0.171218 0.0348886 -0.121182 0.240854 -0.139784 0.0134343 -0.203583 -0.222091 -0.0915109 0.270205 0.275361 -0.229885 0.228549 0.162128 -0.26242 -0.297937 0.307278 0.284299 0.228003 0.457306 -0.177732 0.169276 -0.186304 -0.236164 -0.0941698 0.433404 -0.373151 0.180973 0.110529 -0.119788 0.248255 -0.323452 -0.179881 -0.293802 -0.171259 0.0737621 0.0120669 0.127964 0.139588 -0.0924968 -0.0621432 0.0708571 -0.063129 -0.149969 -0.0617722 -0.22321 0.126768 -0.00695111 0.101927 0.200582 -0.132375 
0.303222 -0.186793 -0.331539 -0.483724 -0.20981 0.338611 0.594767 0.150532 0.33082 -0.161208 -0.274361 0.352096 -0.396369 -0.255762 0.312797 -0.0805503 0.340185 -0.372865 -0.228129 -0.316733 -0.263715 0.0795473 0.0275229 0.326527 -0.440344 0.260642 0.346261 -0.471453 -0.370693 -0.0795862 0.0873635 0.185349 -0.383053 0.106368 -0.0759421 0.126786 0.145603 -0.0640026 -0.33823 0.332552 -0.396789 -0.28696 0.0140228 -0.155399 0.274513 0.0314472 0.134923 0.134687 0.077447 -0.134166 -0.003042 -0.189979 -0.108349 -0.133306 -0.0598371 0.0479174 0.178796 -0.140084 0.0638401 -0.165398 0.142322 -0.242001 -0.177307 0.259064 
-0.21005 0.150804 -0.032104 0.210424 0.107025 -0.339432 -0.602939 -0.0135093 -0.477653 -0.161754 0.368005 -0.270377 0.372718 0.419434 -0.211614 -0.0922499 -0.144891 -0.194455 0.161054 0.0824189 -0.309949 0.00610796 0.280332 -0.0720783 0.231205 -0.122666 -0.178412 0.137209 0.121294 0.364007 0.112163 0.175936 0.252485 -0.0239881 0.116804 0.0142671 -0.106998 -0.142439 0.260586 -0.162038 -0.197343 -0.241784 -0.0831151 0.170779 -0.207093 -0.124867 -0.12968 -0.142294 0.0197341 0.139935 0.076928 0.133706 0.0447017 0.239175 0.0840175 -0.104409 -0.102473 0.23363 -0.0491351 0.166403 -0.182493 0.169626 0.102318 -0.134975 
0.0929693 0.0487823 -0.176409 -0.132652 -0.0689996 0.092688 0.0206904 -0.0816186 0.0669468 0.0671203 0.124028 0.0281265 -0.0249995 0.19063 0.0156081 -0.11489 -0.0475131 -0.364182 -0.0993736 -0.00798949 -0.364134 0.0707337 0.219518 -0.0203896 0.0661621 -0.0346815 -0.0580309 0.044254 0.027358 0.327595 0.0601707 0.179342 0.0168451 -0.316721 -0.0533753 -0.314992 -0.20593 -0.0585404 0.089856 0.0428003 0.0966761 0.0784494 0.146163 0.0798082 -0.00195157 0.217801 0.109635 -0.282936 -0.292737 0.329948 -0.0057851 0.169401 0.103263 0.167996 -0.00934893 -0.264673 -0.442688 0.195903 0.00815331 0.237263 0.0646912 0.337519 0.481351 -0.225415 
0.413732 0.307767 0.187229 0.0424646 0.352233 0.397704 0.0935038 -0.0168445 -0.0225147 -0.184095 -0.208327 0.335167 -0.303751 -0.175968 0.370748 -0.286322 0.253979 -0.300111 -0.253936 -0.313704 -0.293332 -0.064279 -0.178543 0.228371 -0.343892 0.316353 0.256896 -0.233132 -0.242867 -0.234626 -0.0143552 -0.0152833 0.415716 -0.343996 0.217158 -0.451544 -0.214037 -0.171392 0.391098 -0.337843 0.305601 0.323003 -0.0983788 0.27132 -0.261289 -0.181805 -0.174382 -0.347626 -0.0931672 0.0852845 -0.0404632 -0.0876181 0.0853826 -0.115223 -0.0663931 -0.218857 -0.143756 -0.0174706 -0.231273 -0.112453 0.161057 0.0602775 0.139431 0.0989635 
0.11221 0.138282 0.557532 0.563168 0.345688 0.0829774 -0.647245 -0.126225 -0.171495 -0.0729314 -0.251075 0.0560434 -0.0859016 -0.244122 0.0813467 -0.112568 -0.0915059 -0.199768 -0.170139 -0.0369935 -0.21264 0.0160927 -0.253834 -0.0310863 0.0350642 0.0796652 0.0334048 0.146608 0.0964885 -0.203997 -0.26627 -0.145652 0.545901 -0.452529 0.165602 -0.47853 -0.200532 -0.30657 0.547623 -0.353316 0.0857839 0.0934884 -0.106414 0.257736 -0.186449 -0.0665324 -0.179178 -0.522164 -0.0389584 -0.0616141 -0.0674393 -0.206448 0.0509218 -0.0206511 0.0351943 0.0274079 0.228428 -0.00535416 0.122285 -0.191637 0.053177 -0.252407 -0.225681 0.244656 
0.123321 0.0170333 -0.215994 -0.143452 -0.110068 0.184146 -0.213034 0.174416 -0.0775126 -0.125894 0.119764 0.0143071 -0.0954788 0.0397028 0.061921 -0.074873 -0.26272 -0.0175393 0.288294 0.342614 -0.0464496 0.0252158 0.338966 -0.233472 0.391999 -0.407629 -0.381345 0.320629 0.334158 0.427074 0.0845748 0.107406 -0.0987248 0.258371 -0.0588013 0.30621 0.154408 0.118435 -0.0650262 0.0908075 -0.186377 -0.211979 0.0374899 -0.0696137 0.0778514 0.116665 0.127717 0.162107 -0.174066 0.033291 0.0378314 -0.17359 0.230287 -0.106024 -0.0500958 0.0793658 -0.0117686 0.137084 0.519909 -0.165206 -0.0495656 -0.0230128 0.0334968 0.120111 
0.175897 0.18554 0.304032 0.188958 0.247811 0.126589 0.166256 -0.182075 0.268932 0.250098 -0.339571 0.181456 -0.109379 -0.360355 0.0491574 0.0844005 0.10834 0.129427 -0.200338 -0.436906 0.184809 0.0333949 0.0751155 0.350581 -0.164585 0.321523 0.342337 -0.296982 -0.202712 0.0434685 0.320455 0.165863 0.159549 -0.170776 0.1436 -0.186785 0.0612368 -0.123659 0.157284 -0.144226 0.379441 0.364925 -0.110775 0.193999 -0.163921 -0.0757127 -0.154031 -0.172497 -0.0685455 -0.170043 -0.21579 -0.229578 0.256208 -0.12866 -0.0502276 0.258243 0.303793 -0.0276167 0.365608 -0.186328 -0.142706 -0.410083 -0.336552 0.142712 
-0.0179286 0.167689 -0.0105455 0.07365 0.0677019 -0.0163101 0.0110015 -0.111899 -0.186462 -0.00963903 0.0293214 -0.013486 0.0519744 0.0293931 -0.0673735 -0.0319536 0.242805 -0.300929 -0.0664641 -0.131732 -0.326913 -0.050877 0.234469 0.156405 -0.223833 0.0766193 0.0618939 -0.171674 -0.211298 0.225396 0.242942 0.216506 0.229382 0.0915383 0.16719 0.155337 -0.019372 -0.238673 0.170669 -0.219571 -0.383919 -0.383652 -0.109674 0.289531 -0.210414 0.0254065 -0.14044 -0.278238 -0.288824 0.0681645 0.0297686 -0.0644847 0.216088 -0.0705578 -0.0109441 0.0111449 -0.117509 -0.00785266 0.410843 -0.00103837 0.0535432 0.183481 0.200245 0.0433704 
0.0310299 0.155642 0.104714 0.0772397 0.127889 0.0856794 0.104868 0.0166416 0.0768745 0.260108 -0.0162361 0.0262395 0.0139453 -0.0733705 -0.0539402 0.153139 0.00465457 0.220781 -0.0323278 -0.0370954 0.306105 -0.0243824 -0.102623 -0.0257073 -0.0081758 0.0723903 0.037745 -0.0160143 -0.0163816 -0.0526838 -0.000939642 -0.111094 -0.0419155 -0.0606 0.127974 -0.10282 0.0457203 -0.127759 -0.0237575 -0.0596854 0.238783 0.218662 -0.0832043 0.187008 -0.0953454 -0.0364062 -0.0846806 -0.112668 0.156569 -0.190246 -0.0681193 -0.0946571 0.0102907 -0.211781 -0.114112 0.0846018 0.195363 -0.0661863 -0.194538 -0.109369 0.0352914 -0.234695 -0.213912 0.118137 
0.0879062 0.0257439 -0.165854 -0.212371 -0.000966416 -0.0114429 0.447031 -0.123086 0.0469912 -0.0507018 -0.106958 0.216212 -0.113843 0.0216474 0.176664 -0.0880494 -0.228897 -0.125268 -0.119918 -0.247805 -0.0758367 0.0965122 0.0260637 0.140232 0.124048 0.048419 0.103812 0.147028 0.0875962 -0.0857938 -0.0362798 0.172126 -0.124954 -0.272729 -0.204098 -0.21461 -0.542846 0.126962 -0.0308222 0.150305 -0.419719 -0.398102 0.264553 -0.126766 0.246314 0.133317 0.140398 -0.209059 0.0108601 0.21766 -0.0302372 0.0758527 -0.0899725 0.142986 -0.0208659 -0.140246 -0.0442171 0.0750761 -0.147816 0.133487 0.06417 0.132312 0.0109375 -0.0427138 
-0.367759 -0.331336 -0.352063 -0.291561 -0.378113 -0.260315 0.0618608 0.205769 0.123565 0.130072 0.275245 -0.281415 0.239795 0.212349 -0.269013 0.260066 -0.118863 -0.0709217 0.400359 0.561384 -0.00358372 -0.0722547 -0.0327723 -0.43953 0.178547 -0.492151 -0.505709 0.233871 0.267331 -0.0455149 -0.269189 -0.0641113 -0.450476 0.527639 -0.126762 0.625407 0.241632 0.177257 -0.495681 0.315805 -0.567874 -0.502747 0.0484683 -0.203468 0.25239 0.0406733 0.20558 0.495577 -0.372296 0.174418 -0.182552 -0.282213 0.32902 -0.182496 -0.229858 -0.114192 -0.168988 0.412847 0.519545 -0.263553 0.147155 0.334052 0.181829 0.286793 
0.236959 0.215761 0.0824665 -0.0211775 0.156032 0.222835 0.20663 -0.0133293 0.057328 0.0524476 -0.184707 0.203477 -0.212377 -0.254274 0.18883 4.1434e-06 -0.148807 0.000557844 -0.0946221 0.237326 0.261238 0.0400848 -0.337327 -0.272643 0.0926389 -0.113626 -0.148556 0.237158 0.200759 -0.353514 -0.385729 -0.0992479 -0.00670116 0.032168 0.139535 0.0241239 0.0395915 -0.306099 0.0452263 -0.0368374 -0.317576 -0.244065 -0.116957 0.172303 -0.0702197 -0.0655508 -0.119817 -0.25726 -0.1676 0.133554 -0.115492 -0.0662247 0.122718 -0.0438693 -0.0566367 0.0693622 0.15573 0.0774948 0.302018 0.0075585 0.0158825 0.120887 -0.0806924 0.0318656 
