64 64
-0.0649262 -0.244016 -0.0712061 0.246299 0.0159215 -0.368216 0.663107 0.666844 -0.278863 -0.0204497 0.588555 0.0494653 -0.134661 0.264929 0.105168 0.169715 -0.429356 -0.090133 0.579703 -0.602469 0.0405343 -0.706093 -0.0410418 -0.227578 -0.352035 0.508201 0.410588 0.678118 0.189381 0.0626635 0.350674 -0.172028 -0.470592 0.0667404 0.333278 0.251129 -0.558171 -0.268097 0.160937 -0.329296 0.0515219 -0.608655 0.504275 0.0258313 -0.341303 0.61514 -0.0736402 0.0202885 0.216783 0.133414 -0.0794193 0.450878 0.718451 0.27316 -0.19577 -0.473125 0.488862 -0.131233 0.0500591 0.356278 0.828964 -0.534835 0.177141 -0.326485 
-0.0656021 -1.2924 -0.231022 -0.712681 -0.453857 0.145969 1.21321 1.26223 0.27783 0.316709 0.983379 -0.487524 0.0212059 0.00955735 0.277008 0.142994 -0.997912 0.382739 0.344606 -1.33111 -0.613636 -0.0855965 0.378457 -0.435185 -0.370838 0.741907 0.617394 1.17061 -0.184907 0.806914 -1.19001 -0.197431 -0.633206 0.778827 -0.358361 0.344813 -0.236134 0.0789523 0.191675 -0.689896 -1.20392 -0.654146 0.416543 0.413824 -0.239799 -0.135798 -0.828498 0.898128 0.318799 -0.00176139 -1.15789 0.320635 0.311569 -0.211628 -0.201435 -0.522254 1.10861 -0.423268 -0.0827648 -0.111745 0.591341 -0.539645 0.0789811 -0.236348 
-0.656287 0.0492141 -0.0723618 0.03348 -0.210899 0.310854 0.430234 -0.486699 1.01538 0.296701 0.439989 0.683728 -0.00818998 -0.196262 0.90681 0.480931 -0.503974 0.550134 0.439826 0.522078 -0.391826 0.600234 0.629059 0.786925 -0.434805 -0.539632 0.347132 -0.551504 -0.167818 0.623129 0.198538 -0.389324 1.07157 -0.183952 0.279887 -0.0524283 0.068322 0.451628 0.200079 0.0237881 0.695005 0.255256 0.983228 -0.954041 0.251075 -1.05021 0.0111525 -0.0606003 -0.517679 0.28308 -0.207236 -0.57501 -0.347303 -0.533777 0.0546355 -0.00668925 -0.414716 -0.100653 0.460924 0.175841 0.124395 0.0234481 -0.0494357 0.299247 
-0.602676 0.0675837 0.085022 -0.383765 -0.571214 -0.441918 0.208318 0.155006 -1.51859 -0.632716 0.0328707 -0.403056 0.67677 -0.30062 0.61636 -0.191759 0.218468 -0.049443 -0.374181 -0.100884 0.286578 0.0433144 0.146397 0.556635 -0.053849 -0.250064 -0.600423 0.317867 -0.653753 -1.04567 -0.668596 0.133003 -0.165517 0.294618 -0.608141 0.151629 -0.145426 0.310442 -0.173874 -0.00608436 -0.172526 0.784095 0.225212 0.191385 -0.975934 0.605554 -0.002872 0.0953621 0.139536 -0.0788139 -0.296617 -0.941848 -0.156135 -0.140304 -0.764928 -0.200395 -0.00960844 -0.422452 -0.369451 -0.455226 0.0654086 0.65403 -0.498067 0.105106 
-0.158395 0.524082 -0.251331 0.240233 0.130408 -0.229627 -0.797948 -0.652238 -0.145027 0.474909 -0.635173 0.0383634 0.0736358 -0.350158 -0.0304806 0.133649 0.342925 0.254418 0.702643 0.360328 0.339848 -0.28905 0.150233 -0.0759861 0.708133 0.270428 -0.411172 -0.407486 -0.273576 -0.197284 0.055729 -0.626128 0.0201157 -0.313034 -0.0798404 0.375638 0.332565 0.0420077 0.0198301 0.115901 -0.315498 0.616295 -0.484547 0.210995 -0.281085 0.113995 -0.216363 0.105995 0.58032 -0.558007 -0.0633787 -0.268861 0.00107672 0.344139 0.0893845 0.418254 -0.0742977 -0.350093 -0.303388 -0.303117 -0.296285 0.0577002 -0.061063 -0.313037 
1.00406 0.0480704 0.381843 -0.337506 -0.38104 -0.842257 -0.567964 0.0622661 -1.45373 -0.217277 -0.565654 0.412475 0.690131 0.798546 -1.13632 -0.225058 0.605328 -0.911339 -0.241681 0.546694 -0.0618977 -0.564495 -1.4476 -0.828531 1.18591 -0.310023 -0.7809 -0.479094 0.138636 -0.254081 -0.0690528 -0.106033 -0.132633 -1.04983 -0.224695 0.0193258 -0.0138246 -0.295261 0.797589 0.925041 -0.954452 -0.363984 -1.03395 -0.465992 0.191627 0.0486566 1.2437 -0.503265 0.179166 0.0685348 0.718515 0.597521 0.123188 0.745967 0.224099 0.14999 0.00390373 0.452908 -0.231799 0.734013 -0.0907253 0.0776994 -0.205024 -0.220745 
-0.316353 0.549259 -0.468453 0.933111 0.949672 0.699978 -0.60239 -0.63907 0.578671 0.530524 -1.00128 0.408856 -0.86896 0.321714 -0.0901016 0.618052 0.270629 -0.438368 0.228643 0.101248 0.390927 -1.39953 -0.777846 -0.511719 -0.18626 0.234353 0.553863 0.193333 0.213589 -0.436703 0.46029 -0.0239062 -0.911988 -0.476704 0.00813575 0.219493 0.491868 -0.698029 -0.103023 0.215365 0.332489 -0.667623 -0.305731 0.101629 -0.0942648 0.592772 0.570116 0.0924259 0.415728 -0.313968 0.772161 0.817136 0.459102 0.831699 0.30522 0.144309 0.346464 0.158686 -0.152347 0.0486382 0.311969 -0.324281 0.141721 -0.25562 
-0.711566 0.031949 -0.123834 -0.336446 -0.26472 -0.121341 -0.48783 -0.974845 -0.812303 -0.230997 -0.0970302 -0.800235 0.30468 -0.32688 0.671778 0.0619458 -0.478187 -0.292269 0.304976 0.427047 -0.0690747 -0.518019 0.130267 0.623585 -0.136372 -0.556838 0.370793 -0.0423629 -0.738792 -0.750743 -0.425328 -0.288211 -0.455014 -0.0049804 0.131717 0.509939 0.308447 1.33093 0.0325252 0.121092 0.207116 0.3619 -0.0262085 -0.289662 -0.682441 -0.15501 0.248312 0.270759 -0.370233 -0.505541 -0.0932718 -0.569552 0.412632 0.43163 -0.0656597 0.0977411 -0.610145 0.341402 0.230346 0.118882 0.315008 -0.206551 -0.160851 -0.962847 
-0.0411522 -0.699876 0.253657 -0.4188 -0.24548 0.466548 0.876305 0.737998 0.374913 -0.165574 0.122419 0.0742474 0.049544 0.461573 -0.0310771 -0.266817 -0.248132 0.0960843 0.285627 -1.12553 -0.441095 -0.38436 -0.0100574 -0.718312 -0.248918 0.792114 0.198293 0.692652 0.171252 0.684338 -0.157107 -0.08791 -0.516644 0.502063 -0.0245826 -0.158272 -0.278273 -0.393831 -0.417324 -0.308299 -0.646718 -1.18219 -0.45783 0.384448 -0.0170536 0.151221 -0.2741 0.727498 0.50282 0.534499 -0.437105 0.44844 -0.63189 0.48677 0.345324 -0.256842 1.12705 -0.185602 -0.807898 -0.373266 0.294095 -0.111379 0.0814065 0.443054 
-0.307543 -0.176264 -0.194664 -0.723713 -0.172877 0.324841 0.200006 0.0582729 0.646279 -0.0318917 0.37592 -0.358606 -0.0532379 -1.03055 0.478228 0.0426295 -0.673109 0.189694 0.0600246 -0.302707 -0.844081 0.316515 -0.0489168 0.252494 -0.432195 -0.529972 0.98956 -0.123885 -0.958416 0.718032 -0.520679 -0.504556 0.0699758 0.184865 0.207279 0.330479 0.414595 0.44609 0.489047 -0.799695 -0.181536 -0.243089 0.608192 -0.634946 0.024147 -0.548102 -0.330364 0.527395 -0.242511 -0.373955 -0.42022 -0.467866 0.667579 -0.40112 0.117026 -0.117676 -0.302719 -0.239463 0.191783 0.0246568 -0.0226512 -0.773574 -0.287351 -0.598971 
-0.672562 0.107565 0.214678 0.190239 -0.211718 0.157897 0.54511 -0.860462 -0.522329 0.0269464 0.277341 0.00140982 0.174401 0.5812 0.728469 0.0430219 -0.215331 -0.0973605 0.155752 -0.218472 -0.405757 -0.332508 0.363544 1.04406 -0.903736 -0.260102 0.689584 0.416241 -0.343522 -0.0510513 0.625679 0.773582 0.381108 0.43783 -0.0251486 -0.0346495 0.170794 0.622235 -0.250326 0.390566 0.689404 0.0549471 0.65414 -0.0444344 -0.5112 -0.440701 0.0795147 -0.0778476 -0.368231 -0.527611 -0.153644 -0.367941 -0.106614 -0.635118 -0.113935 -0.226022 0.137442 -0.0827088 0.402342 -0.248146 0.248325 0.0783977 0.331496 -0.0160221 
0.156213 0.0780183 -0.0871326 -0.0378764 0.245552 0.160615 -0.784479 -0.537492 0.214722 0.304275 -0.957304 0.0299995 0.0418862 -0.0899507 -0.377542 -0.193661 0.231685 0.2262 -0.523344 0.436082 0.0366162 -0.0823637 -0.376427 -0.614279 0.818477 -0.08453 -0.389927 -0.354902 -0.0301532 -0.145694 -0.573869 -0.152273 -0.673433 -0.202635 0.166109 -0.275396 0.254878 -0.535889 -0.111129 0.198791 -0.102744 0.26408 -0.510132 0.124318 -0.106577 0.0229314 -0.127315 0.354259 0.33676 -0.31845 0.287513 0.243678 0.178917 0.597655 0.304748 0.522062 -0.0653297 0.270328 -0.0712352 -0.188415 -0.278526 -0.276061 0.0220971 -0.161367 
-0.997843 -0.233513 -0.394659 -0.249608 0.0531609 0.0289325 -0.0583278 0.253732 -0.283772 -0.0598611 0.298209 -0.340667 -0.126986 -0.438295 0.827909 0.0430091 -0.123124 -0.084424 0.0187714 -0.22354 0.113554 0.0225795 -0.166559 0.840453 -0.709365 -0.086155 0.431074 0.707441 -0.456855 -0.612707 0.0458819 0.271292 -0.348051 0.519823 -0.247648 0.297743 0.379972 0.394664 -0.469538 -0.495318 0.345148 -0.00613088 0.423388 0.132441 -0.457276 0.506314 -0.814796 0.196757 -0.682411 -0.30679 0.0696064 -1.07074 0.138791 0.0144301 -1.07219 -0.196181 -0.657201 0.202764 -0.270147 -0.550592 -0.0158742 0.104663 -0.41587 -0.118405 
0.793857 -0.0432777 0.703069 -0.154761 -0.102932 0.308631 -0.00632856 -0.0607117 -0.204832 -0.761524 -0.654809 -0.334824 0.104642 0.535061 -0.902896 -0.664385 0.527072 -0.705162 -0.948009 -0.151261 -0.423847 -0.142603 -0.657035 -0.133216 -0.338992 -0.221719 -0.337435 -0.256978 0.245635 0.0804817 0.568469 1.16279 0.140828 0.178763 0.0449144 -1.02395 0.466643 -1.04349 -0.404798 0.423872 0.0882311 -0.0567945 -0.528161 -0.385129 0.24261 -0.205977 0.352511 0.0171536 -0.191143 0.0460986 0.0472699 0.177953 -0.675486 0.199815 0.564068 0.720284 -0.115646 0.461849 0.355443 -0.229085 -0.547131 0.466414 0.991833 0.436344 
0.330884 -0.0925404 -0.363778 0.0367402 0.198652 -0.116775 0.0819812 0.139564 -0.185867 0.483933 -0.191643 0.411145 -0.217365 0.147736 -0.500254 -0.0156845 0.575454 0.180218 0.424787 0.186969 1.2091 0.300474 0.147082 -0.464956 0.185313 0.533279 -0.474353 0.170494 0.3499 0.176585 -0.0635013 -0.71019 -0.373847 0.167153 -0.893187 0.378628 -0.468242 -0.183783 -0.24627 -0.31998 -0.0281932 -0.320598 0.133384 0.327702 -0.379761 0.504298 0.176398 -0.118993 0.474588 0.154514 0.362185 -0.159623 0.509125 -0.104624 -0.0669952 -0.0510285 0.170273 -0.894077 -0.780512 -0.380866 -0.301097 0.203876 -0.586481 -0.0478144 
0.0551038 0.662127 -0.277424 0.970404 0.702272 0.127354 -0.452768 0.0834834 -0.286851 -0.459393 -0.218086 0.339108 -0.476238 0.484929 -0.1181 -0.127278 0.287935 -0.0944054 -0.0173886 0.612453 0.45959 0.0549363 0.200038 -0.0389736 0.0386242 0.450296 -0.117425 0.221965 0.945975 -0.615918 0.954577 0.490454 -0.178407 0.147606 0.126653 0.0588088 -0.607838 -0.0878221 -0.433431 0.595614 0.795913 0.451517 -0.202472 0.623712 0.0632 0.5994 0.314592 -1.03877 0.594643 0.285939 0.419893 0.867632 -0.0980611 -0.131081 -0.639432 -0.132733 0.17668 0.366599 0.470844 0.212809 0.395672 0.389771 0.372509 0.493151 
0.179422 0.189285 0.316777 0.639653 -0.377195 -0.206465 0.122549 -0.823445 -0.283237 -0.282147 0.393501 0.0300477 0.264853 0.304517 0.225011 0.284599 -0.478758 -0.21064 -0.314465 0.0360619 -0.721397 -0.612189 -0.215356 0.655219 -0.22757 -0.504674 0.0139474 -0.0142377 -0.138728 -0.738722 0.354123 0.21649 0.231061 -0.0368198 0.710245 -0.115048 0.359667 0.116381 0.205807 0.454162 0.447577 0.178209 0.366868 -0.531485 -0.208144 -0.125831 0.342223 -0.347174 -0.160177 -0.0722257 -0.0374732 -0.603376 -0.085347 0.216932 0.163341 -0.123172 -0.508319 0.840559 0.784829 0.333804 0.248244 -0.0618421 0.437871 -0.306388 
-0.353207 -0.0527644 -0.267974 -0.321438 -0.194589 -0.705995 -0.0172606 -0.322486 -0.153452 -0.12439 0.739906 -0.562018 0.244466 -0.592306 0.23994 0.0079026 -0.188212 0.411937 0.598783 0.470013 0.266318 0.368051 0.501611 0.502983 0.362911 -0.204844 -0.0962901 -0.244605 -0.689025 -0.0536942 -0.343313 -0.969351 0.0473217 0.0566403 0.264008 0.504107 -0.210595 0.983099 0.156159 -0.578499 0.0303468 0.700451 0.0665806 0.195993 -0.321389 0.317871 -0.65535 -0.196705 -0.0156663 0.190899 -0.148418 -0.678667 0.228343 -0.291804 -0.461018 -0.125287 -0.678997 -0.241742 -0.145191 0.437857 0.0446499 -0.211464 -0.6678 -0.629643 
-0.592703 0.813754 -0.140064 -0.0746099 0.0241407 0.309925 -0.0772008 -0.401205 -0.418617 -0.0938522 -0.655447 0.00519562 0.191394 -0.0673952 0.333346 -0.139337 0.523367 -0.217351 -0.198624 0.857917 -0.227092 -0.142014 -0.368863 0.678277 0.081385 -1.0688 -0.0885787 -0.416141 -0.521586 0.061786 0.0199701 0.131415 -0.047459 -0.00152384 0.0528702 0.431483 0.852026 0.57698 -0.0414999 0.496811 0.392379 -0.381246 -0.40245 -0.356991 -0.300501 -0.373042 1.12507 0.0139863 -0.397078 -0.691397 0.516485 -0.162561 0.36669 -0.39756 0.305036 0.262486 -0.546062 0.509333 0.544755 0.17159 -0.305175 0.197821 -0.0164192 -0.212389 
-1.00308 0.227872 -0.0418575 -0.412647 -0.151287 0.445828 0.407509 0.581565 -0.656328 -0.843341 -0.020078 -0.119279 0.370511 0.173943 0.489901 -0.335798 0.287624 -0.210705 -0.421566 0.520136 -0.0792329 -0.28372 -0.0330942 0.875102 -0.320587 -0.571033 -0.130158 -0.0658277 -0.292409 -0.650475 0.525006 0.583998 0.143979 0.594092 -0.136052 -0.0440918 0.746349 0.492472 -0.548059 0.110373 0.331536 0.676821 -0.356822 -0.00469995 -0.453891 0.0733602 -0.101591 -0.284258 -0.278007 -0.344762 0.0718486 -0.602674 -0.850274 -0.307271 -0.502923 0.213412 0.0816821 0.32994 -0.0689159 -0.0196264 0.0343168 0.962001 0.112069 0.475872 
0.895339 -0.841667 0.186507 -0.553804 -0.402197 0.270901 0.8779 1.20359 0.710513 0.160617 0.499904 -0.11553 0.203655 -0.205639 -0.804568 -0.330884 -0.0233948 0.052869 0.37552 -1.08314 0.0691889 0.440571 -0.295845 -0.625329 -0.290527 0.681228 0.0244016 0.343027 0.124391 0.822342 -0.281311 -0.496587 0.10843 0.16047 -0.704801 0.18569 -0.750393 -0.540933 0.412732 -0.809071 -0.740696 -0.838279 0.172127 0.114047 0.065531 0.353548 -0.335025 0.524227 0.619386 0.580776 -0.759168 0.656213 -0.0508367 -0.167444 0.232593 -0.442367 0.687145 -0.76701 -0.550578 -0.417098 0.0394131 -0.218749 0.083026 0.486881 
-0.602279 0.326733 -0.0902043 -0.178929 -0.131302 -0.154042 -0.305655 -0.752219 0.616531 0.267122 0.103467 0.133755 0.109779 -0.468617 0.859029 0.0886556 -0.682784 0.497868 0.285341 0.519746 -0.703284 0.483716 0.609096 0.371351 0.0653102 -0.826791 0.0654426 -1.05875 -0.10041 0.391969 -0.18639 -0.373813 0.574685 -0.605201 0.429524 -0.238688 0.0182294 0.665598 0.217966 0.0719888 0.429994 0.651594 0.559281 -1.02203 0.712251 -0.994349 -0.6436 -0.00330129 -0.843889 -0.120445 -0.141232 -0.466852 -0.467071 -0.474566 -0.0995501 0.41245 -0.683554 0.183531 0.109366 0.482225 -0.0369248 0.137944 -0.0615151 -0.42652 
-0.598308 -0.271995 -0.250683 0.275579 0.136871 0.215794 0.0788344 0.385859 1.11841 0.366147 0.828015 0.363813 -0.114381 -0.335988 1.00578 0.10351 -0.650346 0.555411 0.728494 0.105051 0.122436 0.308151 0.809693 0.106999 -0.409706 0.260564 0.515331 -0.18696 0.455078 0.403073 0.45723 -0.973601 0.143373 0.0309192 0.176348 -0.0849907 0.232425 0.628662 0.0399443 -0.309096 0.471056 0.213432 0.594338 0.000981012 0.620961 -0.562435 -0.701168 0.211113 0.00139321 0.11258 -0.266589 0.109313 0.474533 -0.625137 0.105681 -0.514296 0.508817 -1.00274 0.337615 0.149955 0.177264 -0.0505275 0.00498358 -0.388079 
-0.570772 0.509624 -0.430537 -0.319568 -0.126212 -0.260987 0.35102 -0.519904 -2.05369 -0.44288 -0.307092 -0.421301 0.507605 -0.0610098 0.611457 0.213738 0.0990268 -0.230814 0.161843 0.436799 0.0751175 -0.42781 0.0289235 -0.14468 0.836725 -0.511129 -0.421643 0.273955 -0.585477 -0.235019 -0.641046 -0.392584 -0.922381 -0.320308 -0.424507 0.257533 -0.273223 0.663104 0.437269 0.0393564 -0.896843 -0.0836554 0.370014 -0.240401 -1.03435 0.472152 0.655086 0.0010554 0.325676 -0.255534 0.0572853 -0.447879 0.567171 0.358661 -0.000681598 -0.265304 -0.261237 -0.120962 -0.0607255 0.413225 0.071249 0.315364 -0.52181 -0.559297 
0.196285 0.279627 0.0331517 0.503009 0.212888 -0.0790883 -0.983211 -1.27584 -0.123729 0.326412 -1.48989 0.239142 -0.105294 0.447574 -0.311586 0.216887 0.0911154 -0.17658 -0.276382 0.103654 0.0957042 -0.803394 -0.224038 -1.2058 0.819836 0.434983 -0.314472 -0.127123 0.131816 -0.390637 -0.290794 -0.236555 -0.920184 -0.429374 0.0532129 -0.0863683 -0.00593602 -0.140922 -0.230139 0.544871 -0.545529 -0.0194923 -1.02592 0.263757 0.0718914 0.161425 0.15131 0.437311 0.706058 -0.554677 0.0223883 0.86649 0.031001 0.898497 0.488044 0.694875 0.412513 0.34813 -0.360785 -0.227093 0.266619 -0.0912766 0.461296 -0.336344 
-0.266037 0.130851 0.349393 -0.259114 -0.614165 -0.109512 0.85404 0.123374 -0.772433 -0.467811 0.0384894 0.18924 0.578155 0.198857 0.14487 -0.128164 0.323428 -0.00858519 -0.440778 0.258581 -0.0171872 -0.516364 0.0443426 0.535837 -0.0668673 -0.502834 -0.61685 0.497697 -0.430674 -0.0197399 0.546017 0.121668 -0.257548 0.433482 -0.317391 -0.0805909 0.358884 -0.171738 -0.369321 0.0383253 -0.099019 -0.174079 0.0606422 -0.374075 -0.435919 0.340018 0.0283384 -0.157154 0.200486 -0.119391 -0.381374 -0.268144 -0.374025 -0.273993 -0.424642 -0.455095 0.510126 0.292073 -0.137092 -0.122687 0.307115 0.731815 0.168352 0.61622 
0.156393 0.0412041 -0.0537037 0.0342628 0.0400225 0.158963 -1.06125 -0.795919 -0.000254264 0.308963 -0.955206 -0.127767 0.0828082 -0.192914 -0.104789 -0.221707 0.324256 -0.268877 -0.229421 0.121508 0.418086 -0.033501 -0.0868696 -0.40037 0.242999 0.351803 -0.32018 -0.0234661 -0.26416 -0.656593 -0.0582013 -0.0837382 -0.559711 0.346118 -0.0925027 0.0124534 -0.0597562 -0.144262 -0.536748 0.106515 -0.422333 0.444282 -0.709829 0.518623 -0.352459 0.392149 -0.105966 0.115683 0.33098 -0.12685 0.267201 -0.217084 0.184009 0.593663 0.0666102 0.59359 -0.134756 -0.059002 -0.313337 -0.634193 -0.394823 0.1194 0.314344 -0.5101 
-0.459505 -0.0757876 0.156808 -0.178139 -0.360479 -0.349489 -0.375953 -1.12408 0.735014 0.388384 -0.354826 -0.0777487 0.209032 -0.323567 0.890747 0.0459159 -0.561128 0.168801 -0.23821 -0.212119 -0.99784 0.331959 0.202685 0.51347 -0.572443 -0.58174 0.824646 0.0717808 -0.554932 0.137808 -0.694531 0.440853 0.669666 -0.270692 0.168827 0.123048 0.490933 0.859568 -0.036029 0.0428388 0.250824 0.387633 0.383679 -0.681728 0.588078 -1.04726 -0.669721 0.567709 -0.973923 -0.581698 -0.193803 -0.564474 -0.469016 -0.150571 -0.0653937 0.326872 -0.818094 0.149141 0.0872837 -0.426525 -0.257728 0.0814049 0.0917821 -0.465584 
-0.0414863 0.476837 -0.531466 1.11925 0.976769 0.573184 0.219146 0.0486246 0.552137 0.523304 -0.108019 0.175439 -1.01241 0.472964 -0.352828 0.571016 0.138988 -0.0119513 0.483225 -0.215887 0.576816 -0.441168 -0.0236915 -0.261144 -0.490252 0.917794 0.309567 0.65606 0.739427 -0.082919 0.827759 0.273954 -0.172594 0.261383 0.0493378 0.339797 -0.335729 -0.293683 -0.402926 0.0349171 0.659452 -0.621738 0.0684503 0.368981 0.0297982 0.471734 0.102179 -0.190557 0.17123 0.315956 0.432564 0.859943 0.422821 -0.0600268 -0.352325 -0.252841 0.627152 0.00839421 0.146788 -0.20908 0.457626 -0.211447 0.322119 0.164761 
-0.0407132 0.16214 0.275547 0.319675 -0.180775 -0.252577 0.583394 0.211414 0.0595307 -0.367282 0.841748 0.182005 0.0880053 0.235973 0.101894 0.185816 -0.238812 0.169548 0.10136 0.0838387 -0.52269 0.0696556 0.268937 0.443917 -0.0175197 -0.480415 0.103854 -0.1185 0.18598 0.627868 0.360649 0.120673 0.595041 -0.336987 0.361135 -0.130189 0.0960065 0.184561 0.366478 -0.0790601 0.266857 -0.213189 0.35578 -0.615057 0.427634 -0.294504 0.0746232 -0.422873 -0.389987 0.133322 -0.196 0.016337 -0.273517 -0.816135 -0.0317628 -0.449788 0.304996 0.342902 0.425875 0.423137 0.398409 -0.00185086 -0.04137 0.343204 
-0.245055 -0.171772 0.248735 -0.474961 -0.622449 -0.861368 -0.361888 -0.969492 -0.830956 -0.235013 0.299954 -0.659963 0.736259 -0.51123 0.385489 -0.333882 -0.255274 0.328196 0.235209 -0.127849 -0.0893386 0.0488339 0.122216 0.437854 -0.21322 -0.127877 -0.125906 0.162871 -0.807418 -0.303565 -0.727217 -0.532827 -0.113329 0.112754 0.0798755 0.232521 0.121344 0.825628 -0.16277 -0.433665 -0.221883 0.982331 -0.221373 -0.167714 -0.430165 0.316558 -0.949762 0.074937 -0.0829468 -0.544172 -0.623858 -0.998231 -0.316544 0.514246 -0.250874 0.149156 -0.286958 -0.202811 -0.491597 -0.353289 -0.0305471 0.0894379 -0.341368 -0.633178 
0.0774764 0.625577 -0.267081 0.749403 0.725614 0.686712 0.0290439 -0.0311519 1.2095 -0.309736 0.0153864 0.449352 -0.764305 0.363326 -0.0315613 0.611746 -0.395182 0.331321 0.14287 0.202418 -0.670165 -0.279735 0.0466645 -0.64621 0.0513144 0.323506 0.710895 -0.591139 0.64327 0.681302 0.546762 0.374668 0.0230843 -0.0339779 1.22797 -0.699025 -0.107957 0.0123425 -0.14211 0.289423 0.0199796 -0.518745 -0.393696 -0.107413 0.945241 -0.339174 0.338212 -0.00520724 0.310173 -0.0434406 -0.217745 1.36205 -0.318624 -0.23515 0.0236671 0.501023 0.269303 0.865579 1.01298 0.348977 0.720838 -0.830856 1.11061 0.598957 
0.67104 0.362115 -0.0434302 0.573003 0.472618 0.309857 0.33616 0.579592 -0.309411 -0.0799127 -0.187251 0.49925 -0.445194 0.61221 -0.66366 0.242209 0.387505 -0.230652 -0.175021 0.289844 0.246436 0.0853821 -0.251901 -0.382822 0.480504 -0.157485 -0.478568 -0.196564 0.835469 0.242665 0.0664651 0.11093 0.243192 -0.306176 -0.308575 -0.130326 -0.444477 -1.11265 0.44915 0.559973 -0.0116111 -0.378092 0.265435 0.0168495 0.212662 0.0216731 1.27853 -0.636314 0.279685 0.634603 0.357005 0.422928 -0.269684 0.599625 0.56286 -0.0644737 -0.0738143 -0.0498783 -0.0171295 0.486392 -0.400515 0.160161 -0.0263165 0.441757 
-0.155747 -0.863964 -0.0419383 0.423742 -0.219488 0.137062 -0.12346 0.0342523 1.41532 0.302451 0.436479 0.16382 -0.239676 -0.246398 0.680455 0.481834 -1.02187 0.297173 0.623659 -0.642568 -0.191564 0.624678 0.719444 -0.136857 -0.803545 0.571581 0.368148 -0.0935306 0.519689 0.0467461 0.0397531 -0.47015 0.47646 0.244563 0.438838 -0.128009 -0.158856 0.51588 -0.174391 -0.286331 -0.0682539 0.201306 0.381907 -0.10278 1.05893 -0.8053 -0.724958 0.323292 -0.208375 -0.223501 -0.726925 -0.0254374 0.121545 -0.61874 -0.108201 -0.217445 0.55072 -0.707299 0.184812 -0.126312 0.314523 -0.0170703 0.303076 -0.328416 
0.311679 0.221887 -0.0964915 0.411102 0.68229 0.179252 -0.830547 0.341924 0.511707 0.0625741 -0.100027 0.2401 -0.583504 0.0196019 -0.26515 -0.189196 0.347528 -0.107441 -0.314657 0.692883 0.110412 0.437123 -0.000486723 -0.297901 0.338574 -0.173839 -0.124828 -1.32641 0.99652 -0.424378 0.360776 0.0904141 0.442087 -0.529598 0.236848 -0.56362 0.0322934 -0.302112 -0.141962 0.271397 0.787298 0.827736 -0.276926 -0.571894 0.817258 -0.558396 -0.190184 -0.298159 -0.495114 0.242234 0.467576 0.136146 -0.371082 0.0915648 0.0153265 0.8003 -0.905732 0.403907 -0.222836 0.762448 -0.714769 0.469806 0.213362 0.0189436 
0.202865 -0.132944 0.191828 -0.153011 0.10225 0.109908 -0.917699 -0.339412 0.77872 0.222911 -0.75031 -0.0707902 -0.0771511 -0.59757 -0.362936 -0.388368 0.390691 0.0322508 -0.631851 0.212738 0.324009 0.260786 -0.359681 -0.318913 0.177599 0.0424182 0.0883199 -0.380206 -0.164572 -0.300165 -0.506727 0.290469 -0.182125 0.040759 -0.188876 -0.206481 0.351267 -0.542978 -0.34659 -0.196617 -0.11539 0.562957 -0.58162 0.0634308 0.184396 0.24638 -0.450039 0.301873 0.37687 -0.377461 -0.00549003 0.0833396 -0.510316 0.848529 -0.0799062 0.970114 -0.366242 0.180125 -0.336234 -0.399757 -0.423146 -0.227636 0.271723 0.415884 
-0.0658224 0.708188 -0.136775 0.914817 0.588026 0.0928097 -0.346353 -0.0944294 0.081656 0.182971 -0.00194998 0.316084 -0.468481 0.319086 -0.435066 -0.0420936 0.545891 0.0316681 0.0956623 0.430693 0.560044 0.216354 0.318532 0.346099 -0.211432 0.45379 0.318196 0.0493984 0.692612 -0.121615 0.726755 0.955066 0.634729 -0.0897439 -0.0685468 0.0352452 -0.409939 -0.00146482 -0.368681 0.4001 0.812557 0.485381 -0.0954087 0.696831 0.33178 0.260134 0.249536 -0.862537 0.153895 0.146088 0.309102 0.541386 -0.396508 -0.379494 -0.29346 -0.0983326 -0.146624 0.00703127 0.306617 0.138284 -0.131284 0.555863 0.364784 0.712018 
-0.743691 0.0502536 0.652652 -0.219029 -0.617869 -0.618877 0.395586 -0.885503 -0.859468 -0.393302 0.47391 -0.218784 0.742269 0.224512 0.332686 -0.673267 0.208729 0.396623 0.185089 0.468048 0.0219113 0.662021 0.650931 1.40411 -0.580904 -0.340765 -0.136979 0.423266 -0.199433 -0.0516211 0.921863 0.50751 0.129538 0.447547 0.0572923 -0.0784146 -0.0648251 0.926937 -0.950366 -0.242176 0.707604 0.224352 0.303267 0.0263733 -0.330642 0.511413 -0.370904 -0.395315 -0.230307 -0.254654 -0.599344 -0.517397 -0.594899 -0.841002 -0.456212 -0.480039 0.0270816 0.417979 0.196026 -0.533305 0.190057 0.832273 0.322271 0.4723 
-0.584857 0.433143 -0.542544 -0.064203 0.07522 -0.647452 0.0140442 0.666859 -1.52466 -0.399916 0.654025 -0.0624423 0.120342 -0.144 0.491575 0.184021 -0.211645 0.0995533 0.597475 0.326416 0.581481 0.140741 0.169564 0.272511 0.227698 -0.108358 -0.0799825 0.274303 -0.052887 -0.392414 -0.0837345 -0.543746 -0.497725 -0.0473051 -0.120486 0.72377 -0.39788 0.670895 0.250251 -0.220978 -0.0636163 -0.146803 0.707873 0.396135 -0.694912 0.808312 0.859149 -0.449505 0.0577113 0.0655834 0.233889 -0.408762 1.2622 -0.489952 -0.478987 -0.628899 -0.267902 -0.275794 0.308962 0.481508 0.558546 -0.143656 -0.744967 -0.568222 
1.26572 -0.131949 0.0727239 0.405214 0.00896737 -0.0744404 -0.0368943 0.289244 0.852551 -0.299898 -0.128451 0.769898 -0.129177 0.139893 -0.805736 0.151389 0.317486 -0.142974 -0.0234116 -0.021279 -0.26408 0.546555 -0.218295 -0.168722 0.112612 0.114984 -0.374325 -0.336228 0.626332 0.658 0.218727 -0.487077 0.776232 -0.256784 0.0634968 -0.611988 -0.89284 -1.28987 0.6404 0.0788621 -0.491104 -0.131646 0.125562 -0.302636 0.579953 -0.273637 -0.143005 -0.510223 0.637296 0.802067 -0.413379 0.248911 -0.568034 0.667991 0.415322 -0.138632 -0.293111 -0.270137 -0.154571 0.582428 -0.581186 -0.10255 0.132862 0.652474 
0.172717 0.1746 -0.216143 -0.180683 0.320674 0.575217 -0.298763 0.139396 0.0113991 -0.0900732 -0.667276 -0.445319 -0.171185 0.133799 -0.359055 -0.374984 0.306992 -0.309435 -0.285668 0.309565 -0.314674 -0.314083 -0.185813 -0.415173 0.317106 -0.165418 -0.353551 -0.0451546 -0.0435607 0.262576 0.0885779 0.121172 -0.627531 0.0941388 -0.587589 -0.325106 0.277076 -0.366511 -0.057769 0.0804555 0.0626648 0.422425 -0.724237 0.0211879 0.0834656 0.147805 -0.495487 0.413911 0.0945722 0.0765342 0.259092 0.750549 -0.428805 0.50088 0.0393185 0.622383 0.0342896 0.268322 -0.274734 0.209412 -0.163247 0.281724 0.294332 0.025766 
-0.47108 0.377598 -0.161305 -0.318571 -0.168018 -0.222024 -0.491607 -0.754555 0.326902 0.46144 -0.2384 -0.112805 0.070387 -0.657278 0.635888 0.289167 -0.630461 0.769373 0.0992029 0.22501 -0.702042 0.230104 0.430845 -0.148668 0.564989 -0.604162 0.382415 -0.712569 -0.707129 1.21585 -1.06042 -0.574364 0.586216 -0.667086 0.161463 0.200523 0.55522 0.30744 0.906606 -0.348783 -0.134644 0.435612 0.64439 -0.439817 0.193919 -0.893708 -0.046621 0.557388 -0.805229 -0.306261 0.132815 -0.670871 0.143516 -0.178769 0.389702 0.423831 -0.737107 0.0378396 -0.0314937 0.336549 -0.236312 -0.933703 -0.668142 -0.754125 
-0.205791 0.450134 -0.349271 0.725776 0.704346 1.35614 0.208491 -0.131318 0.102288 -0.267791 -0.449519 0.216676 -0.470768 0.542404 -0.0157767 0.00443339 0.457691 -0.623108 -0.0337866 0.151828 0.262134 -1.15512 -0.441615 0.483424 -0.3884 0.269415 0.190076 0.359401 0.111129 -1.31359 1.47209 0.861447 -0.414411 0.598208 0.348115 -0.0658889 0.0838389 -0.213933 -0.643262 0.875929 1.00627 -0.253304 -0.0704383 0.362213 -0.523025 0.297949 0.485023 -0.354356 0.209235 0.139461 0.742149 0.328383 0.0991747 0.2232 -0.0848169 -0.0248744 0.189533 0.37564 0.775297 -0.143105 0.404942 0.504333 0.565918 -0.0409955 
-0.847113 0.487454 -0.164139 -0.227064 -0.036577 -0.368004 0.365578 0.223506 -0.931672 -0.936321 0.890929 -0.316422 0.260525 0.0292813 0.392729 -0.211449 0.00558134 0.379865 0.00424857 0.72403 -0.137331 0.726903 0.772957 0.791076 -0.0124097 -0.180136 -0.334847 0.0409169 0.00827051 -0.49915 0.285725 0.212966 0.283203 0.285257 0.191265 -0.089322 -0.0379658 0.757499 -0.557587 -0.220901 0.6412 0.887511 0.276463 0.172986 -0.325993 0.219856 -0.191151 -0.80109 -0.580513 0.261189 0.0151559 -0.804955 -0.441686 -0.990844 -0.944632 -0.508195 -0.514863 0.415254 0.224129 0.0924379 -0.0979206 0.757303 -0.317938 0.105351 
-0.309817 -0.480221 -0.0578595 -0.457514 -0.278258 -0.368897 0.148032 0.0683892 0.326409 -0.175456 0.565051 -0.545076 0.138123 -0.993337 0.314549 -0.144003 -0.377049 0.611066 0.302151 -0.210205 0.0563122 0.573568 0.551622 0.529499 0.0871061 -0.06716 -0.146205 0.0699515 -0.916695 0.453945 -0.557305 -0.673145 0.0572265 0.203513 0.01736 0.127129 -0.223448 0.562467 0.0734977 -0.412616 -0.354853 0.350591 0.11744 -0.0143783 -0.370433 -0.00688456 -1.08842 0.220488 0.363743 -0.209552 -0.76856 -0.595494 0.27781 -0.236876 -0.0631399 -0.258249 0.319539 -0.431796 -0.108438 -0.167019 0.348282 -0.492032 -0.376764 -0.0376292 
-0.116176 -0.843482 0.131436 -0.651121 -0.700144 -0.0871364 0.107154 -0.182718 0.417998 0.257648 -0.154969 -0.526669 0.493732 -0.674847 0.245091 -0.190349 -0.252403 0.229377 0.078756 -0.835734 -0.189967 0.283132 0.253725 0.37018 -0.346085 -0.109878 0.0669787 0.469683 -1.01601 -0.0561071 -1.46522 -0.270895 0.0194607 0.418473 -0.424392 0.391119 0.120473 0.278539 -0.0445528 -0.242273 -0.874022 0.712876 -0.0866992 0.222495 -0.201221 -0.155834 -1.04008 0.956668 -0.200372 -0.426211 -0.403955 -0.71618 0.0993293 -0.0336704 -0.331227 -0.160138 -0.078595 -0.453824 -0.621714 -0.617514 -0.30469 -0.249706 -0.548521 -0.249659 
-0.173046 -0.735102 -0.13031 -0.640047 -0.19079 -0.364299 0.168283 -0.0763323 0.776442 -0.397905 0.685956 -0.413694 0.185232 -0.512094 0.477084 -0.145445 -0.43225 0.634646 0.549068 -0.672996 -0.217442 0.532928 0.432277 -0.0344898 -0.0970414 0.190006 0.147773 0.242141 -0.782412 1.19456 -1.07878 -0.615807 -0.0136262 0.309265 0.193632 0.220757 -0.0480192 0.337176 0.116737 -0.286296 -0.549681 0.257221 0.383536 0.136206 0.13013 -0.651026 -1.25287 0.872653 -0.107578 -0.487399 -0.612829 -0.31394 0.264288 -0.489976 -0.299607 0.102534 0.181245 -0.271013 -0.111376 -0.386537 0.408553 -0.806499 -0.218489 -0.384643 
-0.378319 0.0328511 0.260593 0.168621 -0.45745 0.158493 0.648254 -0.08626 -0.0462594 -0.135869 0.234276 -0.128283 0.322712 -0.0848073 0.640026 0.0692275 -0.285691 -0.179444 0.2539 -0.615481 -0.255504 -0.389053 0.0750801 0.908347 -0.722184 -0.182432 0.428946 0.874953 -0.665313 -0.172094 0.571963 0.434648 0.231562 0.320731 -0.0755955 0.392604 0.584246 0.57475 -0.224112 0.223568 0.380606 -0.657302 0.601635 0.0761642 -0.341171 -0.146548 0.356712 0.242525 -0.351841 -0.280343 -0.0617795 -0.547704 0.309028 -0.489943 -0.0420899 -0.500165 -0.0792672 -0.185382 0.368998 -0.320996 0.317856 0.0499103 0.0962627 0.0415925 
0.785417 0.0411586 0.412846 0.227374 -0.129256 0.432502 -0.62365 -1.29808 0.666778 0.797524 -1.11257 0.202926 0.109357 0.226876 -0.404577 0.119797 -0.0612162 -0.173601 -0.161078 -0.165065 -0.608481 -0.543059 -0.19161 -0.789526 0.300042 0.0363385 0.0632441 -0.0899139 0.00337538 0.362082 -0.0452944 0.0860424 -0.110834 -0.368058 0.0179663 -0.0845244 0.148125 -0.323578 0.0399556 0.471409 -0.245588 -0.482563 -0.563319 -0.473639 0.191293 -0.390465 0.331412 0.588199 0.489679 -0.303838 -0.122322 0.773527 -0.11213 0.500303 1.05243 0.62059 0.305207 -0.123716 -0.11628 0.00447708 -0.0626334 -0.0451385 0.614557 -0.230434 
0.159999 -0.0257755 -0.22818 0.286721 0.254084 0.0314531 -0.503425 -0.0096609 0.417598 0.659829 -0.159644 0.131006 -0.19643 -0.135839 -0.285314 -0.0477179 0.0786734 0.130272 0.518334 0.146007 0.590978 0.843805 0.0445277 -0.499534 0.133587 0.443344 -0.391472 -0.302754 0.405572 -0.0315336 -0.192917 -0.716005 -0.327644 0.1579 -0.115434 0.173258 -0.64895 0.0612959 -0.34934 -0.329709 -0.156843 -0.00695365 -0.5274 0.320744 0.178201 0.354378 -0.287965 0.0148356 0.296179 0.486371 0.179612 0.279762 -0.111388 0.43983 -0.00128118 0.308918 -0.152462 -0.491249 -0.517033 -0.0685427 -0.0881835 -0.0221891 -0.298207 -0.092542 
-0.342508 -0.468162 0.0483529 -0.285129 -0.572275 -0.0835476 -0.0486811 -0.535219 0.206242 -0.0568421 -0.0203401 -0.393666 0.456535 -0.588655 0.63658 -0.0542161 -0.673988 0.238321 0.100903 -0.746589 -0.50962 -0.0115478 0.146595 -0.0432846 0.0881221 -0.124747 0.0246588 0.410624 -0.912564 -0.0368739 -1.56798 -0.356847 -0.515683 0.0863338 0.0331369 0.147261 0.0992552 0.215043 -0.0438428 -0.305717 -0.888193 0.355047 -0.0724352 -0.0791006 -0.132481 -0.0773023 -1.26477 0.924505 -0.131424 -0.48574 -0.323529 -0.732736 -0.0188231 0.353865 -0.00337224 0.293518 -0.0659189 -0.364939 -0.509556 -0.416208 0.0856547 -0.413707 -0.385742 -0.628028 
-0.86734 0.212427 -0.194992 -0.191709 -0.314018 -0.293401 -0.107674 -0.301621 -1.77053 -0.30583 -0.444343 -0.188827 0.472748 0.0265892 0.729671 -0.191166 -0.0520568 -0.283065 -0.104352 0.172708 0.532373 -0.707175 -0.162152 0.706415 -0.101091 -0.545696 -0.654744 0.5088 -0.509415 -1.31995 0.178377 0.0545447 -0.645261 0.218732 -0.666237 0.461603 0.547015 0.468676 -0.190073 0.0539995 -0.139083 0.158365 0.123319 0.210462 -0.928536 0.669379 -0.0880823 -0.141164 -0.088151 -0.528036 -0.0103677 -0.784985 -0.0105666 -0.0603338 -0.738744 -0.0180313 0.294448 -0.133509 -0.280197 -0.41759 0.36535 0.721328 -0.436524 -0.23248 
0.409269 0.672661 -0.0538807 0.755855 0.373267 0.114723 -0.713895 -0.4772 0.776697 0.503725 -0.686691 0.991074 -0.349194 0.366109 -0.346517 0.413801 0.213962 -0.260647 0.0591998 0.432758 -0.488548 -0.190207 -0.485871 -1.16755 0.560577 0.153377 0.15986 -0.935361 0.702661 0.686429 0.344462 -0.0274226 0.180682 -0.759588 0.826478 -0.64511 0.211577 0.0258279 0.141368 0.146405 -0.229988 -0.273022 -0.75314 -0.498603 1.36294 -0.275431 0.668278 -0.270909 -0.188468 0.164993 0.717117 0.75607 -0.199626 0.539075 0.58045 0.599243 -0.50871 0.374689 0.17483 0.551682 -0.307759 -0.348588 0.186763 -0.431069 
0.505129 -0.433066 -0.0512867 -0.610012 -0.191151 0.223136 0.251405 0.619795 -0.240597 -0.220485 -0.476925 -0.637828 0.295877 -0.414963 -0.633427 -0.220217 0.313328 -0.403715 -0.135616 -0.544832 0.469762 -0.51496 -0.441257 -0.261857 0.192407 0.228746 -0.315534 0.64692 -0.544472 -0.39596 -1.00639 -0.0509331 -0.432493 0.284055 -0.767795 0.606872 -0.548679 -0.465846 0.451608 -0.300101 -0.544087 -0.306062 0.0838274 0.568728 -0.843643 0.79398 0.356757 0.238843 0.586116 0.235269 0.20369 0.0414291 0.659878 0.815925 0.222669 -0.300158 -0.175192 -0.560277 -0.589742 -0.21438 -0.321609 -0.255441 -0.386631 -0.0626777 
0.170881 -0.748908 -0.0408158 -0.24524 -0.0827481 0.224082 0.689308 0.883942 0.221249 0.0245682 0.38551 -0.260284 -0.0346065 0.365346 -0.112574 -0.126845 -0.180072 -0.0206651 0.469119 -0.688553 0.0315093 -0.0784111 0.108389 -0.38446 -0.0498191 0.771307 0.0351037 0.323417 -0.118867 0.185047 0.0723589 -0.385797 -0.378334 0.544006 0.193598 -0.107353 -0.767211 -0.0488923 -0.177507 -0.555525 -0.545146 -0.721442 -0.226247 0.351442 -0.241137 0.423553 -0.598751 0.16214 0.586004 0.568838 -0.371604 0.367883 0.112749 -0.143547 -0.0282709 -0.446454 0.887685 -0.150665 -0.313727 -0.0434364 0.386701 -0.369283 -0.012339 0.182112 
0.072084 -0.180876 0.303525 0.285453 -0.173271 -0.343147 0.418408 0.516334 0.407505 0.20357 0.94684 0.589286 -0.0868686 0.175517 0.126541 0.144657 -0.299061 0.283475 0.538281 -0.226512 0.0887668 0.48901 0.605795 0.34398 -0.753751 0.2624 0.476854 0.154134 0.393934 0.590548 0.180834 -0.078859 0.823135 0.263024 0.397601 0.0352818 -0.517 0.00776159 0.0681807 -0.201365 0.0434634 0.00270176 0.85343 0.0190793 0.360312 -0.169099 0.00762485 -0.330135 -0.0135753 0.438357 -0.376119 -0.21088 0.0216674 -0.309217 -0.0159747 -0.539777 -0.0786974 -0.443965 0.0981505 0.190325 0.101992 -0.0492156 -0.168576 0.203866 
0.256869 -0.417422 0.348723 -0.347221 -0.371223 0.14845 -0.135556 -0.524607 0.762503 0.381283 0.0966595 -0.187653 0.101669 0.323824 0.0249013 0.0419703 -0.515242 0.409071 0.223135 -0.249354 -1.04 -0.194562 0.633388 -0.819945 0.356911 -0.015282 0.365296 -0.519552 0.110281 1.00546 -0.324934 0.274249 0.404832 -0.457024 0.593207 -0.42315 0.31109 0.204453 0.0813714 -0.203744 -0.383533 0.386074 -0.179454 -0.495141 1.06655 -0.782146 -0.296881 0.12165 -0.650638 -0.128968 -0.368558 0.257513 -0.550722 -0.166691 0.359599 0.473093 -0.309048 0.472688 0.0954923 0.237981 -0.175001 -0.614607 0.411281 -0.356274 
0.318577 -0.102631 0.245545 0.0152568 -0.0591745 0.54147 0.261064 0.476039 -0.338103 -0.301072 -0.163198 -0.290901 0.249742 0.235625 -0.601058 -0.403861 0.761241 -0.689662 -0.489122 -0.233966 0.295601 -0.327199 -0.960696 0.405711 -0.209823 -0.201043 -0.0578282 0.601983 -0.00438451 -1.18814 0.481606 1.02828 -0.859656 0.517727 -0.13602 -0.166705 0.0785707 -0.83234 -0.814998 0.315803 0.228747 -0.000311177 -0.58339 0.617694 -0.59805 0.879114 0.42762 0.157775 0.255232 0.293606 0.394125 0.226325 -0.190821 0.428746 -0.386833 0.160814 0.276973 0.438096 -0.00656275 -0.246089 -0.0754674 0.512013 0.426648 0.447798 
-0.839222 -0.00913156 -0.628001 0.22189 0.384285 0.833483 0.92072 1.00045 0.964254 -0.0513663 0.923324 -0.0101566 -0.591615 -0.398346 0.896315 0.402931 -0.362433 0.338978 0.679724 -0.465291 0.0191979 0.0519179 0.598287 0.646736 -0.847904 0.359447 0.719423 0.316801 -0.36484 0.401381 0.690196 -0.0340836 -0.085292 0.8992 0.465695 0.133464 0.0300893 0.251784 -0.601487 -0.493391 0.353517 -0.146702 0.675381 0.306089 -0.190512 0.0773557 -0.59292 0.0684048 0.0395766 0.233342 -0.240023 -0.2809 0.345564 -0.69264 -0.440015 -0.530691 0.343471 -0.326803 0.422635 -0.148208 0.409917 -0.301754 -0.0020892 -0.0351557 
0.460535 -0.27924 0.0671408 0.155903 0.160311 0.748698 0.388843 1.01141 -0.430605 -0.463641 0.00444309 -0.0244762 -0.0664674 0.476095 -0.529529 -0.304101 0.612115 -0.664763 -0.599231 -0.569395 0.319787 -0.528551 -0.798091 -0.0563872 -0.406666 0.459036 -0.131532 0.684514 0.537097 -1.49156 0.682285 1.15207 -0.853207 0.64325 -0.300076 -0.332484 0.0258306 -1.26678 -0.811859 0.350157 0.118368 -0.0809022 -0.375382 0.413575 -0.436078 0.764198 0.214076 -0.0213836 0.408988 0.349275 0.117176 0.410655 -0.0311075 0.332665 -0.460047 -0.088811 0.360552 0.350486 0.245099 -0.214177 0.119575 0.621846 0.70728 0.507579 
-0.370644 -0.184208 -0.077024 -0.29576 -0.497707 0.00778851 0.823474 0.248704 -1.64355 -0.60118 0.0505574 -0.842142 0.351865 0.0859076 0.433215 0.0752298 -0.231066 -0.400416 -0.124824 -0.35831 -0.046072 -1.12686 -0.0519745 0.289167 0.247176 -0.23179 -0.337129 0.974748 -0.745597 -0.503106 -0.167142 -0.267585 -1.02223 0.509584 -0.437046 0.204811 -0.123445 -0.0430283 -0.0265402 0.0407154 -0.413022 -0.290796 0.0118858 0.151434 -1.34644 0.770744 0.08266 0.387632 0.820468 -0.22219 -0.251117 -0.444566 0.487577 0.335822 0.00741402 -0.837547 0.769262 -0.268107 -0.00536884 0.0244985 0.82563 0.258922 -0.394169 -0.498509 
0.741278 0.0298659 0.139431 0.508022 -0.0464512 0.215755 -0.306848 -0.718047 0.31827 0.605146 -0.872984 0.259829 -0.0240755 0.296986 -0.294431 0.234681 -0.0535306 -0.51406 0.000117599 -0.304621 -0.342142 -1.04411 -0.576146 -1.04789 0.501826 0.175915 0.237956 0.0849403 -0.0375154 0.143956 -0.234493 -0.380415 -0.823639 -0.377873 -0.0635496 0.165039 -0.0318585 -0.378955 0.438429 0.39939 -0.751326 -0.563958 -0.655468 -0.298118 0.0249832 -0.18203 0.412965 0.517543 0.651135 -0.120872 -0.0232635 0.914891 0.0235737 1.09377 0.868609 0.681827 0.564177 0.0275195 -0.286755 0.104977 0.506432 -0.369671 0.39578 -0.362355 
1.18945 -0.131193 0.538553 -0.495923 -0.605135 -1.32767 -0.659793 -0.306753 -1.70721 -0.577245 -0.328905 0.0470219 0.926624 0.795139 -1.31099 -0.502428 0.755429 -0.633193 -0.47758 0.890819 0.010263 -0.270087 -1.20752 -0.577183 1.14606 -0.431904 -0.87416 -0.565585 0.150892 -0.726897 -0.40281 -0.0737649 0.116329 -0.834005 -0.224369 -0.453841 -0.343795 -0.395078 0.6021 0.654737 -0.718588 0.356662 -0.895372 -0.415705 0.269364 0.214649 0.717364 -0.615165 -0.00798443 -0.0883436 0.549057 0.30936 -0.33014 0.449665 -0.254122 0.298469 -0.233312 0.552043 -0.335049 0.562653 -0.265471 0.127414 -0.262306 0.133548 
0.374445 0.849187 0.238534 1.18989 0.157928 0.219061 -0.613764 -0.7156 -0.143912 0.293298 -0.528378 0.535314 -0.129892 0.582165 -0.341714 0.276576 0.313525 -0.701856 -0.253042 0.536908 -0.136446 -0.522337 -0.35822 -0.331744 0.146036 -0.135736 0.0591648 -0.692734 0.943608 -0.613899 0.569068 0.439098 -0.108946 -0.554898 0.429492 -0.778624 0.280434 -0.376463 -0.173908 0.370946 0.467971 0.169342 -0.416441 -0.142947 0.207939 0.44682 0.843823 -0.734947 0.00788157 0.373908 0.710953 0.39804 -0.475261 0.344828 0.509786 0.336769 -0.287021 0.224663 0.106928 0.290739 -0.302804 0.461797 0.439099 -0.0334105 
