120 64
0.0012803 0.0196703 0.0138893 0.00798399 0.0230539 0.0365632 0.0278919 0.0155582 0.0185998 0.00458551 -0.00497176 0.0269319 -0.0377515 -0.0132223 0.0196464 -0.00452752 0.0420635 -0.0114829 0.0128981 -0.017914 -0.0201916 -0.003835 -0.000494444 0.00605986 -0.0115588 -0.00155613 0.00247125 0.00950878 -0.00883457 0.00471677 0.00684959 0.0165329 0.0207326 0.0190138 -0.029862 -0.0151934 0.02859 0.00242202 0.0205113 -0.0075762 0.00827567 0.0137163 -0.0185203 -0.0133148 0.00949834 0.00566677 -0.00456118 -0.000116839 0.00619832 0.00564806 0.052388 -0.000592078 -0.0171411 -0.0342437 -0.0162703 -0.0117956 -0.0476476 0.00777508 0.00310335 -0.000405004 0.0215969 0.0228466 0.019521 -0.0122506 
-0.00228987 -0.0146947 -0.0237663 0.0116954 -0.0262989 0.00501576 0.00643907 0.0218527 0.013858 0.011162 -0.0207677 -0.0219778 0.0306936 -0.00625273 -0.0253342 0.00779712 -0.00431975 -0.0166695 0.00271167 -0.018233 -0.0194442 -0.0157192 -0.00409952 0.0261659 0.047771 -0.0181216 -0.00183793 0.0106621 0.0533815 -0.00196153 0.00598966 0.0268141 -0.0053933 0.0133977 -0.0035572 -0.0188318 -0.0115578 -0.0230333 -0.0129753 0.0110293 -0.0383641 0.0289878 0.00651154 0.00863726 0.00174593 -0.0360706 -0.0113605 -0.0141045 0.00183627 -0.00281822 -0.0178702 0.00640806 -0.0104146 -0.00727473 -0.0221536 0.0514379 0.0303464 -0.0300976 -0.0493301 -0.0187213 0.00502344 0.0138788 -0.00849107 0.0134982 
-0.000685201 -0.00783434 -0.0274373 0.00832573 -0.014822 0.00456319 -0.00178515 0.00691214 0.0250209 0.0187153 -0.0015808 -0.0232289 -0.0225539 -0.0242591 0.0232604 -0.0145818 -0.0258378 -0.0279837 -0.00355833 0.00344751 0.0100641 0.00826329 0.01595 -0.00626687 0.0123281 0.0212324 0.0138403 -0.00614894 -0.024185 -0.0281708 0.00332386 -0.0357391 -0.0101445 -0.0475237 0.00111249 0.0073166 -0.0312215 -0.0142691 0.0242931 -0.00159721 0.00748895 0.0487986 0.000982181 -0.00510171 -0.0137065 -0.00154004 -0.0226851 -0.0188082 0.00568703 -0.00898746 0.0361252 0.0210064 -0.0129743 -0.0570246 -0.0101166 -0.00538175 0.00634595 0.00841872 0.00407301 0.0326738 -0.00376359 0.0181888 0.022704 0.00118879 
-0.0010056 0.0238262 -0.0179977 -0.00871595 -0.009109 0.0072036 -0.0165355 -0.0253239 -0.0330774 0.00798942 -0.0304211 -0.00338565 0.0065664 0.00574667 -0.0220852 0.00915645 0.034021 -0.0227436 -0.00950582 -0.02094 0.00544217 -0.0356603 0.00244139 -0.00730246 0.00734399 -0.0374004 -0.0123486 -0.00881161 -0.00871427 0.0202918 0.019773 0.0103835 0.0305347 -0.0321203 0.00320959 -0.0260149 -0.0376614 0.0107869 -0.0299338 0.0212685 -0.0448315 -0.0155843 -0.00963016 -0.0124357 -0.0103545 -0.000371153 0.00397579 -0.00718071 0.026412 0.00103107 0.0125753 -0.00637179 -0.00268035 -0.00440571 -0.0303447 -0.0026474 0.00519373 -0.00624922 0.00460233 0.0286151 0.00696091 0.0124065 0.0040009 -0.00808384 
0.0189063 -0.00758864 -0.0247893 0.0112582 0.0172296 0.0106352 0.0210145 0.0324603 0.0164987 0.0291014 -0.00109458 0.00821937 -0.004028 0.0209505 0.0148128 0.0180668 -0.0340735 -0.0533032 -0.0357913 -0.0354726 0.0188391 -0.0299264 0.0140943 -0.0219604 0.0124351 0.0049632 -0.0108607 -0.0157243 -0.0536649 0.0168007 0.0146639 0.0201875 -0.00914839 -0.0175764 -0.00412645 -0.00515847 0.0106617 0.0180318 -0.0153046 0.00927358 -0.0188167 0.0203128 0.0286532 -0.0106638 -0.0228627 -0.00731978 -0.0262156 -0.0110614 -0.00879962 -0.00338472 0.00827565 -0.0207374 0.00306805 -0.000393984 -0.0135527 0.0269736 0.0141736 0.031243 -0.00398139 -0.0257871 0.0081547 -0.0108278 0.0115011 0.00460193 
0.00137775 0.0160185 -0.0199058 -0.0102556 0.0347257 -0.0023672 0.00392449 0.011533 0.00545226 -0.00728095 0.0100415 -0.00783016 -0.0168211 -0.00563878 0.0349286 0.0065741 0.02171 -0.0284883 0.00979866 -0.0224742 0.0109477 -0.0184649 -0.0161356 -0.0137331 -0.00844075 0.0271505 -0.0172153 0.0148811 -0.0125426 -0.00628587 -0.0139576 0.00394767 -0.0359214 0.0171241 0.0386701 0.0224124 -0.0107712 0.0149498 -0.015898 -0.0217406 -0.0005946 0.00855119 -0.00166687 0.0122909 -0.0183731 0.0198014 0.00567339 0.00927221 -0.0153492 -0.00276677 0.0295381 -0.00322896 0.00582808 -0.00718634 -0.0131763 0.0205923 -0.00869693 -0.00440218 -0.0228559 0.0194169 0.0288274 -0.00907161 -0.00329275 0.010607 
-0.0196986 -0.0566704 0.022678 -0.0254958 0.00095152 -0.0124704 -0.0186229 -0.00179605 -0.00176047 -0.0116493 0.0120959 0.00473853 -0.00618219 -0.0279621 -0.0221908 -0.023735 -0.0121473 0.014384 -0.0115922 0.0329988 -0.0171654 -0.0355431 -0.0158149 0.00704582 0.0294181 0.0103166 0.00899565 -0.00381407 0.0161604 0.0225989 0.00383443 0.0504987 -0.011367 -0.0316376 0.0303691 -0.00651677 -0.00117491 -0.00363348 0.0268849 0.022536 -0.00439703 -0.0299982 -0.00661031 -0.0144456 -0.00365505 0.00729061 0.0201665 -0.0106877 0.0135246 -0.00166291 -0.00156448 -0.00132711 0.00288183 -0.00670721 -0.0229996 -0.0115784 0.00532766 -0.00845088 0.00655437 0.0113336 -0.0236988 0.00458827 -0.0684419 -0.0236262 
-0.0143774 0.0129881 0.0147397 -0.0167747 0.0147297 0.014709 -0.0138086 -0.016027 -0.0217002 -0.0208074 0.00296038 0.0086732 -0.00229558 0.0198705 0.0329895 -0.0295265 0.0155402 -0.0118424 -0.00435197 -0.0106864 -0.00750549 0.0214474 0.0153785 -0.00943178 -0.00445271 0.0216556 0.0149299 0.00237828 -0.00414458 0.00917374 0.00906823 0.0107186 -0.00145538 0.0409043 0.00728346 0.0157804 0.00388427 -0.0106523 -0.00400148 0.013644 0.0130492 0.0268561 -0.0382973 0.0172484 -0.0128326 0.00706605 0.00431705 -0.02026 0.00841656 -0.0041396 0.0166266 -0.0273541 0.00213348 -0.0143244 -0.0136631 -0.0163459 -0.0123492 -0.00752378 -0.00297153 -9.19274e-05 0.00887098 0.00144703 0.00395278 -0.00489659 
-0.00826336 0.0111171 -0.017146 -0.0180714 -0.0004165 -0.00414948 -0.0173252 -0.00349213 0.0153542 0.00449538 -0.00313205 0.0150377 -0.029633 0.0448208 0.00189762 -0.00457735 -0.0727471 0.00452167 0.0328698 0.000261455 0.0321363 -0.00278601 0.00118716 0.0048272 0.0480557 0.0266862 -0.0129644 -0.0137291 0.035347 0.00419655 -0.00937533 -0.0033825 0.00793845 0.0020728 0.000580847 -0.00465368 0.00798626 0.00400929 -0.013636 -0.00409029 0.0194017 0.0335764 -0.0179038 0.00391881 -0.00764494 0.00758723 -0.0204099 0.00179279 -0.0451876 0.00018649 0.00543602 0.0189225 -0.01771 -0.0218292 -0.00156922 -0.0167501 -0.015801 -0.00870781 -0.0396055 -0.0178277 -0.0351558 -0.0552114 0.0348144 0.0109088 
-0.0134322 -0.0111996 -0.0112829 0.00817553 -0.0109465 0.0177158 0.00828643 -0.0212292 0.017219 -0.004986 -0.0187331 0.0160695 -0.0112767 0.00517882 0.00880813 -0.0410703 0.0108913 0.00342311 0.02126 -0.00508927 -0.000156135 0.0140233 -0.0199289 -0.0213176 -0.00241302 -0.0211149 -0.0223672 -0.00377271 0.00987369 0.0179954 0.00305009 -0.0211185 -0.00970608 -0.00924349 0.0123731 0.00386552 0.00998817 -0.020518 -0.0189306 -0.00442302 -0.0375661 0.00637006 -0.0114139 -0.0344339 -0.0154836 -0.0196258 0.0118984 -0.0247515 -0.0133001 -0.0115025 0.0112776 0.00698154 0.00717881 0.0194358 -0.0307092 0.0024892 -0.0327101 0.0125452 -0.0120711 -1.99743e-05 0.008568 0.024036 -0.00251659 -0.0118485 
-0.0229177 -0.00706836 -0.0285944 -0.0254711 0.010196 0.0227768 0.00198132 0.0149112 0.0115366 -0.0145216 0.0244254 0.00381853 -0.0107735 -0.010937 -0.00976056 0.015876 -0.0212618 -0.0183373 -0.00595181 0.0198548 0.0199089 -0.0255015 -0.0197157 0.0134196 0.0171779 0.00584636 0.0212001 -0.00202392 -0.0029466 0.0195737 0.000866376 0.00363209 0.0338707 -0.0034127 -0.0163943 -0.0122685 0.0496078 0.0169202 0.0048407 -0.00455204 0.00839179 -0.0472766 0.000799604 -0.00886763 -0.0195314 -0.00117619 0.0320709 -0.0172865 0.0191461 0.00739794 -0.0211316 -0.00229061 -0.0149229 0.0118906 0.0010867 -0.0212265 0.0303627 0.00494446 0.00477331 -0.00108608 -0.0105069 -0.0214417 0.0344927 0.00279608 
0.0115 0.0369688 -0.00810208 0.0258251 -0.0415065 0.0116157 0.00094081 0.00954592 -0.00590158 -0.01791 -0.0113061 0.00423902 0.0187324 -0.0259845 -0.0148492 -0.0162515 0.0237174 -0.00930046 0.0194717 0.0203616 0.0393656 0.00909583 0.0230786 -0.0227452 -0.0166101 0.0164315 -0.0312133 -0.0169549 0.0244925 -0.0016249 -0.00843698 0.0332254 -0.0146507 -0.0102649 0.00685559 -0.000747625 0.0123421 0.026955 -0.0282073 -0.0188483 -0.0139813 0.0163971 -0.0129125 -0.0158451 -0.0434123 -0.0107039 0.0256232 -0.0142311 -0.00088234 0.0047334 -0.00864109 0.037145 -0.0102686 -0.0099619 -0.000918213 0.0167753 0.00935797 0.00921129 -0.0197738 -0.0261472 -0.019239 -0.00887806 -0.0346984 0.00669663 
0.00758484 -0.0544734 -0.0249492 -0.00335598 -0.0133223 -0.00606867 0.0198724 -0.0376303 0.0118433 0.0258848 -0.0173197 0.0216991 -0.00983241 0.0121351 -0.023411 -0.0281867 0.00170119 -0.0115491 0.0143185 -0.00282568 -0.00457336 -0.0095119 0.00391764 0.0245727 0.00979551 0.00194765 0.0186462 0.0346047 -0.01302 -0.0198393 0.0011648 -0.0174184 -0.015072 0.000591199 0.00810543 0.00175108 -0.0242938 0.0142267 -0.00378772 0.00729836 -0.0162952 -0.0561591 0.0196021 0.00371749 0.00492708 0.0305829 -0.0226588 0.0108368 0.00923198 0.006142 0.0138462 -0.0232505 0.0139457 -0.0379844 0.00769959 -0.0311861 0.04962 0.00222545 0.0193692 0.0334962 -0.0212448 0.0425016 0.0204593 0.00717783 
0.0144983 0.012053 0.0296066 0.00873831 -0.00489722 -0.000737874 -0.000116251 0.00620234 -0.0267508 -0.0318242 0.00160503 0.011311 0.0187354 0.0143567 0.00979226 -0.0150511 0.0167692 0.00326768 0.0134093 -0.023588 -0.0324922 -0.0136413 0.0306167 0.00164871 -0.0129705 -0.00226273 -0.0475229 0.00634417 0.00328333 0.00451215 0.0116662 -0.00400282 -0.0107759 -0.0344783 0.0127386 -0.0189854 0.00608838 0.00192988 0.0115347 -0.0220008 0.0452265 -0.0336252 -0.00678502 0.0331394 -0.0069779 0.0150685 0.00114086 0.0161569 -0.0523223 -0.014702 -0.0365694 -0.00115982 0.00834024 -0.01005 0.0071347 -0.000372826 -0.0178311 0.00612889 0.0189932 -0.00666424 -0.0111632 0.00962478 0.0172064 0.00366906 
0.0176383 0.0169054 0.0519346 0.00867483 0.00583862 -0.0135185 -0.00298114 0.0267546 -0.00925402 0.00341298 -0.015577 0.00490744 0.0245635 0.0308348 0.0456279 0.0319906 0.0260398 -0.00120587 0.0129794 0.0133614 -0.00705189 0.00389915 -0.0109574 0.0107553 0.031352 -0.0350204 0.033037 0.000157279 -0.0132715 -0.0146445 0.0357872 0.00179965 -0.0298029 0.000715892 -0.000982969 0.0134043 0.00206277 -0.0197804 0.0200588 -0.035737 -0.0396248 0.0174583 -0.00780071 0.00498334 0.0140875 0.005513 0.00323658 -0.000993036 0.0301177 0.000744652 0.0104325 0.0191133 -0.0104851 -0.00652931 -7.72262e-05 0.0256177 -0.0136979 -0.00583508 -0.0145061 0.0232382 0.0319647 0.0326279 0.0149849 0.0407358 
0.0143718 0.0399737 0.0164446 -2.24089e-05 0.00534036 -0.0275342 0.036569 -0.0219567 0.0089783 -0.0223658 -0.0117353 -0.0224434 0.0162787 -0.0280476 -0.0243939 0.00611877 -0.000300743 -0.00463113 0.00611121 0.00214376 0.00825386 -0.00130022 0.00951239 0.0264554 0.0372712 0.0161028 -0.0299766 -0.0205266 -0.0142194 0.049365 0.00430466 -0.00523713 0.00828134 0.00798955 -0.0198092 -0.0168177 -0.0344407 -0.0421769 0.0100281 -0.0138384 -0.00739122 -0.0129473 -0.00828185 -0.00434723 -0.00638084 -0.0159312 0.00508614 -0.00549739 0.0217697 0.0076158 0.0346 -0.00886222 0.00966464 -0.012945 0.0118944 -0.0315204 -0.0226817 0.0167334 -0.000847763 0.0158783 0.0144034 -0.0171485 -0.00589035 0.0218755 
0.0119681 0.00525758 -0.033028 -0.013248 0.0303317 -0.00587728 -0.034341 -0.00350047 -0.0043627 -0.00787432 0.0202575 -0.0220122 0.00858052 0.0154189 -0.00503453 0.0105941 0.0105873 0.00310071 -0.0038436 -0.025914 -0.00502084 0.0343792 -0.00669739 -0.00982204 0.0104111 -0.00344372 -0.00732294 -0.0229905 0.0133037 -0.00837668 -0.0249069 0.00751223 0.0527616 0.0192679 -0.027785 -0.0197417 0.0271986 -0.00554945 0.0184005 0.00246718 -0.0296835 0.0148131 -0.0311959 -0.0354001 -0.0178404 0.0150315 0.00518801 -0.00662298 0.0182867 -0.023485 -0.0178004 0.00546469 0.00842488 0.00328278 0.00192953 -0.00625737 -0.0329329 0.00872508 -0.00869611 -0.0220484 0.00694009 0.0146961 0.0114557 -0.00262355 
-0.0231521 0.0188365 0.0322516 0.0336765 0.0324243 0.00693475 -0.0257012 -0.00988773 -0.0123299 -0.0498629 0.0195969 0.0214031 0.00413724 0.0331898 -0.00410016 0.0184877 0.0111897 0.000750087 0.0435398 0.00415572 -0.00425631 0.0249637 -0.00709673 -0.0143465 -0.0127646 -0.00208657 0.034634 -0.00705009 -0.0290899 -0.0104506 0.0217557 -0.0281074 0.00934639 -0.0204976 -0.0333127 -0.0325105 -0.0303237 0.0311289 -0.000101476 0.0230052 0.00067719 0.0112287 -0.0329842 -0.00706804 0.0252336 -0.00729949 0.00406711 0.00738942 -0.00683794 0.0107884 0.00209482 0.00890272 0.00192628 -0.0067206 0.0227723 -0.00286348 0.0399476 -0.0345127 -0.0117987 0.00533198 0.0136336 -0.00443369 -0.0122852 0.00562674 
0.00638303 0.0350134 -0.0105865 0.0239373 -0.00623698 -0.0322661 -0.00892495 -0.0181479 -0.00184433 -0.00547569 0.012689 -0.00109284 -0.00670822 -0.0146253 0.00949836 0.0112221 -0.0292115 -0.00384318 -0.0256332 0.0321221 -0.0191405 0.0138032 -0.0239428 -0.0191017 0.00906793 -0.0133506 0.0310627 0.00298461 -0.0408267 -0.0298479 -0.0026686 -0.0151513 0.0187629 0.0142863 0.0177327 -0.0388884 -0.00263584 0.0511522 -0.00159081 0.0251802 0.0120628 -0.013533 0.00862995 -0.00651491 -0.00885902 -0.0394565 -0.0410783 0.00567102 0.0361713 0.00301804 -0.0215388 0.00065473 0.042423 -0.00724558 0.0092178 -0.0274817 -0.0104315 -0.0300728 -0.011126 0.016215 0.00261158 -0.000636947 -0.00647779 -0.0599132 
0.00329269 -0.00421798 -0.0105228 -0.0118692 -0.0189962 -0.0148267 -0.0216283 0.00101896 0.0385801 0.00407964 0.00595636 -0.00339335 -0.00109033 0.00592113 0.00367126 0.0395749 -0.0293292 0.0173495 -0.0279631 -0.00862709 -0.00787 -0.00926485 -0.00908809 -0.0261087 -0.0173623 0.0224959 0.00689715 0.00782829 0.0204426 -0.00868005 0.0036735 -0.0027288 0.0085572 -0.0386849 0.0155074 -0.0132604 0.0387785 0.00655465 0.0391483 0.0155957 0.000804439 -0.00707844 -0.0169478 -0.0173831 0.0171517 0.0394439 0.016554 -0.00307311 -0.0193398 0.00194522 -0.0324141 -0.0267148 -0.00417999 -0.0220358 0.011481 -0.017507 0.00173271 0.0341262 0.0233022 0.00473685 0.0174585 -0.0454088 -0.0336927 -0.0110414 
0.0091231 0.00507696 -0.00850414 -0.00319598 0.0141721 -0.021597 0.0121923 -0.00395224 -0.00267044 -0.0265833 -0.01743 0.0122749 0.0249687 -0.0312219 -0.00445692 -0.000561735 -0.0223542 -0.00183125 0.0381992 0.0141521 -0.0279315 0.00112453 -0.0176544 -0.00955582 -0.0164522 0.00559571 -0.0131085 -0.0286309 0.0286624 -0.0116333 0.0151702 -0.00967866 -0.0182608 0.00693012 -0.00811769 0.0106261 -0.0167802 0.0121472 -0.0267081 0.0443746 0.00751875 0.0254461 -0.0182161 0.0103847 -0.0158352 0.0269684 0.0419855 0.018957 -0.00368067 -0.0133227 -0.000334282 0.0271895 -0.00346462 0.0194601 -0.00485177 -0.00208731 0.0210572 0.0117937 0.0282254 0.0161689 -0.0134431 -0.0208679 0.0116558 -0.00855359 
0.0121766 0.000177589 -0.0510635 0.0287728 0.0192978 0.0004072 -0.00136454 0.0164987 0.0143679 -0.0112194 0.01878 -0.00452087 -0.00975052 -0.0217799 0.023053 0.0656084 -0.00801955 -0.000609494 0.00756041 0.00396996 0.00798205 0.0266594 -0.0321835 -0.00678155 -0.0316422 -0.0106489 -0.0155187 0.0186703 -0.0109826 0.000687582 -0.0264943 -0.0343918 -0.0320718 -0.000272882 -0.0318011 -0.0131003 -0.000175242 0.0177333 0.0165533 0.0417453 -0.0240863 -0.0121065 -0.0172686 0.0268931 0.0291065 0.00809982 -0.0150881 -0.00827291 0.00386684 -0.0109705 0.0158396 0.00439376 0.00226452 -0.0118055 0.00795663 -0.0030772 -0.0172195 0.000342862 -0.00777891 -0.00239801 -0.00313041 0.0202732 -0.0168453 -0.0174448 
-0.000600442 0.0462959 -0.000831087 0.0191788 -0.00308307 -0.0140608 0.00531166 0.0175746 -0.0011341 -0.0172379 0.0339127 -0.00464586 0.0131875 0.0139635 0.0114275 0.0355708 0.0164887 -0.0375368 -0.0073668 -0.0169197 0.00328976 -0.0195226 0.0071068 -0.0187015 -0.00507122 -0.00595586 0.000691984 -0.0250694 0.0263407 0.0186311 -0.0235723 -0.0200532 0.0302648 0.0147295 -0.00474597 0.00555492 -0.015894 0.000962417 0.00598648 0.00541355 -0.00617402 0.00903458 -0.0473982 -0.0118617 0.0270106 0.0286304 0.015843 -0.0181319 0.0121067 0.0096527 -0.0234338 -0.00979109 -0.025864 -0.0115061 0.0159474 0.00682457 -0.0414317 0.00561507 0.00247933 -0.0347837 0.0133393 0.0512443 0.0096621 -0.0207771 
-0.0087358 0.00322431 0.0291979 -0.00060548 -0.00113604 0.0147686 0.00274151 0.000351725 -0.00763995 -0.00328709 0.00650548 -0.0264584 0.026745 -0.019682 -0.00782302 -0.0141154 0.0425719 -0.0343515 -0.00572685 -0.0136912 -0.00170916 0.0154425 0.00452701 0.00961567 0.0222495 -0.0113433 0.00756908 0.0216121 -0.0019336 -0.00440194 -0.00430439 -0.0205394 -0.0345858 0.0258503 0.0396394 -0.0148174 -0.0188573 0.0187833 -0.0143217 0.0211627 -0.00137984 0.0147393 0.011032 -0.0224802 -0.00896087 -0.024209 -0.0131032 -0.0249446 0.000225668 0.00256872 0.0100062 0.0326952 -0.0126542 0.014298 -0.0615251 -0.0354521 0.0210376 0.0136881 0.022896 0.00228666 0.00568592 -0.0113027 0.00624844 -0.00356836 
0.0247703 -0.00362214 0.0228782 -0.000136418 0.0239013 -0.0334291 -0.00944206 0.0444458 -0.00311359 0.00627354 -0.0352148 0.0303915 -0.00297986 0.0312077 -0.0290264 0.0037132 -0.00333705 -0.0211047 0.016019 0.0213289 -0.0209926 0.00238284 -0.0665099 0.0447171 0.0302831 0.000665011 0.00218599 -0.00788043 0.0572822 -0.0156869 0.000468505 0.0107886 -0.0345885 0.0259035 -0.0167065 0.0237043 0.0201846 0.000575276 0.0163963 -0.0678408 0.0124516 0.0259537 -0.019673 0.00405956 -0.0150827 0.00256915 0.00794939 0.00262705 -0.0517642 0.0061681 0.015656 0.00194072 -0.00771101 0.0180575 0.0225246 -0.0219338 -0.0223165 -0.0133761 -0.0292363 0.0136947 -0.0178987 -0.0220984 -0.0102524 0.000816818 
0.00432829 0.00910129 -0.0289862 0.0250124 -0.0328886 0.0313463 0.0176049 -0.00293908 0.00898584 2.85324e-05 -0.0215761 0.022306 0.00805743 -0.00126355 0.0125075 -0.0130222 0.00131993 -0.0135712 -0.0110662 -0.0134594 0.0114275 -0.0199462 -0.00240238 -0.029259 0.0108501 -0.011323 0.0194634 -0.00310347 0.0124668 -0.00686372 -0.0114301 0.00748238 0.00752531 0.00521723 -0.0106162 0.0111139 -0.00571724 0.019449 -0.00449116 0.00755192 0.0111594 -0.0142297 0.00357682 0.0156434 -0.0391445 -0.00288343 -0.0175331 -0.00280549 -0.0209629 0.00505452 0.00136028 -0.0206727 0.0137815 -0.00660768 -0.0251479 -0.0128708 0.0163613 0.023648 0.0287878 -0.0446534 0.012042 0.031362 0.00727133 0.00806701 
-0.0250079 -0.0170054 -0.00808271 0.04958 -0.0295059 -0.00609917 0.050877 0.0201446 0.032104 -0.0320461 0.023843 -0.00779928 -0.0411625 -0.00844405 -0.00750624 -0.00641611 0.00129796 0.0126409 -0.0111219 -0.0247924 0.0190856 -0.00359187 -0.0414553 -0.0331048 0.00789776 0.021985 0.0245831 -0.0164251 -0.027458 0.0212501 -0.0141784 0.0151747 -0.0449529 -0.0192625 -0.0135912 -0.018659 0.000112639 0.00164548 0.00530266 0.0142378 0.0179368 0.00885643 -0.0148007 0.0117862 -0.0155546 -0.00260649 0.00225425 0.00760532 0.00674185 -0.00691389 0.00134091 0.00284823 0.0237086 -0.0424136 -0.0186276 -0.00803425 -0.00285466 -0.0160905 -0.0339762 -0.0221667 0.0259721 0.0213675 -0.00944544 0.00147996 
-0.0258545 0.00185337 -0.0222379 0.00560292 0.0149022 0.0336679 -0.00516413 -0.00923396 0.0101757 0.0222422 -0.0243807 -0.00100861 0.0068152 -0.00690465 0.00669949 0.0423876 0.00288069 -0.03872 0.0211459 -0.0175972 -0.0148664 0.00235799 0.00878989 0.0154904 0.0214358 0.0148415 -0.0346814 -0.0366276 0.0101544 0.0221332 0.0229099 0.00884966 0.00466875 -0.0280304 -0.00863789 0.00851468 0.0158171 0.014122 -0.0130233 -0.0132612 -0.00830416 -0.0204753 0.0273459 0.00596184 0.0254211 0.00537038 0.00637924 0.0175813 0.0333064 0.0178075 0.0184297 -0.0302356 -0.0415032 -0.0106274 0.0338958 -0.0332032 0.00916551 0.0224566 0.0279379 -0.0102568 -0.0501537 0.0141606 0.0199454 -0.0144181 
-0.0264066 0.0255516 0.00106745 0.0196628 0.0452801 -0.0108949 -0.0199776 -0.0388069 -0.00471674 0.0092081 0.029567 0.0155841 0.0348987 -0.000127244 -0.0226395 -0.00965839 0.00158909 -0.00136775 -0.0139575 -0.0203878 -0.0248855 -0.00876806 0.0225944 0.00272038 0.0480107 -0.00505907 0.00550409 -0.0195501 -0.0298982 -0.0101403 0.0116014 -0.00941423 -0.0138404 0.00850731 -0.0181798 -0.0139875 -0.00735235 0.00838532 0.00120045 -0.0318098 -0.0169295 0.0317304 -0.0415891 -0.0393096 0.00925485 -0.00525955 0.0180985 0.0144638 0.0158514 0.0183111 0.00264663 0.000749135 0.0198461 0.0315829 0.0308371 0.0126161 -0.022264 0.00331163 -0.0187359 0.0213459 0.0216177 0.00330287 0.0178453 -0.0406126 
0.0597217 0.0295866 0.000713827 0.0458887 0.0119481 -0.0141874 0.00725821 -0.00916429 -0.0279236 0.00354151 0.00210257 0.0262348 0.00879037 0.0427733 -0.0277438 0.00287354 -0.00197297 -0.00021951 0.00238911 -0.0180312 0.0110853 0.00730051 -0.015571 -0.0150048 -0.00716397 0.0158313 5.65557e-05 2.28209e-05 -0.0117174 -0.000500791 -0.0178896 -0.00487883 0.0119384 0.0136395 -0.00236365 0.00935142 -0.0021245 0.0363718 -0.0220404 0.0207139 -0.000774714 0.00790684 0.0361447 -0.0099516 -0.00311906 -0.00183324 -0.00203839 0.0157304 0.021475 0.00344454 -0.00171951 0.00204247 0.00476729 -0.0143751 0.000483618 -0.0175109 0.0212218 0.00280943 -0.0130833 -0.0168807 -0.00720532 0.0170688 0.00607381 -0.0279347 
0.00141316 0.0121163 0.00664915 0.00898494 -7.59366e-05 0.0324754 0.0414901 0.00428609 0.0145772 0.0294194 -0.0279823 -0.0175149 -0.00544138 0.01787 -0.0143176 -0.00533056 -0.00990149 -0.0210928 -0.00493847 -0.00964363 0.0288144 -0.033992 -0.0129769 0.037092 0.00894365 -0.00762235 -0.00648861 -0.0128573 -0.0233129 0.019831 0.0135946 0.0176211 0.0183103 0.017035 0.0220992 0.0140641 -0.00319642 0.0134634 -0.0147402 -0.0161156 0.016505 0.00597272 0.00768628 -0.00373784 0.00656633 -0.00501376 0.00570733 -0.0156018 -0.027071 -0.00438194 0.0112765 -0.0127274 0.0319468 -0.0253774 -0.00994014 0.0142777 -0.0107169 -0.0166666 0.0272266 0.0328851 -0.0148294 0.0221474 0.00221891 -0.00506559 
-0.00723753 -0.0299051 0.000407365 0.0198541 -0.0204889 -0.00185177 0.00358994 -0.0286403 -0.01144 -0.012594 0.00139759 -0.0188917 0.0331533 0.0194296 0.00241672 0.0203421 0.00645693 0.0126703 0.0021252 0.0221475 -0.0136092 -0.00449977 -0.0140059 0.00109462 -0.0230011 0.0215827 0.00572669 -0.00432822 -0.0071933 0.00452749 0.00306447 -0.000519034 -0.022695 0.0182268 0.011984 0.030287 0.00790671 -0.0369477 -0.00260879 -0.0186389 0.014563 0.0183598 -0.0181914 -0.01117 0.0171249 0.0253084 -0.00505918 0.0258788 0.0268368 -0.0229781 -0.0111468 -0.0176039 0.00112004 0.0212159 -0.00098754 -0.0344449 -0.0114646 0.00925016 -0.0225753 0.0072854 -0.0139846 0.0172675 0.0264098 -0.0265139 
-0.019821 -0.0156045 0.0261309 -0.011675 0.0306275 0.0266277 0.010144 0.0100327 -0.0047185 -0.0104333 0.0234663 0.0209076 0.0276419 0.0159793 -0.00418731 0.0118333 0.0067741 0.019556 -0.0430923 0.0101054 0.00155677 0.0287797 -0.00440165 0.00368587 -0.0115235 0.0350167 -0.0154508 -0.0219012 0.020223 -0.0336778 0.00218191 0.0224863 -0.0387666 -0.00661721 -0.012532 -0.0101146 0.0312772 0.00269442 -0.0357183 -0.00896735 -0.00946539 -0.0046265 0.0148245 -0.00472407 -0.001228 -0.0253613 0.0117801 -0.056022 -0.0126436 0.0215044 0.00592516 0.00539037 0.00479249 0.0428104 -0.0137376 -0.0209734 -0.000789553 0.0298523 0.0231807 0.0316636 0.00888485 0.0162457 -0.0104399 0.00781827 
-0.013657 0.0105268 0.0180628 0.00974951 -0.0419333 -0.0465447 -0.00619003 -0.0193796 0.0117761 0.00937215 0.0186979 -0.00117443 -0.0240442 -0.00642076 0.0263792 -0.0119009 -0.00121483 0.00533093 0.00449964 0.0486403 0.0219674 -0.0168676 0.0334153 -0.0135982 -0.00788885 -0.0163445 0.000134248 -0.0120105 -0.0283535 -0.015494 -0.0226898 -0.0413642 0.0229742 0.0274182 -0.0037431 -0.0146983 -0.0347929 0.0289059 -0.0355214 0.00323957 0.00278038 0.0107925 0.0109808 0.00189572 -0.0270539 0.00317069 -0.0153568 0.0309862 0.0336584 0.0103061 0.0108837 -0.0144067 -0.0170337 -0.0214377 -7.60607e-05 -0.00435932 0.00890312 -0.0453868 0.0210353 -0.0303417 0.0183383 0.00607249 0.00550052 0.0362046 
0.0163474 -0.0153298 0.0170704 -0.0104614 -0.00191047 0.0110508 0.0256033 -0.0161218 -0.0257308 -0.0494258 -0.000740645 -0.0383859 -0.00286536 0.0217861 -0.0227382 -0.0287724 0.0169409 0.0399026 -0.0518168 0.00380749 -0.0186049 -0.0243852 -0.0389459 -0.000566922 0.0155192 0.00524167 -0.00681133 -0.0141506 0.00999774 -0.000263108 -0.015489 0.00850657 -0.0248563 -0.0214254 -0.022713 -0.00174282 -0.0302006 -0.0368186 -0.0174841 0.00302344 -0.00706006 -0.0134067 0.0110349 0.0142876 -0.0231339 0.0195521 0.0286654 0.0270273 0.0153004 0.0118278 -0.0289164 -0.00255972 -0.00449733 0.00670216 -0.0279766 0.0464285 -0.0330046 -0.00826701 0.0458231 -0.0303044 0.0528326 -0.000915963 0.0182761 0.0120894 
0.0153994 0.0163637 0.0278638 0.0320466 0.0226624 -0.00356736 -0.00553117 -0.0157222 -0.00624763 -0.00289881 -0.002137 0.00540908 0.0190808 -0.0324297 -0.00620359 0.00761582 -0.0103879 0.0153353 0.00715917 -0.0263006 -0.0171378 0.0316319 0.0218158 -0.000126196 0.0155602 -0.0221433 0.0338113 -0.0101536 -0.0227702 0.0269431 0.00542803 0.0116395 0.0131092 -0.0242854 0.0465596 0.0382642 -0.0542392 0.0040797 -0.00462889 -0.021933 -0.024008 -0.0357258 -0.00637101 -0.0155065 -0.00614687 0.00205786 0.0288857 -0.0110057 -0.00680969 0.00345767 0.0147339 0.00622744 0.0172936 -0.00879486 -0.045929 0.028114 -0.0123085 0.00187975 -0.00261277 0.0408541 -0.00814969 0.0356629 0.0236966 -0.0139113 
0.0470144 -0.0170946 -0.0173918 -0.0225809 -0.0285211 -0.011197 0.000809658 -0.0371052 -0.00280579 -0.0157022 0.0177796 0.00108072 -0.000859921 -0.0463162 0.0175877 0.00141181 -0.0084396 0.009748 -0.00176665 0.04049 -0.0163297 0.025975 -0.00834829 -0.0189139 -0.000185377 0.034772 -0.012993 0.0165905 0.0351165 -0.0135892 0.0294957 0.00299109 -0.0293374 0.0146477 -0.016155 0.00434412 0.019764 0.0333371 -0.0172387 0.0184954 -0.0117811 0.00820864 0.0113166 0.0171754 -0.00679014 0.00590793 0.0279313 -0.0346054 0.0133279 -0.00391049 -0.02503 0.0170072 -0.0253727 -0.00130213 0.00565847 0.00457346 -0.0209381 0.00707702 -0.000578044 0.0132324 -0.0292961 -0.0204649 0.00211008 0.00223099 
-0.0227689 0.0212198 -0.0322112 -0.00192051 -0.0139679 0.025967 0.0177402 -0.00748215 -0.0282947 -0.0053044 0.00343292 0.0245144 0.00531837 -0.0291178 -0.0161335 0.0286536 -0.0298882 -0.0474369 -0.00923825 0.00879884 -0.0144026 0.00175704 -0.00405054 -0.00901581 -0.0176149 0.00931818 -0.0105052 -0.00667907 -0.00264247 -0.0161417 0.000570614 0.00110273 0.00227783 -0.00192949 -0.0013716 0.0334335 0.0268102 -0.00887304 0.0136101 0.0298528 -0.0121332 -0.00966641 0.00362559 -0.0193881 -0.0245382 -0.0226133 -0.0245637 0.00567869 0.00640201 -0.0247093 -0.00888963 -0.0333119 -0.00634785 0.0237306 0.0108747 0.00621951 0.0133248 0.0089123 -0.0373365 0.0119746 -0.00645538 -0.00805716 -0.00191337 0.00839862 
-0.00528606 0.000532394 -0.0214626 0.0135743 -0.00108196 -0.025929 -0.00868207 -0.00241474 -0.0163005 0.0472098 -0.0197947 0.024917 -0.0128891 0.000739365 0.00439982 -0.00676595 0.0442756 -0.0213537 -0.0184695 -0.0139122 0.00302105 -0.0147205 0.0113035 0.0445004 -0.0127229 -0.0142776 0.0190839 0.0270748 0.00859904 0.00118308 -0.0303072 0.00432312 -0.0136832 0.00475417 0.0118375 -0.0181056 -0.0294308 -0.0153561 0.00239234 0.0101607 0.0304401 0.0035991 -0.0149594 0.0127013 -0.00818466 0.00479928 -0.00994844 -0.0385217 -0.00429652 -0.00545945 -0.0128528 0.00110941 -0.0108992 -0.0256303 -0.00344625 -0.0315172 -0.00817692 0.0414614 0.0229303 -0.00713796 -0.0407456 -0.0116982 0.0309957 -0.0281887 
-0.00965175 -0.0135898 -0.0131815 -0.0163748 -0.0156048 0.016826 -0.0101443 0.00580799 -0.0391098 -0.0103142 0.00564959 0.0191489 0.0161331 0.00997535 -0.0163268 -0.035248 -0.0178473 0.000401784 0.0237938 -0.0231172 0.020053 -0.0112916 -0.00778587 0.0142026 0.0408437 0.016472 0.0197567 0.0077882 -0.0423423 -0.0168453 0.0113978 -0.00793629 -0.00434138 0.0228417 -0.00705011 -0.0283088 -0.0150637 -0.031168 0.010939 0.0261738 0.0205385 -0.0146504 9.97827e-05 -0.00631094 0.00599628 0.0428512 -0.0129559 -0.0125812 -0.00855466 -0.00578383 0.0151233 -0.00383387 0.0254922 0.0274657 -0.0152212 0.0389927 -0.004187 0.0176355 0.00213671 -0.0258709 0.0277391 0.000696766 -0.0043417 0.0112611 
0.0286477 -0.00262412 -0.0158603 0.0070423 -0.00725844 0.0131218 -0.0258315 0.00853072 -0.0146303 0.0215572 0.00954112 -0.0165855 9.22059e-05 0.00299567 0.0219362 0.0357021 -0.0184108 -0.00628563 0.00391227 -0.0433455 -0.0231033 0.0199178 0.0285823 -0.000393344 0.0198649 0.00736697 -0.0347161 0.00795809 0.000686431 0.00512226 -0.00280625 -0.0118863 -0.0109176 0.0108619 0.0210604 0.0153657 0.0122679 -0.0101304 0.0337689 0.032011 0.00631633 0.0113673 -0.020149 -0.00642766 0.0181338 -0.0012678 -0.0129141 -0.0232738 0.0185218 0.0376722 -0.00271381 0.000626925 0.0261595 -0.0292224 0.0226007 -0.00865356 -0.0105069 0.00395469 0.0104925 -0.00689015 -0.0456639 -0.02742 0.00686155 0.0234702 
-0.0346864 -0.00744958 -0.0312238 -0.016741 -0.0270547 0.00782941 -0.0253316 0.00948238 -0.0324205 -0.0224646 -0.0199255 -0.0014703 0.02186 -0.00610806 -0.0178321 -0.0397404 -0.000343502 -0.00170637 0.0323092 -0.0422405 0.00916634 -0.01963 -0.0170599 -0.0137393 0.0482188 0.0625478 0.0243286 0.0182082 0.00234598 -0.0323667 -0.00480972 0.0186203 -0.0108851 0.00802127 0.0327961 -0.00495252 -0.0123039 0.00313116 0.0137635 -0.0144029 -0.0442863 -0.000408839 -0.013462 -0.011888 -0.0119691 -0.0299306 0.0226748 0.0222145 0.016675 -0.00873736 -0.00984419 0.0394212 0.0181818 0.00989904 -0.0203423 -0.0167202 -0.0135943 0.0282131 0.0029059 -0.00214075 0.000472574 -0.00387979 0.000720142 0.00640918 
0.044694 0.00592524 -0.023888 -0.0205688 0.0101868 0.0293237 0.0163854 -0.0216664 0.00348579 -0.00219973 0.0209366 -0.00471631 -0.0275891 -0.00592385 0.0190205 0.024984 0.0164697 0.00209077 -0.0224108 -0.0189041 -0.0182804 -0.000660762 -0.0148362 -0.0346896 0.0107269 0.00307227 -0.0023063 -0.00782961 -0.0172576 -0.00814716 0.000489293 0.038836 -0.0460476 -0.00677853 -0.000848118 0.016854 -0.0214714 0.00961201 0.0107817 0.0115628 0.027314 0.0186492 0.00702194 -0.000633112 -0.000875357 0.0394113 0.00310697 0.000576809 0.00128902 0.00976691 -0.0408429 0.0221092 0.00967724 -0.00282174 -0.0351386 0.0099634 0.00219054 -0.00766193 -0.00679025 0.00726185 -0.00381777 -0.0437571 -0.0325154 -0.000508104 
0.00356714 -0.015261 -0.0379399 -0.0024718 -0.0197645 0.0198886 -0.02861 0.0185367 -0.0354175 0.0338471 -0.00131625 0.00337183 0.00852641 0.00879788 0.0279387 -0.00513544 0.00923624 -0.00471186 -0.0282536 0.00991022 -0.00898199 0.0190507 0.00849957 0.038004 -0.000802271 0.0106059 0.0144474 -0.00285098 0.00116979 -0.0261735 0.00292756 -0.02205 -0.0262541 0.000202758 0.0121216 0.0049665 -0.0138632 0.00421173 -0.0089865 0.015053 -0.0266635 0.0170389 0.00677668 -0.031455 0.0194705 0.0228489 0.0186691 -0.00317658 0.0211055 -0.0141147 -0.00195639 0.0242317 0.0201647 0.00592249 -0.00856292 0.0532743 0.00382129 -0.0146582 -0.00902123 0.0280166 -0.000436598 -0.00860976 -0.00934071 0.0152586 
0.0143381 0.0209586 0.0339668 0.00582559 -0.00308325 0.00921614 -0.0526577 -0.0248613 -0.0109503 -0.0103158 -0.0179602 0.019491 -0.00672225 0.00987153 0.0283131 -0.026353 -0.00835619 0.0104188 0.0142113 0.0143535 0.0233034 0.033358 -0.0138338 0.0178489 -0.0235655 0.0322512 -0.0133373 -0.0116346 0.0227921 0.0174363 0.002343 -0.00340436 -0.0371641 -0.0229021 -0.021318 -0.00703861 0.00993863 0.00281069 -0.00861937 0.0105424 -0.0142639 0.0240162 -0.0127851 -0.0111224 -0.0170714 -0.0185686 -0.00535614 0.00409974 0.00235549 0.0149112 -0.0360376 -0.0065913 0.000551373 0.00107471 0.00811329 0.00390286 0.0316568 -0.00947812 -0.0164727 -0.00550821 0.0321613 -0.030676 -0.0323195 0.016647 
0.00532127 -0.016219 -0.024821 -0.0076473 0.0150455 0.0302837 -0.0153572 0.028761 -0.0444498 0.000449384 -0.00254001 0.0227977 -0.0259992 0.00450433 -0.00178571 0.0172919 -0.0344117 0.0185189 0.00199011 0.0364127 -0.00181911 -0.00393995 -0.00766913 -0.00155557 -0.0155995 -0.0259301 -0.0329481 -0.0133298 -0.0414543 -0.00118026 -0.0121331 0.0137233 0.00121184 0.0211475 0.00756497 0.0251998 0.00110098 -0.00593626 0.0164494 0.00791419 0.00375311 0.0112988 0.0221957 0.0205486 0.017374 0.0403095 0.0353063 -0.0154112 0.0128379 -0.0133372 -0.0244729 -0.00826759 -0.0181217 0.00637007 -0.000853379 -0.00553178 0.015792 0.0133783 -0.038407 -0.0196782 0.038838 0.0370266 0.00854775 -0.0176167 
0.0175079 0.0245365 0.0106089 0.0139153 -0.00528568 0.019637 0.0328297 -0.0169734 0.0318034 -0.00647516 0.0230542 0.0120891 0.00845206 0.0497324 -0.0182876 0.0261624 -0.020717 0.016406 -0.00248659 0.00171463 0.002023 -0.0135814 0.00764028 -0.0122969 -0.0328457 -0.0128988 -0.0166044 -0.0153442 -0.00787898 0.0133137 -0.0267785 0.0162029 -0.0182005 -0.00326517 -0.012811 0.0142152 -0.0102883 0.0279461 0.00938481 -0.0128267 0.0113184 0.0372784 0.00253292 -0.0286578 0.0149713 -0.00220398 -0.0104676 -0.00900461 0.0162219 -0.0026934 -0.0271373 -0.0302621 -0.0214437 0.0321752 0.00920848 0.0173196 -0.0110373 -0.0291004 0.0385065 0.0120054 -0.0224516 0.0154238 -0.0123309 -0.0231685 
-0.0117799 -0.0237742 0.00409744 0.0111198 0.0118031 0.0115932 -0.0132969 0.0153015 -0.00439619 -0.0197118 -0.00910122 -0.0176993 0.0447684 0.0254616 -0.0277178 -0.0229895 0.00702698 0.00703094 -0.000403374 0.00402801 -0.0354199 -0.0149734 -0.00538252 -0.00487659 -0.00598744 -0.0125997 0.00981918 0.0065114 0.0236845 -0.00317697 -0.0318168 -0.00858143 -0.0275624 -0.00432779 0.0561877 -0.0214267 0.0216424 0.0163621 0.0326272 -0.0105199 -0.0093496 0.020324 -0.00871882 0.00802309 0.025335 0.0120878 -0.0154289 -0.0198071 0.0223908 0.00516112 -0.0084613 0.0130361 -0.0136349 -0.00930317 0.00177831 0.01251 -0.00840401 -0.00116769 -0.0155958 -0.0125644 0.0287422 -0.00260296 -0.0110964 0.0362712 
0.0182768 0.0126409 -0.0169347 0.0183648 0.00778838 0.0160586 -0.0160666 0.0385154 0.00167767 0.00310082 -0.0186996 -0.0128138 0.00289832 0.0217588 0.00560333 -0.0233408 -0.00215304 0.00656751 -0.0323773 0.0291889 -0.0424757 0.00057103 0.00198312 -0.00890514 -0.0153746 0.00394878 -0.0184171 -0.0135256 0.0375981 -0.0404605 0.0112843 0.00307842 -0.0460137 -0.0123683 -0.0185846 -0.0062809 -0.0135119 0.0430697 0.00969374 -0.00970344 -0.00178375 -0.0300886 -0.00706732 0.000560557 0.014158 -0.00645127 0.0340283 -0.00970208 0.0137009 -0.0130053 0.0102414 -0.014446 0.0523369 0.054254 -0.00825017 -0.00466984 -0.00875941 0.0145754 0.0215164 -0.00526999 0.0195662 0.0164415 0.00671217 -0.00482411 
-0.00457638 0.0115536 0.0139838 0.0108398 0.0169503 -0.0014914 0.00554206 -0.0261081 -0.0107321 0.0115983 0.0127411 0.00942622 0.0247686 -0.0349804 -0.000264316 0.028452 0.00117304 -0.00343294 0.00463746 -0.0141043 0.0127877 0.0188398 0.0205642 -0.00793567 0.0178057 0.00150192 -0.00518075 -0.0140614 -0.0123656 -0.0190101 0.0369175 0.0027443 -0.0300271 0.0220977 -0.0331903 0.0176072 0.00109951 0.0059295 -0.0306633 0.00441477 0.0258578 -0.0288657 -0.00745623 -0.0164916 0.00847071 -0.00598946 -0.00353007 -0.0070178 -0.000267417 -0.00971535 0.018119 -0.011789 0.0101645 0.014638 -0.00393585 0.0138093 0.00388628 -0.00987926 -0.00620345 0.00835618 0.00961227 0.0357098 0.00713372 0.00792389 
0.0308198 -0.0152592 -0.0275256 0.0379375 -0.00291244 0.00913649 0.01782 0.0346004 0.0108517 0.022731 -0.0366903 0.0296615 0.021103 0.00618016 -0.0234931 -0.00996706 -0.0299376 -0.0149386 0.0285195 0.0142607 -0.0214544 0.028646 0.00105522 0.00370278 0.0143708 0.00155145 0.00976194 -0.0246617 -0.0226443 -0.021142 0.000766029 -4.75746e-05 -0.0116026 -0.0159964 -0.0199672 -0.019335 -0.0249055 0.011202 0.011464 0.0278634 0.0102465 0.00908291 0.0215369 0.0176687 0.0279752 -0.014915 0.0228039 -0.0273073 0.00870063 -0.00348142 -0.000603083 -0.0140067 -0.0225966 0.00120714 0.0304805 0.022406 0.0369379 -0.0271658 -0.0103736 -0.0181346 -0.00578667 0.0146999 -0.0100569 0.000193322 
0.00865226 0.00813837 0.00922753 0.0195488 0.0155931 0.0175815 -0.00112533 -0.000820215 0.00188144 0.00641336 0.0144344 0.00446142 0.0195556 0.033475 0.00764484 0.011745 0.014766 -0.00050978 0.00113121 0.00322914 -0.000487644 -0.0212635 -0.0188534 0.00169495 0.012659 0.00649082 0.0122291 0.000428242 -0.0399969 -0.0119423 0.00530467 0.00946486 0.0204751 -0.0305187 0.0205368 0.0155977 0.0174729 0.0267183 -0.0075592 0.0148881 0.0111009 -0.041758 -0.011367 -0.0268223 -0.0142729 0.00550998 0.000405255 -0.0223581 0.0117102 0.0301831 -0.00555321 -0.00969966 0.0570834 -0.0241975 0.00216276 0.00196942 0.00936687 -0.0319472 -0.0121428 -0.0118479 -0.0155638 0.0152495 0.0130237 -0.016169 
-0.0207726 0.0269334 -0.016076 0.0152488 -0.0177395 -0.025221 -0.0270595 -0.0208246 -0.00513172 -0.00851001 0.03125 -0.0294851 -0.00318039 0.0086016 0.017227 0.0207328 0.00531508 -0.00763439 -0.00777426 0.00187941 -0.0037573 -0.0118955 0.0294679 0.00594489 0.017392 0.00569524 -0.0125084 0.0099831 0.00534308 -0.00180915 0.00468304 0.035041 0.000518276 0.014347 -0.00931457 0.0212592 -0.00818058 -0.00380664 -0.0290603 -0.0158102 2.57685e-05 0.00171199 -0.00777183 0.0426194 -0.00824328 -0.0336551 0.017856 -0.0255404 0.0105232 0.0330157 0.0104355 0.010781 -0.00921891 -0.000484763 0.0069434 0.0052661 0.00434695 0.000661691 0.0199134 0.00859752 0.00573351 0.00578933 0.0335883 0.00211006 
0.0183876 0.018465 -0.0545515 -0.00648817 -0.00884081 -0.00336122 0.00315893 -0.00182999 0.0249477 -0.00804874 0.0392704 0.0390667 -0.00568445 0.00908793 0.0495701 -0.0240871 -0.0242054 0.00934572 0.0241629 -0.0225369 0.00253075 -0.0245967 -0.0241878 0.0256323 0.0019197 0.0170406 -0.0127827 -0.00236661 0.0209232 -0.0111863 0.0247555 -0.0385275 -0.0185892 -0.0320781 -0.00176555 0.0678716 0.0134729 -0.00296538 -0.0334779 -0.00729658 0.0163395 -0.0211642 -0.0091627 -0.00310703 -0.00382086 -0.00661194 -0.00509935 -0.0256394 -0.0324549 0.00393741 -0.0173893 -0.00268056 0.00317775 0.00132166 0.0114288 0.0124168 0.0358225 0.0083945 -0.0172734 -0.00883276 -0.000361194 0.00858001 -0.00451338 0.00370414 
-0.0384331 0.0368741 -0.0177365 0.00821535 -0.0159433 0.0165591 0.00451899 0.0221303 0.0187186 -0.0216949 0.0337525 -0.0270289 0.0183674 -0.034851 -0.00650808 -0.00250129 0.0162599 -0.0182964 -0.0318015 0.00539579 -0.0141234 -0.0384167 0.00956066 0.00510019 0.000150711 0.0212564 0.02059 0.00528703 -0.0237794 -0.0231054 0.0352897 0.0224912 -0.014253 -0.0121039 0.00795237 -0.0318468 -0.00824701 0.0199096 -0.00784371 -0.0114058 -0.0196558 0.0121881 0.0125798 0.0131147 0.0128436 -0.00733775 -0.00720063 -0.0200448 0.0181778 -0.0357202 -0.023024 0.0184535 0.037055 -0.0376618 -0.0125071 4.80241e-06 -0.00586029 -0.0231792 0.0145485 -0.0182409 -0.00780336 0.00992187 0.0412865 -0.0205887 
0.00404507 -0.0103531 0.0103578 -0.0193151 0.00715705 -0.00301548 0.0311137 0.00493651 -0.0328624 0.00975881 -0.035953 -0.0230137 0.00943802 0.00563208 -0.0209599 -0.0181381 0.00615602 0.00511395 -0.0151009 -0.0461974 0.0391083 0.0164608 0.00817892 0.0196283 -0.00892542 0.00146906 0.00119355 0.016989 -0.0288525 0.0213728 -0.00453905 0.0365806 0.000695148 -0.00519898 0.00236532 0.0279974 0.0102731 -0.0346225 -0.000533723 -0.0241083 0.025303 0.00352942 -0.00181234 -0.00553997 -0.00448004 0.00134762 -0.00834682 0.00458338 0.0176148 -0.0123516 -0.0174301 -0.0180085 -0.0259058 -0.023214 0.0609551 0.0276529 0.014831 -0.013038 -0.00392223 0.0100675 0.0520961 0.00409188 0.0124143 -0.00310179 
0.0551593 -0.0119606 -0.00219325 -0.0055257 -0.0201313 0.0104694 -0.0242774 -0.00705154 0.0209344 0.00400198 0.00486532 0.0065465 0.0247623 0.0101876 -0.0229191 -0.000926823 -0.000723306 0.00791692 -0.00367995 0.00713234 0.029939 -0.0106358 0.00638572 -0.0299356 -0.00125399 -0.0244444 -0.0269442 -0.0240671 -0.0206597 0.0296252 -0.010427 0.00571139 0.0206806 -0.00271977 -0.00319443 0.00202507 -0.00101481 0.0163658 -0.00813015 -0.00660984 0.0161796 -0.00440409 0.00817197 0.017586 0.00629197 -0.0108181 -0.00357012 -0.0161309 0.042963 -0.026997 0.0101936 -0.00332767 0.0461518 0.014867 -0.0167633 0.00681809 -0.0425178 0.0135214 -0.00806478 0.0075287 -0.0189069 0.028806 0.00992876 0.00159997 
0.0138575 -0.00371931 -0.0148094 0.00395217 0.00730433 0.00541659 0.0214888 0.00606314 -0.00759277 -0.00684834 0.0264511 0.0160603 0.0257439 0.00656662 0.0326936 -0.00672426 -0.0117776 -0.0317035 0.0181751 -0.0297217 -0.00682425 -0.0354428 -0.0376198 0.0228332 0.00506922 -0.00355972 -0.00426238 0.01754 -0.0421568 0.0112317 0.000163511 -0.00386419 -0.00566197 0.0211054 0.014448 -0.00329156 0.0185853 0.0121701 0.00389585 -0.0385636 -0.00803393 0.0264728 0.0199071 0.00317889 0.0262595 -0.0182219 0.00374032 0.00504261 0.00127678 -0.00397654 -0.00474902 0.00514218 0.00229591 0.0317315 0.00489845 -0.0160958 -0.00258559 -0.00352799 0.00431111 0.00626073 -0.00399287 -0.0123268 -0.0192737 -0.0254038 
-0.00392864 0.00395529 -0.00595751 0.0303019 -0.0282992 0.0153507 0.00406544 0.0169187 0.0033101 -0.00613954 -0.0125556 -0.0137967 -0.0450806 0.000341652 0.017426 0.0195113 -0.00423324 0.0296417 -0.00240341 -0.0323835 0.0069588 0.0123253 0.0375276 0.0475804 0.0170205 0.016177 0.0143466 -0.0175223 -0.0211665 0.00777976 -0.00695192 0.0353683 -0.00559776 0.000972271 -0.0214499 -0.0159806 0.0235534 0.00033054 0.0200088 -0.00582317 0.0210846 0.0297746 0.0208552 0.000680019 -0.00187593 -0.0273403 0.0342373 0.0431555 0.0253277 -0.0327329 0.0445958 0.0282933 0.0180667 0.00673438 0.0247389 0.0150934 0.012496 0.00847389 0.0190716 -0.00807228 -0.0155295 -0.0149567 0.0077862 0.01244 
-0.00710855 -0.00535695 0.0354059 -0.0348668 0.0197638 -0.0347485 0.0172391 -0.0146249 -0.000664871 0.00574677 -0.031448 -0.0236715 0.0176936 0.0351879 0.0160145 0.0330818 0.0213806 -0.0189505 -0.0219888 -0.0172412 -0.00109778 0.00542583 -0.00668897 -0.00240075 -0.00793646 0.0105037 0.0053609 -0.0127709 -0.0173681 -0.00284288 0.0218764 -0.0172422 -0.0151729 0.046324 0.00911056 -0.00960184 -0.0182057 0.0194845 0.00553088 0.0078839 -0.0168958 0.0103097 0.00633225 -0.0187779 -0.0127878 -0.00725558 -0.0164144 -0.0298672 -0.00139525 -0.0253757 0.0125429 0.0101754 0.00425366 0.0069623 -0.0190769 0.015334 -0.0228206 0.0328555 -0.00645541 0.0305268 0.000800018 0.00386106 -0.000154932 -0.0233045 
0.0388973 -0.0122106 -0.00320764 0.0096307 -0.00724934 -0.0142527 -0.0205123 -0.0455239 -0.0154656 -0.0222776 -0.00785984 -0.0244928 0.004645 -0.0453423 -0.0379653 -0.051828 -0.0326662 -0.0015372 0.0139897 0.0156792 -0.00557642 0.0024181 0.00357455 0.0122409 0.0173481 0.0141563 0.0195879 -0.00647335 -0.0229628 0.0193424 -0.0203278 -0.0178694 -0.00111122 -0.00994248 0.0149261 -0.0109848 0.0207924 0.0227108 -0.0507901 0.0239087 0.00321079 -0.00396925 -0.00965779 -0.00503125 -0.0194753 0.00726473 -0.0037497 0.00147405 0.0207564 -0.00410528 -0.0150684 -0.0317365 0.00571379 0.0174936 0.0164819 0.0196181 0.0196289 -0.0345586 0.00685095 -0.026041 -0.0264514 -0.00383828 0.0246891 0.00632049 
-0.0313415 -0.0236982 0.0261091 0.00261116 -0.0305573 0.000289819 0.0139382 0.0370946 -0.00614744 0.0440159 -0.0242019 -0.0438317 -0.0125918 -0.0170714 -0.00114989 0.0098551 0.00683436 -0.00149954 0.000803068 0.0192387 0.00551243 0.0531456 -0.0209036 0.043482 0.0062223 -0.0131915 0.000550383 -0.00931973 -0.0155379 -0.00596834 0.00586681 -0.0140631 -0.0161365 0.00245685 0.00529999 -0.00123484 -0.0260019 0.038427 0.0299169 -0.0393667 0.0133418 -0.00237649 0.00570545 0.0186978 0.0068114 -0.00756297 -0.0381136 -7.92195e-05 0.00758332 0.0194249 -0.0234087 0.0399833 0.00913366 0.0149391 0.0293015 0.0199336 0.00081484 -0.0280147 0.0272503 -0.0126597 0.000654565 -0.01981 0.0102969 -0.0235224 
0.04538 0.0218059 -0.00867109 0.0125168 -0.0268896 -0.0173238 -0.0214279 0.00561349 -0.0302217 -0.000665065 0.00856577 0.0207817 -0.000532794 0.0318707 -0.0318127 -0.00280048 -0.00400007 0.0105506 -0.0157359 0.0168238 0.0109887 0.00197195 -0.0283333 -0.0152544 0.0222641 0.00232142 -0.0109855 0.00851848 0.0275731 0.0593999 0.0084597 0.0116884 0.0104221 -0.00663183 0.013953 -0.0205346 0.022341 0.00137416 0.0305673 0.0174058 -0.0376462 -0.0142573 -0.0037277 0.0214523 0.0565035 -0.0335479 -0.0104319 -0.0180311 -0.0317966 -0.010485 -0.013043 -0.0101687 0.0116483 0.0126325 -0.00473955 0.0229526 0.0187177 -0.00285444 0.0261286 0.0332134 -0.00204382 0.0054946 0.00936312 0.0301136 
-0.00789446 0.00129406 -0.00732663 -0.0352236 -0.00101516 0.0457951 0.0104225 0.0115305 -0.02622 -0.0328858 -0.00188888 -0.0153757 0.00677661 0.0103114 0.00604438 0.0201198 0.046727 0.0155891 -0.0254439 0.00721995 -0.0139404 0.0154017 0.0197765 0.00649516 -0.0243334 -0.0190504 0.0231353 0.0297838 -0.0330871 0.00648239 0.00590782 -0.0193883 -0.015539 -0.0105676 -0.00483446 -0.0474705 0.00571331 -0.0115215 -0.0200227 -0.00675493 -0.0157661 -0.0121753 -0.00913518 0.0141593 -0.00898429 -0.00876437 0.038171 -0.0079219 0.00599096 -0.0370426 0.0171145 0.00846569 0.0126739 -0.00345568 0.0153732 0.0165755 0.014349 -8.69436e-05 -0.0303022 -0.0123486 -0.0184165 -0.0292577 -0.001066 0.0022467 
0.00375923 -0.0524432 -0.015549 0.0157645 0.00501606 0.0039868 0.00180642 -0.0170173 0.0080493 0.000870821 -0.0208609 -0.00820777 0.012783 -0.00461452 -0.0259007 0.0203839 0.00442526 0.00365941 0.0244119 0.012301 -0.0226851 -0.00160382 0.00484903 -0.0112697 -0.0158997 0.0474203 0.00109212 -0.0134383 0.0398117 -0.0299292 -0.0303693 0.00574269 0.0234455 -0.00657504 -0.0108461 -0.00769251 0.0171015 0.00540975 0.0070942 -0.0163701 0.0188046 0.00601869 -0.0473403 -0.000763599 -0.0225277 0.0440667 0.00781413 -0.0356669 -0.0321963 -0.0190801 0.0190745 -0.0217053 0.0169057 -0.0330941 -0.00176008 -0.0112516 0.028757 -0.00654469 0.00252717 0.00514445 0.0279934 -0.0137497 0.0320051 -0.0331538 
-0.0361224 -0.0111468 0.0188856 0.0300636 0.00407186 0.0144532 -0.00296993 0.0196144 0.0223295 0.0171717 -0.0231725 -0.0364834 0.00227855 -0.000704811 0.0205594 -0.00360035 -0.00960112 0.0133291 0.00228319 -0.0274097 -0.022782 0.00964712 0.0332044 -0.0564269 -0.000674777 0.0183067 -0.0128873 0.0220236 -0.0344532 -0.0159918 0.0288533 -0.0287275 -0.00905942 0.00759878 0.010707 0.0116471 -0.00846817 0.00802709 0.022574 -0.013993 -0.0137266 -0.000830782 -0.0165516 -0.018265 0.00223015 -0.015502 -0.0121897 -0.00765993 0.0160058 -0.0296075 0.029554 0.0111382 0.0283408 0.017036 0.0140927 0.00318082 0.00272676 0.0167287 -0.0197249 0.0181184 -0.000545423 0.0123727 0.012053 -0.0106184 
0.000427083 -0.00423875 -0.00926158 0.00824335 0.0271185 -0.00939956 -0.00894741 0.0290877 -0.00589794 -0.0245517 0.0243357 0.0108135 -0.0155393 0.00260904 0.00815567 0.00488906 0.0159121 0.0192231 0.0315559 0.0331251 -0.0205853 0.0381708 0.0146185 -0.00642361 0.0338341 0.000856824 -0.00831771 -0.00635439 0.00679392 -0.0180226 -0.0259434 0.00315218 -0.0343869 0.0168262 -0.0148559 0.0117053 -0.00524676 0.0292723 -0.013137 -0.0020264 -0.0351762 -0.0122837 0.0145902 -0.0195971 -0.00540237 -0.0096514 0.00508692 -0.00214975 -0.0236052 0.0139017 -0.0205127 -0.00692207 -0.00444463 0.00999882 -0.0108143 -0.0214798 0.0205009 -0.028523 0.0196054 0.011569 0.00392668 -0.0104121 -0.019654 0.0278048 
0.0209272 0.0224277 -0.0306697 0.0293799 0.000106689 0.0287408 -0.000532483 0.0123527 -0.0269485 0.012924 0.0044285 0.0431519 -0.0022475 -0.000761717 0.017899 -0.00967868 0.00716489 0.0201777 0.0182418 0.012116 -0.0169455 -0.0103724 0.00470341 -0.0335721 0.0127738 -0.0019522 0.014274 -0.0263881 0.0104785 -0.0240468 0.0287088 -0.0371956 0.00965585 -0.0103294 -0.0119121 0.00748209 0.0194873 -0.0227959 0.0113903 -0.0125417 0.0256954 -0.0178893 -0.00135824 0.0121424 0.0138162 -0.00193988 -0.0275574 0.00647531 -0.00705742 -0.0182234 -0.0324628 0.00799961 0.0161055 0.0473555 -0.000988727 0.00578592 -0.0277927 -0.0306311 -0.0629553 0.024428 0.0106352 0.0472606 0.000319324 0.0297574 
0.00558596 0.00442378 -0.00463511 -0.00835621 0.00863502 0.00654102 0.0161216 0.00910026 0.019172 -0.00059223 -0.0177585 -0.00671918 0.0127347 0.00719594 -0.00443915 -0.0516899 -0.0092989 -0.0328854 -0.0281055 -0.0256928 -0.024782 -0.00253869 -0.0139175 -0.0262549 0.0328755 0.0420602 -0.0233203 0.00599227 -0.00334207 -0.000308187 0.0330868 -0.0171021 -0.0116727 -0.00487175 0.0138976 -0.00499638 0.0567207 -0.0154464 0.0167149 -0.00271989 -0.000903587 -0.0137199 0.0300828 -0.0100092 -0.0211275 -0.0175576 -0.0122006 -0.0248038 0.0224898 -0.00290563 0.0130492 -0.00898707 0.00386807 -0.00546992 -0.00502241 -0.00486425 -0.023575 -0.000844089 0.0133157 0.0261883 0.0626186 0.0121283 -0.000995849 0.00535716 
-0.00784549 0.0142313 -0.0618741 0.000228284 -0.00251207 0.00492213 0.0234701 -0.0232115 -0.0205991 -0.00167231 -0.038592 0.0134076 0.0106762 0.00539539 -0.00956806 0.0226906 0.0110909 0.0109151 -0.00912023 0.00757007 0.0211943 0.0170221 0.0140973 0.00608898 -0.00411729 0.0160999 0.0121459 -0.0142466 -0.0185815 0.0147378 0.033249 0.00868846 0.0213156 0.00564671 0.0105181 -0.00108584 0.0245152 0.0348332 0.0101326 0.0327491 -0.0156433 -0.00601149 0.012088 -0.0376993 -0.0152106 -0.0111343 0.000591406 -0.0179312 -0.000647797 -0.00740978 0.0558139 -0.0113769 0.0136405 0.0374134 0.0239041 0.0217259 0.00429642 0.0221095 0.0144453 -0.0217018 0.0192406 0.00946823 -0.0186731 -0.00675411 
-0.00804471 0.0273911 0.00771444 -0.0271358 -0.0057486 0.0426053 0.039692 0.0231289 -0.0196535 -0.0207352 -0.0126441 -0.00321856 0.0331335 -0.0677506 -0.0161935 0.00300147 -0.00348123 -0.00955442 -0.0190294 0.032805 0.0213275 0.00828308 0.0088421 -0.0191999 0.0140417 -0.00579414 0.0231223 0.0190126 -0.00763855 -0.0195403 -0.00866076 -0.00981366 0.000354304 -0.0288698 -0.0156415 -0.0407427 -0.000741083 0.0113807 0.0244998 0.00612799 -0.0223861 0.0203365 0.0362787 0.00659695 -0.00475383 -0.0320602 -0.0211127 0.0172003 -0.0119779 0.0103862 0.00895963 0.00616591 -0.00629744 0.00552746 -0.0128067 -0.00138913 0.00736666 -0.0184008 -0.00657524 0.0342218 0.022929 0.0292772 0.0148431 0.00205135 
-0.00493943 -0.0209503 0.0117267 0.0032822 0.00958738 -0.0229409 0.00266293 -0.00352638 -0.0220741 0.00495258 0.000956152 0.00800896 0.00856969 0.00969159 0.0060521 0.0126724 -0.00548662 0.0231312 -0.00583251 -0.0315811 0.021729 0.0263582 -0.00581918 0.0263113 -0.0384764 0.002406 0.0150324 0.00230995 -0.0049506 -0.0261159 -0.00495826 -0.00394529 0.00712215 -0.0145489 0.00430079 -0.0341849 0.0109915 0.0330884 0.0184828 -0.0248012 0.0146803 -0.0133684 0.0200362 0.00233352 0.015361 0.0220327 0.0101109 0.00824267 0.0132058 0.00403735 -0.00711288 0.0148114 -0.00751948 0.0255236 -0.00461106 0.0200819 -0.0171551 -0.00230536 -0.0151739 -0.0469786 -0.00316384 0.00936697 0.0335247 -0.0339551 
0.00411054 0.00743778 0.0338479 -0.00703063 0.0114415 0.0198801 0.00469816 0.0111374 0.0113569 0.025084 -0.00109086 -0.0213977 0.0232697 -0.00365559 -0.0195211 0.00214084 -0.0178762 0.00804578 -0.0370868 0.022203 -0.01004 0.0152844 -0.0127763 -0.0470761 0.0343044 0.0232888 0.00207254 0.0368742 -0.0174962 -0.0134508 0.0373622 0.0267933 -0.00234181 0.00540419 0.00195884 -0.0155644 0.0221524 -0.0198126 0.00884118 -0.0062793 0.00670524 -0.022039 0.01942 -0.0092548 0.00397699 0.0220421 0.00873385 0.0251168 0.0092374 -0.0288513 0.00957458 -0.00220709 0.0194294 -0.0117966 -0.00274743 -0.0224188 0.03253 0.0250048 0.00306507 0.00615756 -0.0159615 -0.00981879 -0.0128061 -0.0087675 
-0.0210221 0.01288 -0.0192083 0.0284476 0.0139169 -0.024351 0.0106907 -0.0154927 0.0226687 0.0237503 0.0125056 0.0118854 -0.033771 0.00472799 0.000537717 -0.0111493 0.00781034 0.0135333 0.0199294 0.00538937 -0.0257987 0.00889753 -0.00631329 0.0351683 -0.0137827 -0.00853279 -0.0107262 0.0455412 0.0228584 0.0183519 0.0130806 0.000924534 0.0122944 -0.0179167 0.0420336 0.00844921 -0.0322563 0.0220849 0.00547252 -0.0218665 -8.83047e-05 -0.0180975 -0.0125987 -0.0169711 0.0108471 0.00732848 0.0169955 -0.0150812 -0.0197755 0.007788 -0.00735228 -0.0256451 0.0218733 -0.00331431 -0.0224772 0.00350939 0.0356414 0.0231371 -0.0314504 -0.0108778 0.00872805 0.0161206 0.00357067 0.00192787 
-0.017631 -0.0075312 0.000410371 0.00882428 0.0295145 -0.00548287 -0.023443 0.0084878 0.0195642 0.069241 -0.0234558 0.00416273 0.00443517 0.0208365 0.00312006 0.0306088 0.0209249 -0.0351295 -0.0231953 0.00161187 -0.0284733 0.00859174 -0.0262956 0.00319475 -0.0115966 -0.00803377 -0.0301026 0.022614 -0.00122999 0.00549625 -0.00598812 -0.00285049 -0.00492633 0.00309306 0.0102769 0.0181314 -0.00045655 -0.008162 0.00665387 -0.0332331 -0.0236533 -0.00455439 0.0124533 0.00205654 0.000110202 0.00587635 0.0119951 0.00248971 -0.0133843 -0.0148269 -0.0435727 -0.00020171 0.00914078 0.0240333 -0.0116099 -0.0105851 -0.0184329 0.0360318 -0.00916619 0.00335426 -0.0404387 -0.0114611 -0.00655736 0.00283067 
-0.0118462 0.0333536 0.00722949 -0.0141137 0.00363455 0.00137067 0.0115113 -0.0261385 -0.0191741 -0.0186455 -0.00197933 -0.00108717 0.00386405 0.00515936 -0.00728432 -0.0246937 -0.0209673 -0.00486911 0.0157274 0.0217317 -0.01061 -0.00487286 -0.00328964 -0.00284623 0.0199142 0.0202812 0.0365541 -0.00621162 0.0189405 0.0224499 0.00278754 -0.0250988 0.0108418 -0.021238 -5.74273e-05 0.0246482 0.0190408 0.0296645 -0.02721 0.0319025 0.0184507 0.00330856 -0.0315856 -0.024189 -0.0194279 0.0114928 -0.0148375 -0.0177047 -0.00113377 -0.00283884 -0.0215431 -0.0239805 0.0123162 -0.0202834 -0.031928 -0.00455723 -0.019562 -0.0242321 0.0159101 -0.000112414 0.0342471 -0.0094354 -0.00459461 -0.0280659 
-0.0289718 0.0302933 -0.018867 -0.0158681 0.0284541 -0.0214368 0.000973386 0.0142722 0.00542928 -0.0133188 -0.0116618 0.021195 0.00457971 0.0172695 0.0164705 0.000526901 -0.00145594 -0.00335347 0.0207487 -0.00789093 -0.0149784 -0.0265151 0.0296654 -0.0117223 -0.0312892 -0.010089 0.0135619 0.0207142 0.0341476 0.0114662 -0.0145572 -0.013976 -0.0104184 0.0231248 -0.021799 0.0105394 0.0137832 0.0181723 -0.00880021 0.038383 0.0104951 -0.0147571 -0.0154 -0.0233792 0.000156964 -0.00200459 0.0141313 0.0301354 -0.0152056 0.00938686 -0.0101501 -0.00484664 -0.00285833 0.041837 -0.0158171 -0.0161524 -0.0160677 0.0169876 0.0194393 -0.0482829 0.014036 -0.00596732 -0.0337757 -0.0321464 
-0.01641 0.00980805 -0.00837573 0.00482889 -0.0354745 0.0215299 -0.00412759 -0.00187055 0.0166736 0.0028745 0.0121814 -0.0331106 -0.0170265 -0.000815857 -0.00274383 0.00513551 0.00208619 0.00489663 -0.00744032 0.011355 0.0102235 -0.0168499 0.0205526 0.0452595 -0.0187189 -0.0198638 -0.0174694 0.00750331 -0.0137367 -0.0256166 -0.0176849 -0.0122133 0.0181494 0.0145428 -0.0279991 0.0302816 -0.0303193 0.0157122 -0.0140512 -0.01733 -0.0440103 0.00676343 0.0254183 -0.0068794 0.00800762 0.00554331 0.0161831 0.0043029 0.000632313 0.00526163 0.0100226 0.0275324 0.00337931 -0.0162032 0.00663302 0.0214656 0.0164103 0.0236313 -0.0226136 -0.0118314 0.0215311 0.00435463 0.0323898 -0.00245687 
0.0230546 -0.0172336 0.00153739 0.0284715 -0.00151314 -0.0201228 0.0256155 0.0245284 -0.00843895 0.00218064 -0.016291 0.0158894 -0.00255346 -0.0110847 -0.0218628 -0.0142514 -0.0043343 -0.00884088 0.0116068 0.0128665 0.00393245 -0.000801248 -0.0140113 -0.00108154 -0.00569196 0.0137859 -0.0182459 -0.00461108 0.00718089 -0.0327985 -0.0130095 0.0170601 0.0103425 0.0103949 0.0151342 -0.00589137 0.02912 0.0204719 -0.0251079 0.0129535 0.00217192 -0.0193364 0.0215959 0.0192784 -0.0235264 -0.00807493 -0.0227179 0.0237884 -0.0414452 -0.0160256 -0.0172802 0.0276169 -0.0145162 0.000620961 0.00847885 -0.00587623 -0.00750781 0.0070541 0.0187754 0.0193606 0.044387 -0.0222315 -0.000282363 -0.0284679 
0.00574567 0.0176749 -0.00827951 -0.00417916 -0.0138136 -0.0359232 -0.0108745 0.00354009 -0.00533476 0.00688552 -0.00400486 0.0266611 0.0319618 -0.0127114 -0.00164397 -0.0496953 0.0197092 -0.026761 -0.0167116 -0.0192188 0.00236924 -0.0162665 0.00577442 -0.00362921 0.027006 -0.0288285 -0.00984552 0.0148028 0.00159981 0.026724 -0.0258075 -0.00297484 0.0112813 -0.0275559 -0.00501578 0.0216286 0.00254906 0.0099971 0.0535146 0.0019098 -0.0312654 -0.011245 -0.0245378 0.0359365 0.0207164 -0.0199039 0.0220648 0.0322754 0.00440593 -0.015863 -0.00673818 0.00839733 0.0196385 -0.0140309 0.0147743 -0.0181944 0.0112629 -0.0063487 -0.0414176 0.0165638 -0.0198374 0.0244111 0.00827757 0.018807 
-0.00383259 -0.01345 0.0219767 0.00109747 0.0215374 -0.0288381 -0.0360695 -0.00747914 -0.0308148 -0.0167618 -0.00207591 -0.00691559 0.0162251 0.00711422 -0.00720477 -0.0143834 0.0114601 0.00673248 0.0360746 0.0217044 -0.00654209 0.00416222 0.0121284 0.000639705 0.0113384 0.0513269 0.00237783 -0.0226004 -0.0279449 -0.0380768 -0.000898811 -0.0032172 -0.00655806 -0.00345165 0.000343622 -0.00203304 -0.0239413 0.00859197 -0.00588391 0.00773062 -0.0172785 -0.0177065 -0.00577385 0.000433266 0.00581676 -0.0147451 0.0152361 0.00206549 0.0309669 0.000487614 0.00576623 -0.0170866 -0.00897255 -0.022437 -0.00569772 -0.0051263 0.0151177 -0.000845113 -0.0034066 0.00709294 0.00513734 -0.0026464 0.0182347 0.00107176 
0.0321214 -0.010125 -0.043017 0.0160906 -0.00614111 -0.0450815 -5.42626e-05 0.0286268 -0.0116065 -0.0258396 -0.00247622 0.0234294 -0.0134306 0.00593849 0.0305744 0.0183982 -0.0407271 -0.0325119 0.0242294 0.00747784 0.0354055 -0.0201024 0.0179666 -0.0173404 -0.0157075 -0.00831559 0.00739192 0.023569 -0.0180158 0.0295517 -0.00962728 0.0302354 -0.0194891 0.019297 -0.00451567 0.0208196 0.0264769 -0.00680039 0.0166659 -0.0242978 -0.0110211 0.000917581 0.0275104 0.0195734 0.0323 -0.0084414 -0.0288996 -0.000747145 0.00659211 0.00971346 0.00166911 0.0278223 -0.0290636 0.00349387 0.0121311 -0.0227247 0.0187332 -0.0519222 0.00221091 -0.0168292 0.00277434 0.00482817 0.0285479 -0.0539173 
0.00707073 -0.0127936 -0.0274317 0.0260187 0.00264579 -0.0212015 0.00132753 -0.0243108 -0.0060458 -0.0164933 0.0258631 -0.00616604 -0.0160041 0.0370866 -0.0272852 0.017977 -0.0294304 -0.0148965 0.0172174 -0.0127399 0.00489907 -0.00619424 -0.00166537 0.0172294 -0.0244139 0.0198951 -0.0150715 0.00566392 0.0159348 -0.0244829 0.0174325 0.0215282 0.0177268 -0.0258627 -0.0135441 0.00820317 0.0132984 -0.00738016 0.00990697 -0.0169941 -0.0176652 0.0327342 -0.0122837 -0.00248816 0.00942126 -0.00902382 -0.0131985 0.00463538 0.0128291 0.0302218 -0.0157977 0.00191268 -0.0093106 -0.0213755 0.0119379 0.0244999 -0.00632084 -0.00561671 -0.0309914 0.0221975 0.0054502 0.00563751 0.00820005 -0.0146266 
-0.0278933 0.00319776 -0.0139656 0.00291423 0.0174937 0.0120333 -0.00669936 0.00270364 -0.0291989 0.0277889 0.0205907 -0.0190599 -0.000668141 0.0115557 0.0215247 -0.0116143 0.0258414 -0.0112761 -0.00558052 -0.0140541 0.0253627 0.0083665 -0.0067165 -0.0497451 -0.0210027 -0.00644588 -0.0133913 -0.0275226 -0.0142285 0.0120614 -0.0924048 -0.0296123 -0.0188929 -0.000120377 -0.0194496 -0.00057452 -0.000728562 -0.0102262 -0.000680295 0.0138761 -0.00847912 -0.00939023 -0.0220748 0.0312254 0.0386155 0.00458418 -0.0212418 -0.0116442 0.00486185 0.0164717 -0.00834488 0.00466008 0.0150201 0.0012268 0.00379907 -0.0228531 -0.00996969 0.0378533 -0.0309689 0.00103363 0.00793383 -0.0183432 0.0369213 0.00597937 
0.00913095 -0.0395513 0.0158931 -0.00700678 0.0276065 0.00606274 0.0305438 0.0121483 0.00747206 -0.0374735 -0.00716444 0.0271436 0.00913667 -0.0140302 0.0102255 -0.0450961 -0.0098573 0.0231459 0.0217957 0.0136068 0.0161164 0.0128816 0.000560334 -0.0309728 -0.00706385 -0.0175348 0.0128798 0.0231807 -0.0383358 -0.0329157 -0.000728563 0.0128042 -0.00256427 -0.0351256 0.00971721 -0.00519342 -0.00983756 0.0192778 -0.0296444 -0.00418317 -0.0283738 -0.0120048 0.00900927 0.0110989 0.0212141 -0.0245292 0.0170738 -0.0127547 -0.00266554 0.0150539 0.00540705 -0.0137757 -0.0210116 -0.00423294 0.00188649 0.0199627 -0.00872234 -0.0269607 -0.0147003 -0.029193 -0.00300615 -0.000881461 -0.0249915 0.0239751 
0.0110836 -0.0105878 0.0167655 0.0259195 0.0239579 -0.0356332 0.00438198 0.0419343 -0.0157212 -0.040978 -0.00140681 0.00999741 0.00790026 0.0169028 0.0235748 -0.0110532 -0.031325 -0.0229825 0.0134359 -0.00604467 -0.00123111 -0.0537303 0.00480931 0.0276166 -0.016836 0.0359061 -0.0117769 0.0345266 -0.00455465 0.00182693 0.0334668 -0.0141305 -0.0218496 0.0162714 -0.00673488 0.0154244 -0.00396745 0.0262707 0.00178555 0.0202089 -0.0150527 0.0201322 0.0285984 -0.00192569 0.0170927 0.0187615 -0.0173563 -0.00571068 -0.0127988 0.0295162 0.00106377 -0.0180502 0.0163843 0.0286936 0.0259814 -0.0248882 -0.0074366 0.0305395 0.0137695 -0.0285674 -0.0175962 0.0177069 0.0248075 0.0158935 
-0.017956 -0.00302008 -0.000506237 0.026646 0.00135657 0.017122 0.0140289 -0.0245049 -0.0112892 -0.0242297 -0.00426828 0.0152596 0.00383988 -0.00686978 -0.00208383 -0.00718792 0.00528052 -0.0120995 -0.00179469 -0.0169276 -0.0327612 0.000748922 -0.0177536 -0.0201346 0.0060396 0.00545893 0.0206413 -0.00802856 -0.019131 0.0113576 -0.00619136 0.016727 -0.0318314 -0.0142724 0.00673172 -0.00322031 0.0218778 -0.0158763 -0.0114151 -0.0019609 0.0163419 0.00915874 0.00278708 -0.0059231 -0.00908452 -0.0257258 -0.0351528 0.00370388 -0.006478 -0.00140438 -0.0129346 -0.00734897 0.00867163 0.0155895 -0.00521473 0.00187649 0.00606632 -0.02204 0.0359569 0.0024715 -0.016713 -0.00186744 -0.0225884 0.0101439 
0.01958 -0.0115106 -0.0117422 0.0157263 0.00231206 -0.0204968 -0.013255 0.00914195 -0.0334203 -0.00244462 -0.0188812 0.0117124 -0.012606 8.2421e-05 -0.0108153 -0.00533364 0.00192922 -0.0131473 -0.0374245 0.000670386 0.00723457 0.0257342 0.00692703 -0.00280566 -0.0167825 -0.00175466 0.00771052 0.00764531 -0.010529 -0.0261509 0.0304935 0.00383902 0.00545364 0.0193353 0.00533504 -0.00336518 0.0033617 0.00455074 0.00213729 0.00728024 0.00241032 -0.0608406 -0.0100176 -0.0124696 -0.0260021 0.0165055 -0.0141774 0.0546388 -0.0150846 -0.0164216 0.00647422 -0.036472 0.0173384 -0.0245651 0.00027667 0.00777518 0.0140911 0.0386071 0.00371418 0.0179414 0.00172561 0.0359515 0.0125411 -0.00306846 
-0.0122697 0.0124271 -0.0343103 -0.0109982 -0.0167966 0.0319809 -0.0204253 -0.0297205 -0.0261703 0.0211142 -0.0370845 0.00901699 0.00350489 -0.0170537 -0.0104795 -0.0156977 0.043336 -0.0306089 -0.012987 0.0208991 0.0186178 0.0120158 -0.0179303 0.00721492 -0.0416148 -0.00786803 -0.000133432 0.0108925 0.0157031 -0.00970664 -0.0206784 0.00499583 0.000150857 -0.014019 0.00605073 0.00483592 -0.0277852 -0.00246187 -6.65747e-05 0.0201545 0.00969628 0.0134803 0.00794882 -0.0350762 -0.00526397 0.0105965 -0.0142275 0.00204068 0.00491254 0.0391964 0.0109001 0.0464158 -0.0173849 0.0247632 -0.0157846 0.00767651 0.0447211 -0.000121461 -0.0120062 0.0151742 0.0238179 -0.00774339 0.0449273 -0.00772585 
-0.00201608 -0.0327534 -0.00888615 -0.025911 -0.00356381 0.021591 -0.0149709 0.00377789 -0.0140295 -0.0302118 -0.0228376 -0.0178782 -0.0222741 -0.0494821 -0.00916189 -0.0193952 0.00163075 -0.0290527 -0.0195525 0.0245928 -0.0394383 0.013414 0.0102952 0.00849401 -0.00138113 0.00606533 -0.0394093 -0.0191373 -0.0440358 0.0110238 -0.0182015 0.00457833 0.00435787 0.0127563 0.0274493 0.00925698 0.0195147 0.0210862 0.0174137 0.0101105 0.011431 0.0429084 0.00426171 0.0220122 -0.0151366 -0.0316979 0.00732638 -0.044145 0.0159793 -0.000615623 0.00940686 -0.0130429 -0.014378 0.0390815 0.00326531 -0.00688451 -0.0397147 -0.0213668 -0.0176781 0.0088272 0.00780672 0.0247349 -0.00119539 0.0251344 
0.031101 -0.0138978 0.0045689 -0.00294715 0.0208211 -0.0214028 0.029571 -0.00458411 -0.0230734 0.0377847 -0.00320807 0.00454472 -0.0113116 -0.0377865 0.0110998 -0.00444209 -0.00638695 -0.014884 0.00762996 -0.0250922 -0.0021482 -0.0407709 -0.0291564 0.00498637 0.0259588 0.0252576 0.0173774 0.00107516 -0.0152248 0.0376616 -0.00658173 0.0127316 0.00302144 -0.0380773 0.00432065 0.0246454 -0.00406768 -0.0178976 0.0146195 -0.0176651 0.0222534 0.0125732 0.0197498 0.0187422 0.00597759 -0.0111022 -0.0182945 0.0335117 -0.0408183 0.0147948 0.00688531 0.00828779 -0.00914912 -0.0282316 -0.0226781 -0.0197064 -0.016227 -0.021311 0.0106167 -0.0295703 0.0454077 -0.0102797 -0.0158259 -0.0228049 
0.00868553 -0.0382318 0.0163233 -0.0234883 -0.00755909 -0.0231162 -0.0602997 -0.0328873 0.00899652 -0.0226365 -0.00070609 0.00174145 -0.00404346 -0.0220396 -0.0264725 0.0145174 0.0201082 -0.00128177 -0.0104713 0.0238643 0.0100211 -0.0306487 0.000761433 -0.0159687 -0.00357795 -0.0231752 -0.0272128 0.00781721 0.0224636 -0.0117079 0.0562057 0.0101023 -0.025193 -0.00179867 0.0137644 -0.00477877 0.00235075 0.00706086 -0.00227159 0.0117498 -0.0243658 0.00178211 0.000570344 -0.0262157 0.0285635 0.00124008 -0.00825564 0.0340102 0.0169372 0.00145123 -0.022702 3.04797e-05 -0.0276678 -0.0059325 -0.0127492 -0.00734741 0.0354786 0.0116365 -0.0134504 0.024353 -0.00395284 -0.0165494 -0.00875451 -0.00246736 
-0.0608105 -0.0291969 -0.0236742 -0.00376233 0.0114869 -0.00166073 -0.0256546 -0.00277354 -0.0233998 0.0305943 0.0172559 0.015626 0.0433776 -0.0219391 0.0134318 -0.00123929 -0.0286074 -0.0110938 -0.0145542 -0.0162164 -0.0203796 -0.00256977 -0.0174401 -0.0163711 0.0167526 0.00922139 -0.00360746 -0.00538687 0.00662564 0.00213946 -0.0332204 0.0123775 -0.0245372 0.00434912 0.0289889 0.00615801 0.0155834 0.00195695 0.017566 0.0285212 -0.0280364 0.0140601 -0.0152273 0.00776198 0.0243324 0.00988351 -0.00641888 0.0365673 -0.0141864 0.00957923 -0.000315508 0.00946837 -0.00748983 0.0216481 0.00217901 0.0182314 0.0147806 0.00383376 0.0249599 0.0220947 -0.0338493 0.00808578 0.0163785 0.0173697 
-0.00868677 0.0250084 -0.00258368 -0.0219272 -0.0369126 0.00731606 -0.0222693 0.0109329 -0.00788686 0.0103366 -0.0162563 0.0115584 0.0292468 -0.0184468 0.0296073 -0.00559979 0.000619317 0.0419422 0.00428677 0.0144842 -0.00800021 0.0389023 0.0144878 -0.000168958 0.00483882 -0.028659 -0.0373145 -0.00770935 -0.0365593 0.0387203 0.00256799 0.0206833 0.0217103 -0.00308929 -0.0159827 0.0475863 -0.00916222 0.0392686 -0.0139107 -0.00707602 0.020678 -0.0064318 -0.0204307 0.00610324 0.00382314 -0.020235 -0.0180416 0.00524208 -0.055298 -0.0266734 0.00161837 -0.0386453 -0.0199581 0.0260861 -0.00322691 0.00860183 -0.0293906 -0.0463912 0.0127562 -0.0177148 -0.0148079 -0.0026425 0.0118331 0.0288819 
-0.000147566 0.00533451 0.0228115 0.0147447 -0.0109017 -0.00990854 -0.00248259 -0.00341329 -0.000125239 -0.0269817 0.017443 -0.0380952 -0.00317496 0.00450817 0.0454094 0.00370255 0.0205142 0.042505 0.00676962 -0.0113369 -0.00493475 -0.0122794 -0.0111561 0.014008 0.0190085 -0.00440621 -0.0174995 0.0166457 -0.0451667 -0.00896626 0.00815993 0.0112859 0.0125078 0.0206451 0.000463136 -0.000210425 -0.00946146 -0.00381906 0.0253187 0.00734918 0.00419205 -0.00249979 -0.0261612 0.00911339 -0.0148326 -0.0277791 -0.00849742 -0.00592113 0.0288932 0.0284044 -0.0372044 0.0197962 -0.0055136 -0.00542829 0.0177101 0.0237844 -0.0122284 0.0282666 -0.0288003 -0.0230648 0.0255879 -0.00180724 -0.0120299 0.011177 
0.00732906 0.0174243 -0.0523512 0.00618626 -0.00858607 -0.0329867 -0.00694361 0.0394843 -0.00720104 -0.0055199 -0.0195541 -0.0202724 -0.0215386 -0.020623 -0.0113551 0.024047 0.00649296 0.00199301 -0.00874273 -0.00801498 -0.00402767 -0.0169568 0.0107409 0.00321239 -0.0117425 0.0395371 -0.00695313 -0.0198594 0.0198388 -0.0374209 -0.00822107 0.0134795 0.0168474 -0.0304606 0.0195576 0.0106341 -0.00372489 -0.0355687 -0.0049469 0.0172772 0.00375698 0.00701032 -0.0207359 -0.00220413 -0.0376458 -0.0080864 -0.022394 -0.0157276 -0.00211166 -0.0213017 0.000463694 0.0140648 0.0141958 0.0311209 0.00852224 -0.00964281 -0.0114729 -0.00321208 0.00943929 0.0145425 0.00926255 0.0202147 0.00543719 -0.0204795 
0.0346608 -0.0162605 0.0617443 -0.00952299 -0.0452766 0.00717644 -0.00630252 0.00211141 -0.0167989 -0.0146307 -0.0203972 0.0197066 0.00518719 0.00875679 0.00756074 0.0234577 0.0219502 0.0252811 -0.0168063 0.00679858 -0.02222 0.0380277 -0.00367736 -0.0106349 0.019242 0.0241354 -0.019253 0.0424138 0.00702976 -0.0197422 0.0259181 0.032895 0.0190664 -0.0166105 -0.00595777 -0.0137451 0.0411343 0.0111919 -0.0202913 0.0113561 0.0490454 -0.0374323 0.0025706 0.00753962 0.0311875 -0.00299041 -0.0144337 -0.0128308 -0.0160754 -0.01611 0.0211297 0.0148859 0.000528929 -0.0122257 0.00570185 0.00660333 0.0250555 -0.0221187 0.00245122 -0.0181167 0.0263789 -0.0327407 0.0198472 -0.00119143 
-0.0284503 0.0017049 -0.0438012 0.0126645 -0.0441125 -0.0104537 0.000100023 -0.00401235 0.0135399 0.0337485 -0.00129862 0.0109315 0.0028791 0.0312864 0.0153611 0.00872061 -0.0134069 0.00505052 -0.0284363 -0.0412025 0.0111351 0.0319426 0.0114943 -0.0379545 -0.0186551 0.0137232 0.0320316 0.0081066 0.0295494 0.0181448 -0.00421046 0.0212889 -0.0155 0.0155322 -0.0129659 -0.0321866 0.00235118 -0.0374459 -0.00156737 -0.00409345 0.0155913 0.0163696 -0.00428542 0.0163579 -0.0256693 -0.0316743 0.0297612 -0.0167743 -0.0159702 0.00457905 0.00640292 0.0303281 0.00417093 0.0315772 -0.05806 0.0248127 -0.0232423 0.0165806 -0.0380067 0.0172105 0.0297337 -0.00679729 0.02576 -0.0310504 
-0.016866 -0.0229675 0.0219078 -0.0120726 0.039477 -0.0141372 -0.0163141 0.0454456 0.0187995 -0.00720507 -0.0354803 -0.0255677 0.00884959 -0.0276045 0.000242564 0.00561479 -0.0129143 -0.0104043 -0.00637664 -0.0080733 -0.0017648 0.000131803 -0.0424253 -0.01435 0.00909807 -0.0269052 -0.00738858 0.004429 0.0512529 -0.00346764 0.0182275 0.00130742 0.00415879 -0.00687443 0.00922009 0.0225135 -0.000371402 -0.0235891 0.00947294 -0.0145595 -0.00572403 0.000360688 0.0146353 -0.012415 -0.0275519 -0.00148845 0.0151209 -0.0189489 0.0266692 0.0179359 -0.0483108 -0.0147256 0.0105357 -0.00131443 -0.0358612 -0.0065172 -0.0186775 -0.0224981 -0.0207721 0.0115807 0.0291674 -0.0182609 -0.0192701 0.0338098 
0.0215614 -0.0253878 0.000690744 0.0179973 -0.0209948 -0.00747063 0.0180903 -0.0360094 -0.00106167 -0.0196914 0.0169571 -0.000983735 0.00590455 0.00174959 -0.0199587 0.00706623 0.0396716 -0.00658958 0.0221715 -0.0402817 0.00476911 0.023164 0.0234923 0.0056499 0.0224584 0.0202509 -0.0280109 0.00477165 0.028443 0.00731369 -0.0067064 -0.0563318 0.0389659 0.0282995 0.00498615 0.0225095 -0.00598354 0.0207833 0.0246065 0.0133412 0.0113985 0.00866253 -0.008997 -0.028545 0.01101 0.0076954 0.00295463 0.0187272 0.000598099 -0.0130719 -0.0327224 -0.0108769 0.0107043 0.0241948 -0.00845627 -0.0125654 -0.00363441 -0.0297101 -0.0331664 -0.0150141 0.0116191 0.00743236 0.00710052 0.000483502 
-0.00737268 -0.00384342 0.0176982 0.00443581 -0.00950117 0.00713948 0.00131968 0.0236091 0.0129714 -0.00163838 0.0010118 0.0109904 0.0112954 -5.05628e-05 -0.00538512 0.0120844 -0.005949 0.026346 -0.00275011 -0.00754266 -0.0210583 -0.00623239 0.00762012 -0.00599281 0.00256523 0.0372964 -0.0120692 0.00914808 0.0244469 -0.00885988 0.0278898 0.00948755 -0.00260008 -0.0216061 -0.0229322 0.00437459 0.04471 0.0519183 0.0196681 0.0208078 0.00102635 -3.40445e-05 0.00265481 0.000122932 -0.0171802 0.0121691 -0.0309816 -0.0296547 0.0486212 -0.0432563 -0.0396343 0.0194258 0.0139543 0.0109859 0.0331139 0.00641912 0.0365178 0.0123136 -0.0252426 0.00629418 -0.00500052 -0.0223383 -0.0223047 -0.0194847 
-0.0101344 -0.0159305 -0.0349588 -0.0172912 0.00307928 0.018777 -0.0232206 0.00511208 -0.0145705 -0.00872889 0.00922446 -0.00674449 -0.0260141 0.00129237 -0.00529871 0.0276452 0.0102166 -0.0140451 0.0145259 0.0437928 -0.0250815 0.0196143 -0.00366561 0.0419764 0.0170228 -0.0136124 0.0110327 0.0082564 -0.0219617 0.00723663 -0.00106397 0.0312424 -0.0271493 -0.0190299 0.0105153 0.0452901 -0.0102088 0.00538066 0.000183704 -0.0135453 -0.0184733 -0.0158319 0.00957154 0.0136041 0.0181877 -0.00238394 -0.00953366 -0.017659 -0.0315887 0.0350489 -0.0460304 -0.0109298 0.0160276 0.00173425 0.00946239 -0.0256678 -0.00018874 0.0295847 0.0219055 0.0275712 0.0419993 0.00139191 -0.0312165 0.0236767 
0.0111647 0.0186299 -0.0139575 0.0129552 0.00589705 -0.0157426 -0.017982 -0.0121613 -0.0300813 -0.00462678 -0.0125016 0.00126543 0.0162722 -0.00290619 -0.0158211 -0.0156136 -0.0217082 -0.0198141 -0.0127903 0.0138249 -0.000119034 0.00139044 0.00634381 -0.00887519 0.0232135 -0.00114791 -0.010125 0.00234285 0.0323553 0.0189578 -0.0221479 0.00073155 -0.0104141 -0.00663638 -0.00429181 -0.00746014 0.00177547 0.0425912 0.00493587 0.00423435 0.0332315 -0.00778943 -0.0282397 -0.0229188 0.00816231 0.00128751 0.00409705 -0.0118748 0.015926 -0.0363519 -0.0263812 -0.0343311 0.0308338 0.00307696 0.0299221 0.0297703 -0.00800143 -0.0467445 -0.00359173 -0.023762 -0.0383423 0.0350291 0.0268459 -0.0175599 
0.0096402 -0.010084 -0.0293439 -0.00683042 0.0140767 -0.0250138 0.0376685 -0.0155869 0.00918547 0.00718297 -0.00407328 0.0365184 0.00299363 0.00726046 -0.00263905 0.005623 0.00186404 0.00921838 -0.0200513 0.00134596 0.018765 0.00133948 0.00834773 0.0252371 0.0319147 -0.0164792 0.0091779 0.0316473 0.0148462 -0.00740249 0.022484 0.00530618 -0.0359609 -0.00262024 -0.0123773 0.0155078 -0.0193999 -0.0360359 0.00801311 -0.0147839 -0.006067 0.0191932 0.0358951 0.00398474 -0.0286398 0.0169444 0.00202352 -0.00534986 -0.0396333 0.0389062 -0.022809 -0.00383218 0.00132303 -0.0103624 -0.0101161 -0.0306302 -0.00947851 0.0316736 -0.0350227 0.0149155 -0.0212212 -0.0144108 0.0206541 -0.000755393 
0.00339176 0.0260077 -0.00907389 0.00419946 -0.0331981 -0.014324 -0.0162106 -0.0414008 -0.0226396 0.0155134 -0.0332432 0.0253945 0.0255291 -0.0158276 0.00262193 0.0176682 -0.00791461 -0.0165765 0.00920806 -0.0219077 0.00973491 -0.0178357 -0.0070244 -0.0233632 -0.011661 0.0207858 0.0164413 -0.0162043 -0.0502414 0.00854169 -0.00442867 0.0164595 0.0306715 -0.0102139 0.0431317 -0.00167312 -0.0271746 0.0365714 0.0123481 0.0123423 0.0268273 -0.0133812 0.0100444 -0.0027552 0.023732 -0.017536 -0.00576857 -0.0248617 -0.00758921 0.0213635 0.0267993 -0.00277618 -0.03152 0.0451761 0.0283177 0.00383097 0.0546402 0.0161187 0.0206241 -0.0511561 0.00886156 0.0140315 -0.00891236 0.00625813 
0.0292528 -0.014849 0.00468412 -0.00917396 0.0106867 0.0180515 -0.0269831 -0.0244824 -0.0118099 -0.0112709 0.00587545 -0.00727771 -0.0201444 -0.0149167 -0.0147735 0.00720713 0.0150106 0.0241622 -0.00608526 -0.0124697 -0.00571209 -0.0125588 0.0019269 -0.0146037 -0.022126 0.0155031 -0.0336241 -0.00538803 -0.00799809 -0.002655 -0.0154565 -0.00281391 0.0375024 0.0245256 0.00641232 0.000837067 -0.00713288 0.000549735 -0.0146537 -0.0103592 -0.0093478 0.0414881 0.00332115 0.0184148 -0.000450538 -0.00129748 0.0261087 0.0200673 -0.00380412 -0.0408266 0.0307156 0.0277646 0.000118779 -0.019725 0.0174388 -0.019665 0.00649991 0.00115872 0.0240487 -0.0168828 0.001935 -0.0151057 0.0196571 -0.00097919 
0.00432734 -0.0433773 0.0236057 -0.0030049 0.0116792 0.0268185 -0.0140817 -0.0217793 0.0020975 0.013939 0.00985277 -0.0189029 -0.0294176 -0.00464229 0.00772266 -0.00515843 -0.00164667 0.000994179 -0.0394364 -0.00407611 -0.0140544 0.0110726 -0.00350368 0.015713 -0.0189181 0.0150549 -0.0359663 0.0245408 -0.0153221 0.018163 -0.0290108 0.0404418 -0.0194243 0.0182578 0.0022458 0.0246106 -0.0211495 0.0334371 -0.0137023 -0.00300842 -0.00306878 0.0111171 -0.0044075 -0.019749 0.0190939 0.00505083 -0.0264876 -0.0406236 0.0290444 0.0352372 -0.0189995 -0.00938287 -0.017286 -0.0235966 -0.00345215 0.0155597 0.0210274 0.0187656 -0.0138983 -0.0165539 0.00741279 0.0172768 -0.038262 0.00102571 
0.0002455 0.00589756 -0.00260127 -0.019914 -0.00844397 -0.000928918 -0.00433425 -0.0322816 0.0181789 -0.0130678 -0.00199409 -0.016705 0.0014994 -0.00174136 -0.0192715 0.0105255 0.00692759 -0.0273319 0.000860447 0.038571 -2.74368e-05 0.017513 0.0193975 0.0055759 -0.0147572 -0.0186958 -0.012126 -0.022769 0.0110904 -0.00999191 0.0493645 0.0170235 0.0111589 -0.00130375 0.000166559 0.0323331 -0.00211812 0.0123101 -0.013822 -0.0090767 0.00181256 -0.0057188 -0.00518457 -0.0089481 -0.0199979 -0.00877595 0.0446556 0.00344824 -0.00514207 0.00506683 0.0255703 -0.000961278 -0.0233545 -0.03272 0.0259209 -0.000709889 -0.0553019 -0.00488757 -0.0124311 -0.014615 -0.0100766 0.0157556 0.00476687 -0.0290554 
-0.0153379 0.016041 0.000678263 0.0259872 -0.00547894 -0.010755 0.000735796 0.00821204 -0.00286744 0.0146573 -0.00231601 0.0076146 -0.00308268 0.0213618 -0.00916506 -0.00981089 0.0351125 -0.0134296 0.0094843 0.0109298 -0.00522134 0.0151584 0.00658492 0.0435125 0.0166818 0.00461395 -0.0067682 -0.0111486 -0.0131325 -0.0277681 -0.0251933 -0.0044804 -0.00363606 0.0245616 -0.00392846 0.0178498 -0.0327284 0.00690561 0.0120341 -0.023713 -0.0264324 -0.0212327 0.0138258 -0.00769809 0.0381448 0.0100124 0.000909147 -0.0244164 0.00856218 0.000837743 -0.0271215 0.0124166 -0.0279211 0.0036623 -0.0207608 -0.0254052 0.0241273 0.00427684 0.00872319 -0.0223946 -0.0186326 0.00663923 0.000308194 0.0294986 
-0.0517034 0.00492116 -0.00399164 -0.030569 -0.0151772 0.00825828 -0.000911912 -0.0149299 -0.0272797 -0.0233922 -0.0012426 -0.00558679 -0.0069876 -0.00175676 -0.00241127 0.0190824 0.0274154 0.0334444 -0.00824253 0.00432112 -0.0236539 0.0235142 0.00783808 -0.00274227 -0.00162804 0.0276378 -0.00794906 -0.0240783 -0.00621292 -0.0203587 -0.0105155 0.0230905 0.0120394 -0.00683716 0.00909062 0.0306905 0.00323802 0.0448875 0.0171653 0.0114473 0.00832151 -0.0158277 0.0128699 0.0183069 -0.0162898 -0.0109707 0.0141202 -0.00544008 -0.0140623 -0.0219483 -0.0108226 0.000799287 0.0225007 0.00444852 0.00223926 0.0175496 0.0283801 0.0247348 0.0166791 -0.0102249 -0.0234908 -0.0210373 0.0321602 0.00113674 
-0.00410405 0.000571738 0.0313531 0.00359417 -0.0296883 -0.0122684 -0.00336506 -0.00121486 -0.0251096 0.0162808 -0.0143095 -0.0270097 -0.0216963 0.014169 0.0211405 0.0263706 0.0260932 -0.0106779 -0.00403624 -0.0301816 -0.00327573 -0.000444169 -0.0223424 0.0312328 0.00877036 -0.00455483 -0.00525834 -0.00813964 -0.015627 -0.0144836 -0.00766098 0.00839909 0.0298664 0.037918 0.0293478 0.0155616 -0.0157205 -0.0144987 0.00790743 -0.0160129 0.00342087 0.0022084 0.0309977 -0.0146592 -0.00327649 0.0302862 -0.0282254 -0.0324981 -0.0150045 -0.0541838 -0.0183358 -0.0192167 0.00268426 0.00234661 0.00463851 -0.0161324 0.0194648 -0.0335875 0.0273937 -0.00417824 -0.0319769 -0.00636674 -0.0324519 -0.0376559 
0.00381749 0.0206283 -0.0426609 0.00117897 0.0319816 -0.0378568 0.000595034 -0.0245696 0.0257212 -0.0506199 -0.0071225 -0.0063079 0.0230466 0.00870968 0.0268318 -0.0176031 -0.018033 0.00574924 -0.00744361 -0.00224586 0.00147242 0.00775524 0.00717337 0.00324273 -0.0182348 0.000878758 -0.0164389 0.00718995 0.00192348 0.0411629 0.0163106 0.0314749 -0.0309734 0.0364952 -0.0153205 -0.00502251 -0.0130848 0.0392007 -0.00964541 0.0215404 0.00416023 -0.0341696 -0.0109794 0.00666844 0.00139273 -0.00761774 0.0163675 0.0134739 0.0194154 -0.0310009 -0.0105962 -0.0144217 0.0262556 0.00892546 -0.0279921 -0.000988972 0.0164001 -0.0141778 -0.00398922 -0.023709 -0.00584674 0.00758169 0.00927374 -0.00109267 
0.0251937 0.000710967 0.00373935 0.0313952 0.000641748 -0.0350324 0.0023067 -0.0136861 0.0325206 -0.00386121 0.00373118 0.046667 -0.00923685 -0.00443743 0.0193206 0.00280036 0.02913 0.00873891 0.0120294 -0.0177613 -0.000595778 -0.018775 -0.0119014 -0.0301376 -0.00227545 -0.0285461 0.0223018 0.0189621 0.00882784 -0.00763093 0.0112011 0.0166853 0.0430522 -0.0156819 -0.0399981 -0.0280363 -0.00863286 -0.00884778 -0.0164273 -0.0413562 0.000674134 0.0174369 -0.0246417 0.0208575 -0.00243581 0.0247373 -0.00705347 -0.000866347 0.000432875 0.0294564 0.0347522 0.0126854 -0.00667689 -0.0333801 -0.0211238 -0.0136612 0.0255587 0.0113123 0.00699902 -0.0149578 0.0186207 0.00650139 0.0124097 -0.0205705 
-0.00678222 0.0016702 0.00609299 -0.00562388 0.0155979 -0.0241855 -0.0145394 -0.00877081 0.0104859 -0.0233634 -0.00414672 -0.0247031 0.00645057 -0.00603834 -0.0241971 0.00196093 0.00574627 0.0228935 0.00929402 0.0131341 0.0330795 -0.0232299 -0.0162281 0.00205178 0.0126836 0.0107801 -0.00424214 -0.0369067 0.013906 0.00740131 -0.0210114 0.0102573 0.00531898 0.0409014 0.0330778 -0.00261344 0.000588487 0.000666084 -0.020211 0.00270334 0.00115218 -0.0312193 -0.0517675 0.01358 0.00244728 -0.00376328 0.0275683 -0.0278346 -0.00773145 -0.0318423 -0.0219495 -0.00725537 -0.0203933 -0.0171648 -0.0107968 0.00161015 0.0135893 -0.002124 0.00195889 -0.00034098 -0.0106254 0.0206004 -0.0154647 -0.022235 
-0.0283465 -0.00728442 -0.00990379 -0.0569805 -0.0137294 -0.0123503 0.0109732 0.000142473 -0.0304823 -0.00984682 0.00236595 0.0003544 0.00544749 0.0118103 0.0170125 -0.0306438 0.0122944 0.012611 -0.0209062 -0.0101614 -0.0208005 -0.00550086 0.0284493 0.0316078 0.00423371 -0.00129275 0.0169636 -0.0046084 0.00399898 0.0128722 0.00198488 -0.00809775 0.00758689 0.00435392 0.0111384 0.023117 0.0170798 0.0109282 0.0114774 -0.00302426 0.000965712 -0.00173032 -0.00450138 0.0108196 -0.0125698 0.00839725 -0.0278077 0.00527236 0.0125807 -0.00721911 -0.0200696 -0.00413841 0.0116617 -0.0133953 0.0472851 -0.0156491 -0.00696545 -0.029164 -0.00750122 -0.00550604 0.00463473 0.0190825 -0.0113785 -0.00521281 
-0.0209533 0.00960606 -0.0159847 -0.0540506 0.00643475 -0.00826165 0.00725547 0.00654287 0.0240666 -0.0224607 0.0149174 0.00648827 0.0213838 -0.0211842 -0.0236133 -0.0348059 -0.0246372 0.00817732 -0.0261129 0.0296991 0.00546306 -0.0115349 0.0410834 -0.013866 0.0177673 0.0308343 -0.00154222 0.0205486 0.0233208 0.000160311 -0.0112897 -0.0189027 0.0238989 -0.00324024 -0.0325329 0.00104909 0.0167006 -0.0055714 0.00952854 0.0135001 -0.0053099 0.00583916 0.00958327 -0.00859739 -0.000499127 0.0190157 -0.0255374 0.0102583 -0.00300713 -0.00761669 -0.00775048 0.00409802 0.0301236 -0.0691041 -0.0106758 -0.0165727 -0.0182622 0.0124262 -0.016011 -0.00513476 0.00778104 -0.0215207 0.0347713 0.00882526 
-0.0291095 0.00873329 0.00139859 0.0234585 -0.015134 0.0143921 -0.0100065 0.0226274 0.00490082 0.032367 0.0332751 -0.0150633 0.0238461 -0.0177316 0.0239366 0.0106199 0.0242819 -0.00576483 0.0212904 0.00452204 -0.00511283 0.0178862 0.0398115 0.0420368 0.0199756 0.0288068 0.0310525 -0.0249785 -0.0247864 0.0112658 0.00689573 -0.0168834 -0.0103171 0.0433853 -0.0411827 -0.0217977 -0.0344925 0.028482 -0.0325062 0.0100005 -0.0179682 0.0215208 -0.00338428 -0.0278985 -0.00209206 -0.0160468 0.00645112 0.0021154 0.0337469 0.00828964 0.014697 -0.0156035 0.00234849 0.0240597 -0.026215 -0.0302164 0.0188764 -0.011963 0.0104629 -0.00497682 -0.0129098 0.00646759 -0.0118179 0.00335889 
0.0119728 -0.0460494 -0.0122404 -0.0218542 0.0147004 -0.00310284 -0.0392221 0.0204475 -0.0116783 -0.0332188 -0.0189108 0.0266094 0.00402865 0.020601 -0.0029042 -0.00248715 0.0221348 -0.0210684 0.0196989 -0.00800512 -0.0113196 0.018641 0.024987 -0.00715088 0.027724 0.00954489 -0.00376241 0.00694396 0.00906662 -0.00390938 0.0091802 0.0208571 0.0261077 -0.0104754 0.0117016 -0.00857774 0.0170484 0.0333336 0.0256407 -0.0321324 -0.00143879 -0.0400592 -0.0272924 0.00477525 -0.0190934 0.01077 0.0155217 0.017806 -0.0155655 0.0274117 -0.0255378 0.00942277 0.00815169 -0.00526409 0.0127959 0.0272954 0.0269635 -0.0184675 0.0330441 -0.00304168 0.00132816 0.0348677 -0.00364616 0.0387908 
0.0344818 -0.00986737 -0.0315206 -0.00897771 -0.00439226 0.00637431 -0.0237427 0.0242046 -0.0212336 -0.00769946 -0.0215765 -0.015721 0.0103058 0.0149594 0.0100108 0.000949056 -0.0196876 0.0291669 -0.0244185 0.0151271 -0.00852542 -0.00373852 0.0220987 -0.0132604 -0.0184139 -0.00904027 -0.00135222 0.000863755 -0.00943391 -0.022463 0.0186148 0.0223864 0.00626443 0.0338883 0.029941 -0.00740715 -0.0029892 0.0105477 -0.0144468 -0.0204404 -0.0201727 0.00261386 -0.00413793 -0.00935093 -0.00431849 0.00705173 -0.0315742 0.00344066 -0.016175 0.0185296 -0.0111398 0.00158246 -0.0052628 -0.0162505 -0.00272121 -0.0250262 0.00638111 0.0341943 0.017775 0.0241408 -0.00605051 -0.0218453 -0.00420084 0.0136601 
-0.0436904 -0.00343606 0.0270469 -0.0209515 0.0131234 0.00120356 0.00706541 0.00337169 -0.0107117 -0.0251752 -0.0257388 -0.0375952 -0.0110212 -0.000948172 -0.00286073 -0.000719551 0.0133817 0.00398524 0.0020417 0.0047366 -0.0229421 0.0195889 -0.0392224 -0.00596363 0.0178533 0.0221142 0.00541307 0.0118279 0.0270109 0.0158509 0.0163587 0.0619661 0.00137355 -0.00498458 0.0206758 -0.0395946 0.00531039 -0.0368268 -0.0162948 -0.028217 0.0163182 0.0271492 -0.0103292 -0.0467847 -0.0146511 0.00644116 -0.00893303 -0.00815763 0.0284002 0.0150082 0.0130517 0.0142874 -0.0184937 0.00319138 -0.0216648 -0.0155164 0.0085069 0.0126965 0.00327625 0.0308195 0.01818 0.00473038 0.0057889 -0.00430993 
