64 64
-0.0404022 -0.0177157 0.00147484 -0.011989 0.0047328 -0.0157291 0.0179089 -0.0232113 -0.0367935 -0.0311083 -0.0109411 0.00592891 0.0338967 0.0333644 -0.0402623 0.0245059 0.00648071 0.0313313 0.005113 0.00450501 -0.0197659 -0.0263124 -0.0175253 0.0199597 -0.00447201 -0.00194625 0.0160022 0.014208 -0.0244797 0.02151 0.00760519 0.0230312 -0.0208687 -0.00387161 0.0545502 0.0163107 0.0042452 -0.0160921 -0.0345032 -0.00245314 0.0159637 0.0188123 0.0100977 -0.0204245 -0.0133509 -0.0174671 -0.0157158 0.0131536 -0.0237994 0.0265785 0.0137344 -0.0029259 -0.00192189 -0.0396475 -0.0195502 0.00612083 0.028209 -0.0157546 0.0235461 -0.00567095 -0.00583207 0.0133281 0.013795 -0.0124366 
0.00309371 0.00453941 0.0311528 0.0163851 0.0068096 -0.000621295 -0.00826238 0.00860927 -0.00643608 0.0144073 0.0145733 -0.0288548 -0.000750889 0.0007134 0.0406717 -0.00356008 -0.00708516 -0.00490139 0.00481293 0.0214257 0.0200642 -0.0358386 -0.0038614 -0.00766277 -0.0254084 -0.000921513 0.0345928 0.0286438 -0.0154867 0.0139005 0.00274395 -0.0216663 -0.00275703 -0.0113388 -0.00740837 -0.00056868 0.000637588 0.00273157 0.0183741 -0.0129659 0.00587814 0.00227357 -0.00966117 0.00174195 -0.00642487 0.0219739 -0.0401297 -0.0381206 -0.0203763 -0.0129262 0.013321 -0.00507297 -0.000824837 0.0274828 0.0189288 0.0527492 -0.00664725 0.0148059 -0.0196246 0.0127359 -0.0508021 0.00274284 -0.0217123 -0.011144 
0.013739 -0.00840038 -0.0132692 0.0111006 0.00789061 0.000155321 -0.0164174 0.0322065 -0.0274652 0.0171474 -0.00345174 0.0126753 0.0224271 0.0280644 -0.000708883 -0.0298778 0.01702 0.00527176 -0.0331691 -0.0186792 -0.0257118 -0.00158723 0.0286984 -0.0231408 0.0180595 -0.0188242 -0.00892513 0.0147179 0.0073428 -0.00664224 -0.0254065 0.00566139 -0.0154784 0.0124487 0.000693431 0.00729898 0.0305044 0.037331 0.0282327 -0.0126148 0.00780868 -0.0241751 0.024517 -0.0326101 0.035762 0.0185438 -0.00541466 -0.0034681 -0.0150872 0.013099 0.0135018 0.0133147 0.0328217 0.0381776 0.015683 0.0273484 -0.0313839 -0.0269163 -0.0228621 -0.022973 -0.00311644 -0.0103819 -0.0266757 0.0514383 
0.0541982 0.0292066 -0.0311873 -0.014136 -0.0376164 0.0386691 0.00533984 0.0308054 0.0035994 -0.0422856 0.0187865 -0.00131085 0.0138655 0.0153536 -0.0120321 -0.0130902 0.0411782 -0.0330458 0.00848219 0.00443219 -0.0207041 0.015714 0.0250606 -0.0135803 -0.0101855 -0.0172589 -0.0159286 0.0163699 -0.00735161 -0.00132137 0.0296654 -0.0171533 0.0133856 0.0378988 0.00434385 0.0231879 -0.0134953 -0.0289179 0.019678 -0.0264863 0.0339014 0.00740229 -0.00373809 0.0195539 0.0115216 -0.016658 -0.0114912 -0.0146564 0.00795489 -0.00191165 0.0125381 -0.00408103 0.00889721 0.0180736 0.00237936 -0.0423027 -0.0045972 -0.00737496 0.0166942 0.000167605 -0.0127323 0.02042 -0.00501405 0.0125277 
-0.0084096 -0.0144628 0.00261402 0.0104567 -0.0401428 -0.00362552 0.0299162 -0.0263502 -0.0102369 -0.00604863 0.0124363 -0.0103094 -0.00507806 -0.00574024 -0.00389815 0.031606 -0.00395816 -0.00711997 0.0220102 -0.0145258 0.00734965 -0.0138266 0.00306729 -0.0028849 -0.00579352 0.00167473 -0.0382066 0.000984519 -0.00255956 0.0163705 0.0163095 0.0215703 0.0137536 0.00509571 0.00381303 -0.0199369 -0.0145162 -0.010852 0.02765 -0.0443368 0.0467642 0.0130115 0.0340476 0.0152837 0.0275814 0.0170103 -0.00438122 -0.00681574 0.0193019 -0.00186277 -0.00934098 -0.00586739 0.0329575 0.0169914 -0.00896503 0.011937 -0.0484655 -0.0189013 0.000490314 0.00136294 0.0141735 -0.00128554 -0.00728398 -0.0279503 
0.0216584 -0.00354657 0.00230968 -0.0284227 -0.00719724 -0.0141854 -0.0341757 -0.0175109 -0.0213033 0.00304821 0.0125352 0.0181856 0.0181072 0.0109488 0.0120477 -0.0075345 -0.00914319 0.00866104 -0.0345669 0.00448424 0.00767988 0.0166859 -0.013223 -0.0218989 0.00689353 0.0309519 -0.0159239 0.0518283 -0.00357864 0.0193885 0.0306757 0.00971407 -0.00511433 0.0350701 0.0191955 -0.00138109 0.0564969 0.0202187 -0.00321099 -0.026263 0.0190346 0.00764692 0.00520809 0.0279048 -0.00502196 0.0293369 -0.0417543 -0.0101277 -0.00314208 0.00111128 -0.0197572 0.0383816 -0.00598026 0.0468893 0.0160363 -0.0459332 0.0195979 0.000598302 0.0456989 0.0224725 0.00027942 -0.0298684 -0.0393356 -0.0180285 
-0.0367875 -0.0213635 0.0117516 -0.00219605 -0.023543 -0.0246498 -0.0213 -0.00524837 -0.00330281 0.0016225 0.006001 0.0310069 0.00307789 -0.040732 0.0411053 -0.00519972 -0.00930086 0.0140551 -0.00666936 0.00387476 -0.0315533 0.00881917 -0.0173367 -0.0190204 -0.0191498 0.0125122 0.0340631 0.0275549 -0.00515451 0.0173982 0.0143183 0.00367568 0.00889381 -0.00283771 0.00101381 0.0169911 0.0192193 0.0183544 0.00128944 0.0601512 -0.00414589 -0.016383 0.00454176 -0.00359953 -0.00620538 -0.0245394 0.00186962 -0.0010868 -0.0106166 0.0280546 -0.012652 -0.00556469 -0.04748 0.0293722 -0.0157491 -0.00909049 -0.00491175 0.0154071 -0.0153361 -0.0294826 0.0130363 -0.00481299 -0.0317431 -0.0173398 
-0.0344823 0.0144426 -0.0516483 -0.024261 -0.0131489 0.021189 0.0250647 0.00908897 -0.00592797 -0.00438713 -0.0388832 0.0114523 -0.0041864 -0.00634296 0.0170768 0.0290683 -0.0172716 0.0239097 0.0404797 -0.0404509 0.0369821 -0.0190292 -0.000599434 -0.0232682 -0.0275993 -0.0115963 -0.0214659 -0.0317904 -0.0222888 0.00624534 0.00642839 0.0379425 -0.00958467 0.0178769 -0.0318509 0.00320116 -0.00592564 0.00927652 0.00755702 0.00330911 0.014603 -0.00973106 -0.0102134 0.0270303 0.00615661 0.0110452 -0.0312229 0.0156303 0.0200269 0.0226393 0.00706267 0.015097 -0.00750529 0.0300264 -0.00328179 0.0313763 -0.00217025 -0.0203222 0.0155514 0.0141113 -0.0406372 0.00978678 -0.00354421 0.017525 
0.0386164 -0.0101928 0.0148151 0.0194684 0.0107963 0.0336486 0.0334581 0.000677805 -0.0306166 0.0103503 -0.0107052 -0.00337085 -0.0119693 0.0641036 0.0261742 0.0170136 -0.0195833 0.00865211 0.0272568 -0.0126615 0.0222625 0.014606 0.0163187 -0.0179578 0.0126307 0.01239 0.00754104 -0.0136601 0.00770713 0.00303107 -0.0193054 -0.0307249 -0.0165536 -0.0128435 -0.00357806 -0.0227076 -0.0283963 0.00570836 -0.00158162 -0.0128462 0.0265913 -0.0179643 -0.00360412 -0.0187742 -0.0249541 0.00577144 -0.0233198 0.038721 -0.0382982 -0.00895703 0.0155909 -0.0194605 0.00120363 0.0412298 -0.0167613 0.0256188 -0.0252392 0.015189 0.00340214 0.012983 -0.00544758 0.0281691 -0.00269409 -0.0290564 
0.0500823 0.00979632 0.000416912 0.0190354 -0.0595166 0.0311207 -0.0344043 0.0386119 0.0297629 0.0172578 -0.0196067 0.0296234 -0.00540564 0.00262778 -0.0164666 0.0451015 0.0315812 -0.0256728 0.0070317 0.000769739 -0.0282622 0.00375462 0.00179418 -0.0030337 -0.0213886 0.0257649 0.00416532 0.0176642 0.016127 0.00915658 -0.0218782 -0.0137759 -0.0121837 0.00537492 0.0194108 -0.0314355 -8.71244e-06 0.0093256 -0.0189183 -0.0357254 -0.0024357 0.00263384 -0.0150334 0.0178453 0.0137757 0.0187317 -0.00986762 -0.00649705 -0.00907477 -0.043457 -0.0195588 -0.0316872 0.00310013 0.0502621 0.000816211 -0.00677194 -0.00142629 0.0121679 -0.0138061 0.0223152 0.00191624 -0.0161466 -0.0417352 0.0159232 
0.00969837 0.00731527 -0.00769171 -0.0222186 0.0106968 0.000782113 0.000312606 0.0036143 0.0177379 -0.0153585 0.00470524 0.0564247 -0.00577876 -0.0119568 -0.00748914 0.0517484 0.0109874 0.0118353 -0.00850129 -0.0191766 -0.0248115 -0.000802649 -0.0216643 0.00831273 -0.0190742 0.00445245 0.00368493 0.0198225 -0.0206834 -0.0376698 -0.0134538 -0.0138927 -0.0547769 0.00493754 0.000867977 -0.00318359 0.00796672 0.00182496 0.0196836 0.0052248 -0.0427074 0.00576683 0.00675844 -0.0576447 -0.0162324 -0.0190736 0.00820435 -0.0171778 -0.000984123 0.0166062 0.0380806 -0.0287748 0.0239968 0.0291451 -0.000853526 -0.010318 0.00654887 0.00420077 0.0126832 -0.0137551 -0.00899736 0.00401083 -0.0143916 0.0155404 
0.0199146 0.00393152 -0.0264044 0.00729823 -0.00866605 0.0113946 0.0139193 0.00780465 -0.0384802 -0.00983111 0.0262447 -0.0175061 0.0174603 0.0057825 -0.0159912 -0.00519668 -0.0223503 0.024332 0.0401324 0.0151248 -0.00616051 0.0198958 -0.0302445 -0.0142391 -0.03654 -0.0139069 0.0253097 -0.00431624 0.0058738 0.00910964 0.0211379 -0.00573593 0.00578504 0.0124906 -0.00823895 -0.00255375 -0.0275079 -0.00473971 0.0156194 0.0107938 -0.0251764 -0.0187909 -5.89163e-05 0.0120215 0.00621846 -0.0119979 0.011251 0.00324263 -0.0167341 -0.00154525 0.0103416 0.00677288 0.00648862 -0.00796927 -0.0140167 -0.0194424 0.011234 4.61496e-06 0.0430815 0.0105379 0.00784432 0.0225435 0.0285228 0.00708482 
-0.00360545 -0.00147506 -0.0388524 -0.00367361 -0.0123961 0.00155252 0.00925703 -0.0260488 -0.014926 -0.0656032 0.0296582 0.035137 0.00478918 -0.0269172 -0.0110024 0.00303292 0.0238845 -0.00748622 -0.0252683 -0.000191403 -0.00130627 -0.0277787 0.0203759 -0.0163402 -0.00224036 -0.0241608 -0.0314742 -0.0376135 0.00220687 0.014175 0.00304117 -0.00716621 -0.0220676 -0.0258504 0.0226532 0.0118389 0.0218577 -0.0134608 -0.0111906 -0.0161831 -0.00767018 -0.00406821 0.0198796 -0.00990761 -0.00278037 -0.00770877 -0.0436314 0.0178969 0.00557282 0.0292727 0.00938939 0.0201547 0.00462237 0.0182689 -0.0332442 -0.0239803 -0.0239592 -0.0095572 -0.00600121 -0.0134917 -0.00826863 0.0101599 -0.00215467 0.0218795 
-0.0216791 -0.0240344 -0.0117893 -0.0219003 0.00270087 0.0100707 -0.0102797 0.00883627 -0.0241412 -0.000832007 -0.0264575 0.0287122 0.00476314 0.000969416 -0.0224617 -0.014998 0.0558547 0.00283935 0.00835299 0.0181946 -0.0072783 -0.035202 0.00345881 -0.00406112 -0.00459281 0.00314777 0.00327724 -0.0348912 -0.00131516 0.0134875 -0.00992174 -0.0399399 0.00812693 -0.0112042 0.0118187 0.00123283 -0.0361983 -0.00850638 0.00572091 0.00165613 0.0146043 -0.0218257 0.00113265 -0.0319847 -0.00977622 0.0220557 -0.00875944 -0.0300228 -0.0186618 -0.00305144 0.00328799 0.0180158 -0.00025658 -0.0168891 0.00282126 -0.0151022 0.0400763 0.020529 0.0238696 -0.0213434 0.00655991 -0.0118664 -0.00252133 0.0326279 
-0.0111727 -0.000950721 -0.0160508 0.0129031 0.0193991 -0.00916701 0.0175804 -0.0240853 -0.0271512 0.00648924 -0.0156637 -0.0199589 0.0186956 0.0186728 0.0193051 -0.0236702 0.00581375 -0.00801527 -0.0246125 -0.0174011 0.0128237 0.0238893 0.0236922 0.00894357 0.0115285 -0.026723 -0.0440577 -0.0253956 0.0124903 0.0101355 0.0544804 0.0236391 -0.0100771 0.0195098 -0.00588014 0.00926747 0.015285 0.0329767 -0.00150724 -0.0283913 0.0171437 -0.00922266 0.00113724 0.0366162 -0.0381208 -0.0113064 0.0273068 0.0206632 -0.0129414 -0.00859215 -0.0203234 0.0287764 -0.0252591 -0.0298906 0.00846177 0.0110405 0.000667217 0.0168413 -0.00668539 -0.0113856 -0.0209468 0.0186551 0.0279009 0.0120665 
-0.00223166 -0.000538378 -0.00753534 -0.00301818 0.00420758 -0.00185014 0.0209707 -0.0109251 0.0513199 0.0100744 -0.00719233 0.0384463 -0.00360314 -0.0108979 -0.0126462 0.00576161 -0.0108584 -0.00602196 -0.00766609 0.00664808 0.000741224 -0.0229202 0.0102704 -0.00430009 -0.00228021 0.0259939 -0.0318033 -0.00850946 -0.0102777 0.00154431 -0.00524408 -0.0089788 0.0132087 0.0100725 0.0125821 0.00408383 -0.00916673 0.0244493 0.0182846 -0.0185329 0.0106155 0.00100709 0.00299708 -0.00864464 -0.00755025 0.0185629 0.00276289 0.0240059 0.00233459 -0.00802554 0.0285419 0.0164967 0.00878439 -0.0124521 0.0171682 0.0318439 -0.0268621 0.00396144 0.024879 0.0170574 -0.0029869 0.0171337 -0.00713628 -0.0380499 
0.0189286 0.00227852 0.0289965 -0.0139016 -0.0274309 0.0475128 -0.00564881 0.00995576 -0.00394429 0.0072945 0.00801915 0.00213055 -0.00550335 -0.0605258 0.00612801 -0.012642 -0.026476 -0.0452049 0.028967 0.0277993 0.00589427 -0.0207601 -0.0020113 -0.00652929 0.0114318 0.00648912 0.0134915 -0.0179517 0.0167706 -0.0151219 0.00193956 -0.00709958 0.0224929 -0.0191479 0.0102599 0.0301114 0.00749498 -0.0348466 -0.0326793 -0.039527 0.016278 0.0253139 0.00302454 -0.00736757 -0.00476114 0.0158229 0.0122151 -0.00394031 0.00851507 0.0162971 0.0143334 -0.00156772 0.0440325 -0.0192856 -0.00928424 0.0140982 -0.0254527 -0.00776183 0.0135749 0.00475325 -0.0138293 0.0180558 -0.0020544 0.0416088 
0.0175797 -0.0227955 -0.0175958 0.0143527 -0.0158328 -0.00701324 0.0434827 0.00208665 -0.023885 0.00577249 0.0187728 -0.000418021 0.0269662 0.0182718 0.0190171 0.00642938 0.0203279 -0.00263035 0.0206164 0.0507489 0.00908013 0.032765 0.0137294 0.00266688 -0.00413716 0.00310124 0.0505738 0.000960614 -0.0524818 0.0230754 -0.0415093 0.0112767 -0.00230894 0.00956188 0.0238943 -0.0129771 0.0288446 -0.0136278 0.0243317 0.0228076 -0.015693 -0.00107376 -0.0362423 0.00974417 -0.00209827 0.00431703 -0.0202475 -0.0235786 -0.00323058 0.0178449 0.0131048 -0.0227914 0.00307855 -0.0254729 0.0329809 -0.0112007 -0.0175975 0.0165815 -0.0119674 0.0122233 0.00568372 -1.84398e-06 -0.0285052 -0.00138566 
-0.00831917 -0.0181594 0.035619 -0.0127949 0.0283465 -0.000829626 0.00503782 0.0135024 -0.0252834 0.014971 0.0240109 -0.00666986 -0.00569935 0.0047783 0.0217473 0.0108696 0.00260683 0.0280976 0.0125237 0.0224966 0.0305453 -0.011532 -0.0094905 -0.0174862 0.015112 -0.042021 -0.00611895 -0.0197512 0.00391216 -0.000717544 0.0170744 -0.0180958 0.000720539 0.0169274 -0.0222896 -0.00681142 -0.00559198 0.0412333 -0.0455344 -0.0117094 0.016639 -0.0190875 -0.00299234 -0.0116704 0.0229999 0.00350104 0.00863515 -0.00350075 -0.0341967 0.0216534 -0.0104419 0.0102871 -0.0163327 0.0238029 -0.00280156 -0.00197595 -0.0211084 -0.0207457 -0.0160496 0.00202399 -0.00166209 -0.00425272 0.00237766 0.0212122 
0.00219041 -0.0103294 -0.013321 0.0219917 -0.0145691 -0.0125601 0.0278524 0.0189978 -0.0209244 0.0271382 0.000778828 -0.038625 0.0240422 -0.0165529 -0.00348356 0.0127687 -0.00510241 -0.0194798 0.000611761 -0.0129111 -0.00959447 -0.00164805 -0.0275883 0.0312077 0.00768044 -0.0110575 -0.0680366 -0.0129059 -0.00868672 -0.0125405 -0.0119319 -0.0299398 0.0341244 -0.0233898 0.00754187 0.0202166 0.0107446 -0.00789097 0.00119341 0.00574879 -0.0279143 -0.0102566 0.0222107 -0.00256794 -0.0248912 0.0219727 2.64832e-05 -0.0243816 -0.00979705 -0.0143643 0.00467999 -0.00684141 -0.000418655 0.0363217 -0.0128813 0.0189281 0.0158162 -0.00546329 0.0171772 0.0034746 0.0130941 0.0333638 0.0139674 -0.0414974 
0.00589218 -0.0033198 -0.0276305 -0.0063458 -0.0112543 -0.0175337 -0.0235676 -0.0123729 0.00354632 -0.0088845 0.0107021 -0.0162812 -0.0193446 -0.00549814 -0.0436673 -0.00779429 0.00275482 -0.00975783 0.0103678 -0.0163642 0.00908827 -0.00441995 0.00137174 -0.018609 -0.00779025 0.00358803 0.0138932 0.0173814 0.0068608 -0.020663 -0.00712898 0.0252789 -0.00279495 -0.00650127 0.0188182 0.0275902 -0.0120707 -0.00646451 -0.00284517 0.0509948 -0.0161372 -0.0299935 -0.00363154 -0.0236117 0.00722714 -0.00703326 -0.0516122 -0.0123855 -0.0550969 -0.00762976 0.0435901 -0.0122001 0.014562 -0.0019095 0.00253107 0.0120403 0.0124354 0.0135297 -0.0271628 0.00681716 0.0322326 -0.00473745 0.00457746 -0.0215369 
0.0182341 -0.0514186 0.0130119 0.0243431 -0.043763 0.00190098 -0.0131207 -0.0291619 0.00142285 0.0323248 0.0179205 -0.0335722 0.0246248 0.0127579 -0.018004 -0.0339094 -0.0135685 -0.00993251 -0.00133374 0.00141972 0.00759981 0.0122898 0.0184129 0.0222605 0.00723633 0.0217021 0.00439657 -0.00750838 0.0214667 -0.0252163 0.00338734 -0.00115112 0.0123274 0.0305769 0.00244755 0.0361095 0.0189658 -0.0196579 -0.0167884 -0.0173477 0.017477 -0.0154411 -0.0200844 -0.00260587 0.0386846 -0.00412021 0.0246759 0.010202 -0.013932 0.0125084 0.00278235 0.0269303 -0.00953096 0.00527248 -0.0259041 -0.0222069 -0.012417 -0.0159141 -0.0258779 -0.00123786 -0.0021213 -0.0053524 -1.15163e-05 -0.0112267 
0.00842738 0.018317 0.0314241 0.0181156 0.00974146 -0.0163775 -0.0191339 0.0170811 -0.00858564 0.035009 0.0274176 0.0230055 0.00379939 0.0146364 -0.00253963 -0.00378505 -0.0263344 -0.00979086 0.025106 -0.00929735 0.00119686 0.0237607 -0.0356967 -0.0235628 0.0194098 0.00269308 0.00577574 -0.00413378 0.0119034 -0.00706094 -0.0212185 -0.00546256 -0.0188687 -0.0138867 0.00153207 -0.00880231 0.00846483 -0.0118476 -0.0152929 0.0319686 0.0441504 0.0289933 0.015311 -0.0274438 0.0285104 0.0215261 0.0255064 0.0324461 0.0236815 -0.00299538 -0.0216356 0.00810386 0.00725634 0.0184005 -0.00177851 3.29168e-05 -0.0025777 -0.00289421 -0.00773444 0.0136113 0.0239694 0.0101228 0.00485692 0.0158742 
-0.0128516 -0.0273239 0.0411444 0.0299578 0.030707 -0.0592708 0.00162732 0.00733375 -0.00918069 0.00118151 0.0200594 0.0145297 0.0195414 0.00524978 0.0204119 -0.00475745 0.0109241 0.00696492 0.00563448 0.00422882 -0.0202965 -0.0195505 -0.00473266 -0.00783909 -0.014049 -0.0450616 -0.0324873 0.0194452 -0.0135988 -0.0107975 0.00104765 0.0126997 0.00182198 0.026559 -0.00684726 -0.00996564 -0.0129981 -0.0304373 0.00764715 -0.026583 0.0320859 0.0199157 0.0178604 0.017219 -0.0041333 0.00969353 0.0292627 -0.0207125 -0.00506807 -0.0102625 -0.0151493 0.0277759 0.00913534 0.00589129 -0.00178239 -0.0029986 -0.0140669 0.0157726 0.0327113 0.00164535 -0.0249758 -0.00133831 -0.0185478 0.0170323 
0.00306825 0.00114044 -0.00981766 0.0182412 0.0102947 0.0167795 -0.0302033 -0.0252424 0.0053044 0.0123855 0.00257436 0.0186253 -0.0415239 0.00207357 0.0183863 -0.0575891 0.00589266 -0.0431475 0.0701797 -0.00345616 0.0383645 -0.0297761 0.0113134 0.00471849 0.0216695 0.00986959 0.00471595 0.00336765 0.0442954 -0.000428959 -0.00790594 -0.00780371 0.0532037 -0.00671122 0.00312869 0.0392794 -0.0253957 0.032014 0.0121656 0.0163631 0.0197261 -0.0262501 0.0204257 0.00986779 0.0265125 0.018091 0.00724216 0.0131141 -0.00307582 0.0175016 0.00255502 0.0113287 -0.0119778 0.000578684 -0.00368066 0.0181826 0.0142253 0.0137785 0.023716 -0.010992 -0.00393524 -0.00224901 0.0250195 -0.0498231 
0.0359367 0.00923387 0.0114431 0.00079353 0.0196348 -0.0176638 -0.00567019 -0.011378 0.0112137 0.0106226 -0.0075382 0.00660337 -0.0401715 -0.0110543 0.000677176 0.0192345 0.0125036 -0.0123209 0.02265 0.0226255 -0.0344692 0.023282 -0.00464665 -0.00414618 0.00565785 0.0140547 0.0205874 0.0022379 0.00965882 0.00226164 0.0247682 -0.0206168 0.00585741 0.00312273 -0.0132925 0.0396909 -0.00414031 0.0238476 0.0214092 0.0255984 0.0055205 -0.00643464 -0.0188864 0.010369 0.0091807 0.0228036 0.0340822 -0.0100647 -0.04534 -0.0191233 -0.0264951 0.00341755 0.0301375 0.0111168 0.00522243 0.0072834 -0.00575735 0.0105181 -0.0140968 0.0242808 0.0170952 -0.0159343 0.00128103 0.000334186 
-0.00613389 0.000935301 -0.00814325 0.0115688 -0.00663259 0.0258395 -0.0177644 0.0137554 0.0243104 0.0486036 -0.026793 0.0251104 0.0275818 -0.00733562 0.00259142 0.0309155 0.0394984 -0.0179631 0.0103894 0.0185188 -0.0227229 0.0126799 -0.010578 -0.00211851 0.0313425 -0.00242945 0.00226328 -0.0295419 -0.00311356 -0.00918593 -0.0214363 0.0238815 -0.0182364 0.00511308 0.0149542 0.0222453 0.00747498 0.0264792 -0.0126102 -0.043849 0.016632 0.0161653 -0.0100923 -0.0446501 0.0317588 -0.0117464 0.0151076 0.000819334 -0.00452254 -0.0356732 -0.0235561 0.00111714 0.02602 0.00295783 0.0142482 -0.0256647 0.011313 0.00190378 -0.000423865 -0.0066875 0.0169447 0.010208 0.0208908 -0.0105683 
-0.0137543 -0.00272209 -0.0386118 -0.0140412 -0.0143866 0.0177621 0.0195517 0.00197913 -1.24497e-05 -0.0135646 -0.018903 0.000214598 0.0162991 0.0187028 0.0334239 0.00925464 -0.0110232 -0.0233483 0.0180439 -0.00103141 0.00485458 -0.0319633 0.0228435 -0.0188848 -0.0113994 0.00725475 0.0209757 -0.0274279 -0.019999 -0.0047316 0.0371957 -0.0349001 0.000426805 0.00221678 0.00541742 0.00284826 -0.00414522 0.00560095 0.0232521 -0.0045714 0.0121598 0.0291461 0.00899982 -0.0228697 -0.0140878 0.0132026 0.00175848 0.0165352 -0.04137 0.024683 0.0313421 -0.0253809 0.0345677 0.0305537 0.0308815 0.0224867 -0.0174853 -0.00765197 0.0220183 -0.0246761 0.00730538 0.00373486 -0.0069899 -0.00857879 
0.0330315 0.0257695 -0.00560649 0.0279704 0.00166287 0.00941818 -0.0224524 -0.0203334 0.00798368 0.00799179 0.0356191 0.0221818 0.0218904 -0.00922363 -0.00289777 -0.0179011 0.00767009 -0.00435081 -0.0110376 0.0256603 -0.000382984 0.00622725 0.00257806 -0.00685781 -0.0119732 -0.000412256 -0.00984923 0.0184763 -0.0153564 -0.0129451 0.00478886 0.00907527 -0.0156104 0.0303728 0.0417313 0.0199929 0.00622019 -0.0142966 -0.00185143 -0.0045729 0.0371765 -0.0254752 0.00242988 -0.0144606 -0.00930579 0.00218579 0.035997 0.000323763 -0.00841301 -0.00932886 -0.00409633 0.011685 5.23137e-05 0.0181526 -0.0152994 0.00863441 -0.0193224 -0.0242 0.0439564 -0.0541431 0.00225863 0.0104854 -0.0412125 -0.000712818 
0.0261727 0.0194916 -0.00404111 -0.0225795 0.0340624 -0.0305001 -0.0100496 0.0324376 -0.00989608 0.00576508 0.00793789 -0.014543 -0.0500076 -0.0251962 0.00391955 0.00155087 0.0202971 -0.0281467 0.0124378 0.0114515 -0.00701348 -0.0104401 0.0352507 -0.0165814 0.00636478 0.0147228 -0.0343341 -0.0333657 -0.0274958 -0.0215052 -0.0411899 -0.0426337 0.0428173 0.0306639 -0.0333286 -0.0184429 -0.00578893 -0.0112558 0.00614152 -0.0028235 0.00921373 -0.00746772 0.0134229 0.0165003 0.0431435 0.010029 0.00584889 0.00125574 -0.0187594 0.00254127 -0.0116444 -0.0275141 0.0463278 -0.0231569 -0.0363507 0.0145043 0.0041908 -0.000502071 -0.010703 0.00837542 -0.00129184 0.00647202 0.0153734 -0.0514105 
0.0122898 -0.00893714 -0.0103301 0.0292386 -0.0148386 0.0133012 0.0189816 0.0231315 0.0100833 0.0336399 -0.0013283 -0.0201424 -0.0194187 -0.000447704 0.00955133 -0.00797488 0.0199424 0.0200859 -0.0214398 0.00603736 -0.0216771 0.0433063 -0.00803919 0.00127853 0.00479325 0.0057063 -0.00996731 0.00540033 0.00576193 -0.0305294 -0.0170177 0.0341439 0.00915662 0.0165948 -0.00144806 0.0118808 -0.00429781 -0.0108409 0.0101856 -0.0426638 0.022976 -0.0064379 -0.0326248 0.00221905 0.0218816 -0.00348706 -0.0140053 0.034397 0.0423958 -0.0321948 0.0170865 0.00815127 -0.0121244 0.0134284 0.00169014 -0.00490881 -0.0254932 0.0189785 0.00799061 -0.0171498 0.0205875 0.010189 -0.00719514 0.0330214 
-0.0195282 0.00901123 0.0183259 -0.0165107 0.018125 0.0336999 0.0158257 0.00258234 -0.0162968 -0.0161754 -0.0411533 -0.0027072 -0.00301514 -0.0140861 0.0387107 -0.0284561 0.0175267 0.0199971 0.00320987 -0.00343557 0.00856041 -0.00180696 -0.0203 -0.0239418 -0.0217588 -0.0372311 0.0210935 -0.0349597 -0.014669 -0.0271949 0.00578494 0.0326004 -0.0100414 0.0296177 0.00159103 0.0206903 0.0029312 0.0442431 -0.000757357 0.0174439 -0.00105994 0.0199465 0.0232008 -0.0113993 -0.0270722 0.0243379 -0.00826711 0.00909348 7.22569e-05 -0.0108795 0.00523041 0.00133887 -0.0113172 0.00370824 0.0242631 -0.00343373 0.00148303 0.00765866 0.000764225 0.00528842 -0.0295611 0.0136769 -0.00562279 0.0166426 
-0.00528665 -0.000247959 -0.00308501 0.0306911 0.0379517 -0.0125611 0.0149649 -0.0189163 0.0143148 0.011354 -0.0374653 0.0121315 0.0117575 0.0141708 0.0177132 0.019741 0.0147807 0.0376312 -0.0100374 -0.0111802 0.0538584 -0.0147205 0.01217 -0.00345037 -0.0132995 -0.00781786 -0.0123698 0.00314874 -0.0106334 0.0214777 0.0365258 0.0119866 0.0168294 -0.0125309 0.00458762 -0.0249661 0.00207092 0.00157532 -0.0156147 0.0177029 0.00354293 -0.0064565 -0.000296753 -0.0292386 0.00727288 0.0102064 0.0156647 -0.0474849 -0.0100085 0.033832 0.000800517 -0.0128001 0.0155453 0.012626 0.00188351 -0.0161627 0.021635 -0.041261 0.0108202 0.076962 0.0167269 0.01835 0.00272633 -0.039905 
0.00457719 0.0136866 -0.0195397 0.00486646 -0.00505178 -0.0359118 0.000721585 -0.00104093 0.0116313 0.0014281 -0.0051556 -0.0170469 0.00688764 -0.00494278 -0.00321866 0.0154854 0.0129189 0.006355 0.00813626 -0.00497556 0.0227909 -0.00503413 0.00736973 -0.00750151 -0.0313418 0.0227027 0.00384069 -0.00858456 0.0148609 -0.00747288 -0.0389822 0.00239246 0.0364356 0.0428809 -5.2222e-05 0.0352852 -0.00480619 0.0106252 0.00651211 -0.0245134 0.00934911 -0.00721985 -0.00784585 0.00709606 -0.0160281 -0.00119573 0.0299921 0.019757 -0.0183758 0.000849932 -0.035206 -0.0224215 -0.00458724 -0.0135063 -0.0341569 -0.0225793 -0.000359348 0.00130874 -0.0266729 -0.0140807 0.028259 -0.0074943 0.000817525 0.0340766 
0.0454264 -0.0417724 0.0112502 0.000400942 0.00803259 0.00964509 0.00749556 -0.00406245 0.005665 0.0182215 -0.0242143 -0.00276767 -0.00114409 0.0104911 0.0192489 -0.0406383 -0.00789113 0.0143458 -0.0264624 0.0143055 0.0179455 0.00467213 0.0172466 -0.00280051 0.0396247 0.0153491 -0.00748644 0.0198938 -0.0294104 -0.00716563 -0.0375136 -0.0278902 0.0152035 -0.00738781 0.0175407 0.00551428 -0.00860334 -0.0224405 0.000394746 -0.0101331 -0.036995 0.00308471 -0.00861287 -0.0158795 0.0154288 -0.0184504 -0.0119204 -0.00360721 -0.00618358 -0.0107918 0.00431337 0.0132486 -0.0162504 0.0208585 0.00836245 0.0240209 -0.012903 -0.00801554 0.0193332 -0.00197505 -0.0411601 0.0408172 0.00878935 0.0304238 
0.0165455 -0.00424404 0.00917305 0.017198 0.00758308 -0.0183222 0.0144085 -0.0169749 0.00755013 -0.0162965 0.0308492 -0.0279483 -0.00109789 -0.0133909 -0.0311161 0.0260383 -0.0267555 0.0285059 0.00701199 -0.00941553 0.0392247 0.00797339 -0.0046463 0.0105185 0.0165636 0.0226984 0.00282987 -0.0206107 0.0243523 -0.0041571 0.0426981 0.00381898 -0.0169073 -0.0212867 -0.00566288 0.0172811 0.0010355 0.0202772 -0.024812 -0.0386522 -0.0337618 0.00293341 -0.000800668 -0.0119996 0.0117997 -0.0345039 -0.0170745 -0.0237911 0.00651797 -0.0113122 0.0148209 0.0180769 0.019553 -0.00880484 -0.0216081 -0.0168898 0.00264529 0.00772861 -0.0350959 -0.0112728 -0.0187947 0.0193629 0.0139032 -0.0309644 
-0.00411851 0.00307821 -0.00640886 0.0211434 -0.0276071 0.00629099 0.0322874 -0.00492235 -0.00888144 -0.000668549 -0.0270012 0.00649773 -0.00824035 0.00463612 0.00685938 -0.000180944 0.00815448 -0.0124254 0.0016907 0.0376032 -0.0330494 0.00882066 -0.00755583 0.00658286 0.0149189 -0.0115461 0.0308863 -0.00352903 0.00690431 -0.0129069 -0.00137154 0.0699293 0.0174478 0.0105829 0.00639942 -0.00357443 0.000951409 -0.00256368 0.0254511 0.011474 0.00561097 -0.0260517 -0.0115355 0.0202152 0.00385693 0.00965096 0.0243397 -0.00238118 0.0217894 -0.00279376 -0.000606273 0.0178081 0.0218506 0.00585683 0.0161089 0.0191078 -0.0112167 0.0344342 0.0291201 0.00610651 0.000907712 0.00925934 -0.0101962 -0.0174654 
0.00272828 -0.0166954 -0.00352707 -0.0169558 0.0311879 0.0323009 -0.00237351 -0.0375015 0.0185057 -0.0160606 0.00383277 0.0026704 0.00202666 -0.0275118 -0.00488274 -0.0046449 -0.0378753 -0.0162757 -0.0336664 -0.025325 -0.0166016 0.0760816 0.0130415 0.0267012 0.0136841 -0.00413524 -0.0117357 0.0128618 0.0076267 -0.00381061 -0.0501954 0.0165699 -0.00375243 -0.0247997 -0.0197893 0.0298874 -0.0253453 -0.00060173 0.0315292 -0.0099587 -0.0113416 0.025153 0.0195906 -0.0172097 -0.0203859 0.0136936 -0.0207852 0.00205511 0.0106759 -0.00645916 0.0181746 -0.00243576 -0.027201 -4.33823e-05 0.014069 0.0312309 -0.00991601 -0.00736656 -0.0290093 0.00864819 -0.00488098 0.02997 0.00142759 -0.0110966 
-0.0152197 0.0404958 -0.0292784 -0.0128279 -0.00324032 -0.0169175 -0.0238417 0.0366565 0.0222366 -0.00536759 0.0154503 -0.0108978 0.00936503 -0.0339304 0.0101832 -0.0339448 0.00389032 -0.00981262 0.0231459 -0.0223001 0.0163593 0.0345888 0.0392599 -0.00602497 -0.0297355 -0.0362822 0.00510654 -0.0160209 0.00542085 -0.0059845 -0.00877085 0.0294436 0.0237723 0.0235333 0.0122784 0.00824639 0.0123218 0.00220218 0.0255398 -0.000366955 0.00911424 -0.00138253 -0.0230186 0.00474557 -0.0220393 0.0030651 0.0306042 0.0143442 0.00383767 0.00703235 0.00283945 0.00183706 -0.00114191 -0.0018248 0.011221 0.00379838 0.0213306 -0.00587993 -0.0106385 -0.0177029 -0.0202973 0.0266298 0.00911991 -0.025043 
0.00150728 -0.0179507 -0.00939195 0.0288912 0.0284534 0.0188256 -0.0044404 -0.0129707 -0.00081487 -0.0451177 0.00336995 -0.0013547 0.0141967 0.0227562 0.0293186 -0.0156089 0.00235877 -0.017722 0.0114772 0.00348659 -0.00849174 -0.00718102 0.00968739 -0.0293336 0.0391923 -0.000258349 0.0207722 -0.0165741 -0.00306227 0.00328537 0.0111592 0.00282268 -0.00563179 0.014919 -0.0324057 -0.0208828 -0.0183124 0.0223794 0.00690168 0.0260864 0.0294974 0.0015732 0.00880606 0.00895778 -0.0131673 0.00397363 0.0203076 0.0271526 0.00871166 -0.00357443 -0.0174783 -0.0296287 0.00644969 0.0311757 -0.00371681 -0.0169321 0.0270598 0.0132594 0.00878049 -0.00631544 0.00316283 0.0226413 0.0154553 0.012432 
0.0109129 0.024804 0.00154584 0.0155535 0.0300366 -0.0213534 0.00085283 -0.0182851 0.0123634 -0.00596775 0.014672 0.0553456 -0.0200453 0.0151591 0.00684707 0.0309637 -0.000865466 0.00675392 0.00957125 -0.0140798 0.00939352 0.00163808 0.0172292 -0.00924302 -0.00164505 0.0185095 0.0398756 0.0162274 -0.0161993 0.0100389 -0.00150661 -0.00610056 0.0249668 0.00963697 0.00786397 -0.0299607 0.0123544 0.0112288 0.0082116 -0.00612452 0.0090764 -0.0393505 -0.0300396 -0.0247147 -0.0161139 -0.00982133 0.020623 -0.00119292 0.0119459 0.0372363 0.0356629 0.0140093 0.0290476 0.00296338 0.00199055 -0.0126086 -0.00400156 0.017408 -0.00213662 0.0031815 0.00978884 -0.0262654 -0.00183863 -0.00536331 
-0.000468719 0.0172574 -0.0251267 -0.00556902 0.0126706 -0.00244113 0.0141194 0.030954 0.0187376 0.00532498 0.0280972 0.00115575 0.0290581 0.00420015 0.00621707 -0.00745646 0.00946721 -0.00911826 -0.0143668 -0.00969061 0.01373 0.0286833 -0.0443812 -0.0236648 -0.0180851 0.0242511 -0.00840896 0.00716008 0.0105107 0.00898897 -0.00502561 -0.0138451 -0.0124241 0.0106967 -0.0124243 0.0113164 0.000174581 0.0104232 -0.0196451 -0.00962084 -0.0233484 0.00669312 -0.019033 -0.0484161 -0.0246139 0.00356149 0.00196196 -0.00717397 -0.00545648 -0.0278276 0.00199958 -0.018595 -0.013832 -0.0044045 -0.0217171 0.0171084 -0.0260932 -0.022964 0.00355096 -0.0114576 0.0113179 -0.01909 -0.00197074 -0.0279588 
-0.0114052 0.0181301 -0.00453212 0.0134587 -0.006555 -0.000522077 -0.0337599 0.0354822 0.0216324 0.0094569 -0.0157667 0.0101342 -0.00602639 0.0296041 -0.018495 -0.0199054 0.0058407 -0.0296611 -0.00512002 0.00460182 0.00965953 0.0181445 -0.000593089 -0.018693 -0.0180023 -0.0130735 -0.037082 -0.0191786 -0.0116147 0.0163693 0.000433698 0.000666054 0.00415639 -0.0189942 0.0131791 0.034235 0.017639 -0.0203051 -0.0322456 -0.0192063 -0.0118053 -0.0511548 -0.00858814 0.00444761 0.00565102 -0.0191508 0.0372616 -0.00485331 0.00298033 0.000398584 0.0075223 0.0349965 -0.00358911 -0.00997432 -0.0141712 -0.00572488 0.000134513 0.0416351 0.0195522 0.00191947 0.0385134 -0.00855122 -0.00781364 -0.0238102 
0.0230726 0.0137597 0.012929 0.0280469 0.0024215 -0.0370476 -0.0152351 0.0006225 0.00686474 0.0126414 -0.00990571 -0.020211 0.00277361 -0.0054991 -0.0487555 -0.0329948 0.030314 0.0160989 0.0135105 0.00913141 -0.0185705 0.0230947 0.0180955 0.000290523 0.0136369 0.0152903 -0.0233736 -0.0104133 0.0056738 0.0253273 0.00998329 -0.00138423 -0.00217121 -0.0329679 -0.0195194 -0.0241514 0.0271507 -0.00337408 0.00265629 0.032947 -0.0126734 -0.0139986 -0.0354541 -0.013788 0.00566441 0.0165012 -0.0440908 -0.0156207 -0.0140327 0.0140251 0.0163166 0.00112521 -0.00900609 -0.00739052 -0.0167166 0.00895947 -0.0099263 -0.012959 -0.0185649 -0.0116788 0.0200093 -0.0266055 -0.0306693 -0.00293596 
-0.025781 -0.00297502 -0.0170334 -0.0114 -0.00265234 -0.00659565 -0.0159515 0.0106994 0.0212212 0.0359453 -0.00109711 0.0410088 0.00703386 0.0198304 0.0220665 -0.00895839 0.0501411 -0.0063782 0.00882403 0.0181228 -0.00464438 -0.00016169 -0.0209528 0.0180349 -0.034587 -0.00148569 0.0142879 -0.0143761 0.0173 0.025123 -0.00445359 0.0357221 -0.00639282 0.000291039 0.012193 -0.0155826 0.0337227 0.00283139 0.00942716 -0.00248701 0.00096181 -0.0175745 0.00970524 -0.0182244 -0.0250204 0.0354699 -0.0240752 0.00556534 0.0164949 0.00827819 0.0132285 -0.0147913 0.0246198 0.0341676 -0.032298 -0.0143961 0.000704381 0.0511957 0.0256833 0.000560859 0.0246048 -0.0230189 0.01089 -0.0180478 
-0.0108486 -0.000657074 0.0180193 0.0255528 0.0353157 0.00923074 0.00134599 0.0271558 0.0314229 0.0153019 0.00228127 0.0164485 -0.0133221 -0.00886802 0.01441 0.00291135 -0.00373088 -0.0165625 -0.0350064 0.0151817 0.0107805 -0.0162839 0.00929028 -0.00415639 -0.0196069 -0.0163708 0.00172636 -0.0204713 0.0240968 0.0244591 0.0271757 0.00684696 -0.0180509 -0.00965663 0.017008 -0.0040712 -0.00301137 0.010127 -0.0259034 0.0238796 0.00120763 -0.0143161 -0.0101629 -0.00322263 -0.0133554 0.00946001 -0.0291052 -0.00826762 -0.0137548 0.024895 0.0159589 -0.00134595 -0.03834 0.0162244 -0.00362875 -0.0188706 0.00190862 0.0230607 0.0171421 0.0499316 -0.0104524 -0.0208383 0.0225377 -0.00908921 
-0.0177307 -0.0157888 0.00197957 0.0127807 0.0189415 0.00488628 -0.0051102 0.00348701 0.0313474 0.021535 0.0102434 -0.00493717 -0.000729734 0.0289059 0.033229 -0.0206379 0.00804752 0.0140734 0.035206 0.0055139 0.00915227 -0.00633481 -0.0251225 -0.00505316 0.0187837 0.0248544 -0.0040566 0.0106577 0.000918907 -0.0306264 -0.0119672 0.0280757 0.0278183 -0.0181762 0.0182904 -0.00977215 -0.0142107 0.00735517 0.0343483 -0.0132422 0.000527165 0.0171005 -0.00486135 -0.00649909 0.0530307 0.0223108 -0.0139007 -0.0312468 0.01192 0.0163358 -0.0251687 0.0177979 -0.00847268 0.00626832 0.0183613 0.00353583 0.0524731 -0.017016 -0.0105706 0.010396 0.0101447 0.0125885 -0.00228618 0.0310989 
-0.00104987 -0.00689615 -0.0214654 0.0184013 -0.0172729 -0.0150339 0.00938029 -0.0144668 0.0245695 -0.00755973 0.0296045 -0.0217372 -0.0345854 -0.0246818 0.0133114 -0.0114982 0.0193645 -0.0304304 0.00346754 -0.00465251 -0.0129993 -0.00407291 0.0173556 -0.0199095 0.0176986 0.0360673 -0.0196958 0.0263539 -0.0109434 -0.0419672 -0.0107763 0.012754 -0.0072266 0.00661248 0.0140271 0.0141702 0.0103093 0.020622 -0.0244006 -0.0338254 0.00656128 0.00757923 0.0103333 -0.018052 -0.0162321 -0.021469 0.0102767 -0.0189842 0.00374677 -0.0306246 -0.0220042 0.00237205 -0.0198257 -0.00518321 0.00344018 -0.00158164 0.0146621 0.0138354 -0.0108778 0.00210358 0.0225901 0.0124897 0.0147906 0.000150838 
0.0232398 -0.048613 0.00419361 0.0167583 0.0153349 -0.00794632 0.0327759 0.00546946 -0.0255217 0.000677926 0.0236367 -0.0076545 -0.0250056 -0.00178486 -0.0331387 -0.00544833 -0.00209621 -0.00514887 -0.00513252 -0.0282688 0.0049038 0.0161272 0.016966 -0.0212177 0.002078 0.0176557 -0.00912969 -0.0100419 -0.00881472 -0.00746721 0.00197225 0.0553109 -0.0250182 -0.00371569 -0.0144908 0.0114276 0.0167423 -0.00957914 0.0203263 0.0111981 6.34842e-05 -0.0149628 0.00644859 0.0183489 0.00319293 -0.00632491 0.0362255 -0.0270297 0.00874022 -0.0192156 0.0310564 -0.00203834 -0.00270603 0.00969919 -0.0148475 0.000178168 -0.00266833 -0.0182476 0.00346894 0.00328805 0.00436372 0.0340499 -0.000357991 0.0179946 
0.0396789 0.00141276 0.00452601 0.0192359 -0.011784 -0.014127 0.037829 0.0184288 -0.00643294 0.0240568 -0.00549207 0.0336617 0.0123282 0.0099858 0.0146846 0.0160357 0.00508283 0.00322703 -0.00785232 0.0428001 0.0270906 -0.00174045 0.00119872 0.0163176 -0.0168505 -0.0197118 0.00572941 -0.0356323 0.0056812 -0.0260225 0.00228706 -0.0290803 0.00986087 -0.03173 0.0397935 0.00979294 0.00113691 0.0215512 0.0146768 0.0150017 0.0243199 -0.0199104 0.000998012 0.000574274 -0.0280646 -0.00661167 -0.0134732 0.022647 -0.00703831 0.00219061 0.0259889 -0.0144639 -0.0153238 -0.00172223 0.00838869 0.0260956 0.00974357 0.000314364 0.0230788 0.0184796 0.0381252 -0.0328532 -0.0183409 -0.00643839 
0.0150087 0.00608805 0.00558856 -0.025443 -0.00400728 -0.00801962 -0.00277456 0.0324978 -0.0134006 -0.0164663 0.0062323 -0.0108861 0.0217548 -0.00434237 -0.00667311 0.0298758 -0.00722296 0.000656264 -0.00739372 0.00793738 0.000484935 -0.00195487 0.0176766 -0.0113972 -0.0308252 0.0307945 -0.00688556 -0.0436198 -0.0314298 0.0163999 0.0322318 -0.0116323 -0.00135068 0.00611206 -8.89087e-05 -0.0139768 -0.00563084 -0.017627 0.00898101 -0.0237335 0.0115462 0.0147249 0.032457 -0.00862694 0.017733 -0.010643 -0.0264034 -0.012728 -0.0164748 0.0207865 -0.0219169 0.0519373 -0.000301653 -0.00346639 -0.00101481 -0.00973522 0.0303078 0.012186 -0.00736543 -0.00685845 -0.0143143 0.0192341 0.00368737 -0.0299771 
-0.0369203 0.0184629 0.0129686 0.011554 0.00722228 0.0467251 -0.00840123 -0.00145435 0.00665838 0.0177359 0.0382449 -0.0313492 0.0175658 -0.00301447 -0.000850999 -0.0457011 -0.0415415 -0.0386234 -0.0100882 -0.0263667 -0.0227385 -0.00467959 -0.00125351 -0.000238312 -0.0118586 -0.0256075 0.00654317 -0.0275206 0.00255517 0.00973474 -0.00887993 0.0391536 0.029076 -0.0129763 -0.00169632 0.00660188 -0.0141754 0.00392751 -0.012591 -0.0137988 0.0068272 -0.0363728 0.00484163 -0.00092814 -0.00376087 0.0211463 -0.00161037 -0.0254137 -0.0148624 0.016015 0.00447585 -0.0234888 -0.0137424 0.00719658 -0.0419183 0.0116921 -0.0110054 -0.0135489 -0.0218845 -0.000430935 -0.00167324 0.00723265 -0.0201437 -0.00421796 
0.00802145 -0.00625418 0.00550677 0.0062065 -0.00103132 0.0167033 -0.00372162 -0.0195797 0.000976783 -0.00208973 0.000561202 -0.0130409 0.0316137 -0.00573862 -0.00834201 0.0232667 -0.0304351 0.00297951 -0.022209 -0.0428496 -0.00491745 0.01262 0.0310396 0.0250911 0.00707395 -0.00791014 -0.00756712 0.0155511 -0.00339398 0.00857749 -0.0102223 -0.00751071 -0.000684816 -0.000372603 0.00465269 0.0259628 -0.0199003 0.0228561 -0.0107523 -0.00965703 -0.0186143 -0.0172041 -0.0426328 -0.0346216 0.0174245 -0.0261603 -8.99693e-05 -0.00504492 0.0400469 0.00126095 -0.00491643 0.0105382 -0.0131777 -0.0105811 0.00925353 0.00761416 0.0119157 -0.0298559 0.00435658 0.030196 0.0150804 0.0036276 -0.00529914 -0.020402 
0.0153686 -0.0129535 0.0186458 -0.00995928 -0.00708883 -0.0262441 -0.0138156 0.041607 -0.0132077 -0.036156 -0.0179456 0.0115471 -0.0135376 0.00859118 0.0213904 -0.0119237 -0.0260235 -0.0360994 0.0016653 -0.0262694 0.0091158 -0.00702377 0.0284842 -0.0170587 0.010828 -0.033168 -0.00170312 -0.0385042 -0.0152072 0.00752034 -0.0243924 0.00644938 -0.0351556 0.0295547 0.0166428 -0.0108675 0.00279913 -0.0197892 -0.0332835 -0.00459689 -0.0124058 -0.000962703 -0.0134688 0.0155335 0.025472 -0.00249023 0.0139495 0.0106477 -0.0274397 0.0109588 0.025066 0.0148572 -0.00286567 -0.0104983 -0.0119698 -0.0146702 -0.0218188 0.0185014 -0.0018553 0.0116003 0.0122832 0.00446299 0.010899 0.0228971 
-0.00528459 -0.0281122 -0.00783496 0.00295628 0.00111145 0.00346271 0.000242403 -0.00399069 -0.0158574 -0.00564617 0.00575349 -0.0101474 0.00278424 0.00257951 0.00734267 -0.00154805 -0.00691906 -0.0146338 -0.00214764 0.0428837 0.0347051 -0.0143644 -0.00670111 0.0118764 0.0403452 -0.0198312 0.0133485 -0.00210727 0.0225834 0.0318205 0.0318031 -0.0240224 0.00240534 0.0225126 -0.062232 0.00358662 0.00121732 -0.00249395 0.00783248 0.0156274 -0.00405795 -0.0288615 -0.0151425 -0.0344561 -0.00412207 0.0135608 -0.0228811 0.01063 0.00105489 0.00815928 -0.0230026 0.00770439 0.0272686 0.0159083 0.00203363 0.00761054 0.00949823 0.0374089 -0.0318903 -0.020896 0.0272674 -0.0127526 -0.0170966 -0.0153958 
-0.0145553 0.0256867 -0.0149751 0.00485197 0.0195269 -0.0113664 -0.0125798 -0.00535046 0.00668325 -0.0164968 0.00556772 0.0373037 -0.00398834 0.0381368 0.0248482 -0.035033 0.02297 0.00232315 -0.00802044 -0.011889 0.00262413 0.0235455 -0.0020624 -0.0115626 -0.00223634 0.0243959 0.00349592 0.0434721 0.000959251 -0.046108 -0.00923524 -0.0302131 -0.0122755 -0.0131444 0.0277924 -0.00979028 0.00478297 -0.0128272 0.0406584 -0.00858065 0.00752005 0.0240081 -0.0292853 0.00182231 0.0215912 -0.0233383 0.00938437 0.00127392 0.0129435 0.00663189 0.0162753 -0.0235523 0.0223652 0.00156623 -0.00454033 -0.0193963 -0.00702354 -0.0108355 -0.00876996 0.0241533 0.0111615 0.0199059 0.00542498 -0.0142961 
0.00503184 -0.0261888 0.0175222 -0.0452738 -0.0057164 -0.00271942 -0.0108837 0.0234418 -0.0309112 -0.011669 0.0239493 0.030109 -0.00683719 0.0169428 -0.0317472 -0.0457556 -0.0305336 -0.00253656 -0.00786285 0.00339473 0.0177806 -0.027132 0.00197325 0.011545 -0.00512269 -0.0227884 -0.00996768 0.0321034 -0.0281264 0.00924438 0.0113427 0.0139724 0.00659491 0.00525667 0.0316276 0.0137792 0.0281551 -0.0312278 -0.00762033 0.0213857 -0.0120583 0.00686231 -0.00722754 -0.0404958 -0.00625524 -0.0438833 0.0298649 0.0103345 -0.006017 -0.015799 -0.0311333 -0.0173742 -0.0356323 0.0556881 0.0165323 -0.0146747 0.000744978 -0.0292176 0.024907 0.0204516 -0.00399289 -0.0337082 -0.0115522 0.00436114 
-0.0225631 -0.038142 0.00422884 0.00299149 0.0036035 0.00244477 0.00241601 0.0245735 -0.0143935 0.0230835 0.00629135 -0.012922 0.00707669 -0.00889858 -0.0116593 -0.000177076 -0.00878787 -0.025964 0.0160505 0.00378421 0.0133131 0.0190874 -0.0353491 0.0184948 -0.0181589 -0.0100165 -0.00517587 -4.82023e-05 0.027597 -0.00209178 -0.0217266 -0.0135134 -0.00568381 0.0170488 -0.0173929 0.00493539 -0.0374121 0.0168667 0.0197891 0.00371657 0.00510449 0.0105135 0.000891038 -0.00611147 -0.00660663 -0.0212673 -0.00933187 0.0184465 0.0106614 0.00466157 -0.00235314 0.0306669 -0.00242941 0.012016 -0.0152451 -0.0158358 -0.00131362 0.00382882 0.0165655 -0.0399205 0.00262783 0.00696614 0.0168468 -0.0573379 
0.00885193 -0.00991599 0.0122266 -0.00971743 0.0284143 0.0161026 0.00528913 0.00711863 0.00194439 0.0184232 0.0136696 -0.0372022 0.00877737 0.00840585 0.0133176 -0.0133997 0.0188855 -0.00219457 -0.0310713 0.0145645 -0.00882867 0.00410582 -0.0039822 -0.0669145 0.0159268 -0.0382865 0.0029059 -0.015203 -0.0135036 0.0373797 -0.00943852 -0.0196618 0.00450773 0.0243948 0.000562776 -0.00402938 0.00898635 0.0204898 -0.0232984 -0.0100173 0.00525558 0.0148256 0.0179883 -0.0100243 0.00847788 -0.0160024 0.0195464 -0.0288125 -0.0106593 -0.00144683 0.0144191 0.00578745 0.0160046 -0.000863008 0.0121959 0.00718042 -0.0156621 -0.0181977 -0.0101901 0.00468669 -0.00127032 0.0218574 0.0216748 -0.0137169 
-0.00953678 0.0207187 0.00474562 -0.0146934 -0.00607616 0.000236317 -0.0109947 0.00963746 0.0315269 0.0300112 -0.00871745 -0.0300367 0.0136892 0.00550026 -0.0118526 0.0165794 -0.00649963 0.0181137 -0.0363253 0.0270516 -0.0200124 -0.00449504 0.0129196 -0.0290317 -0.0185999 0.0152991 -0.00644024 -0.0044394 -0.0278663 0.0184735 0.00229499 -0.0164228 0.00241718 0.0319451 0.0372002 0.0385109 -0.010669 0.00289162 -0.000575061 0.0136703 -0.0243332 0.0225588 0.0205968 -0.00703248 0.0237548 0.0325132 0.0267505 -0.0102084 0.0227302 0.0395076 -0.0424261 -0.00785332 -0.0366077 0.022609 -0.0159099 -0.00809053 -0.0226627 -0.00939762 0.00247079 0.019417 0.0127427 0.0199617 -0.0285492 0.0139323 
-0.0100446 0.0290831 -0.0191473 -0.00553958 0.0025038 -0.0100631 0.00880944 -0.0260309 0.00703691 -0.0527161 -0.0182283 -0.00904673 0.0223772 0.0251734 0.00371513 -0.00372407 -0.0242083 -0.031176 0.0138461 0.0126713 -0.00611068 -0.00430709 0.010535 -0.0156546 0.0167728 -0.0137656 0.0224231 0.0157643 -0.00538289 0.0331905 -0.00112514 0.0118687 0.0324221 -0.00141848 0.00304891 0.00318659 0.00415664 0.012328 -0.0046962 0.0247027 0.00410883 0.0148187 -0.0102433 -0.0137878 -9.70965e-05 -0.00822193 0.00215773 -0.0620141 -0.0132295 0.0218164 -0.00769865 0.00116125 0.00878276 0.00533384 0.00654835 0.000457291 -0.0035614 -0.0173874 0.00912245 -0.0105559 0.0207408 0.0136346 -0.02477 0.0105932 
0.0225424 0.00452741 0.00349655 0.0170065 0.0237103 -0.0146844 0.00425011 -0.0113151 -0.0303497 0.0127034 0.0212328 -0.0176075 -0.0448291 -0.00739803 0.0111753 0.0106125 0.00288782 -0.0159669 0.0249209 0.0535405 -0.00426385 8.56285e-05 0.00874883 0.00104202 0.0201189 0.00927683 -0.01644 -0.00511547 0.00475505 0.00439029 0.016001 0.00823926 -0.0102702 -0.0124865 -0.025333 0.00916486 0.00280189 0.0168538 -0.026971 0.00586772 -0.00253149 0.0106597 -0.0291152 -0.00197695 0.0351108 0.00364815 -0.0268721 0.000600974 -0.00406524 0.0368827 -0.0141278 -0.00824387 0.002689 -0.0151317 0.0146044 -0.0182115 0.0219749 0.0260023 -0.0117725 0.0322508 0.0119277 -0.0033108 0.0218289 0.027689 
0.00700187 0.0268926 0.00412593 0.024181 0.0152243 -0.0173006 -0.0085363 0.00768693 0.0144189 -0.0202667 -0.00122962 0.032058 -0.0431025 0.0349622 0.0153016 -0.00733849 -0.00206697 -0.0176845 -0.00194381 0.0408862 -0.0172583 -0.0233316 -9.54836e-05 -0.0136223 -0.0056146 -0.015724 0.0223234 -0.0347066 -0.00872845 -0.0187485 0.00690626 -0.0132918 -0.0263204 0.0106494 -0.0236384 0.000395561 -0.00528118 -0.00773671 0.0271791 -0.0110109 0.0245494 0.0319147 0.0265851 -0.00456648 0.0197769 -0.00281361 0.00457902 0.0274742 -9.91116e-05 0.00291453 0.0234067 0.0371613 -0.02141 -0.0448057 -0.0022878 -0.00461479 -0.0138283 -0.0180389 0.0106702 -0.0110383 -0.0306211 0.00752972 -0.00834499 -0.0114494 
-0.0255956 0.0105994 0.0194627 -0.00415302 -0.00957211 0.0069479 0.0248103 0.0201205 -0.0210417 -0.00649157 -0.0166686 0.0175193 -0.0255656 -0.0230479 -0.00756094 0.0192455 0.01815 0.00391991 -0.00211025 0.0236709 -0.00145876 -0.00457405 -0.00877569 -0.0100491 0.017141 0.0307584 -0.0365558 -0.0201492 -0.00534795 0.00489563 0.0276367 -0.0297437 -0.013577 -0.00321516 0.00422646 -0.00630437 -0.00455895 0.00664647 -0.0381874 -0.0185854 0.00671856 0.0301014 0.00178209 0.0158678 -0.0299127 -0.0116753 0.00246689 0.00374379 0.00975464 0.00554719 0.0168348 0.0232287 0.0194599 0.0385339 0.0239412 -0.0330006 -0.0270031 0.0109145 -0.0179231 0.00327882 0.00892045 0.00509286 0.0270982 0.00860038 
