64 64
-0.0414152 -0.00227458 0.0155504 -0.018864 -0.0168413 -0.0149289 -0.0379768 -0.0183689 -0.0137974 0.0259357 0.00108624 -0.0204982 0.0193429 0.0291314 0.0337415 -0.0340633 -0.0249395 0.00410888 0.0104239 -0.0228011 0.00287684 -0.0197114 0.0238568 -0.0323356 -0.0393223 -0.00260257 -0.0157588 -0.00252809 -0.0201661 -0.0201755 0.0177978 -0.00795214 -0.0292879 -0.00633851 -0.0310649 -0.0121702 0.0213342 -0.000872757 -0.0184074 -0.0229466 0.0192697 0.0040397 -0.0371035 0.040689 0.027289 -0.0228474 -0.0091167 0.0295463 0.00595234 0.0141167 -0.0165575 0.0107047 0.00933538 0.0264405 0.00479094 -0.0278111 0.0203771 -0.00713353 -0.02056 -0.0485849 -0.0283884 -0.02564 0.00174919 0.0235119 
0.0111716 0.00737837 -0.0134448 0.0130549 0.0256857 0.0132641 0.021752 0.00669047 0.019534 -0.0479282 0.0114337 0.00267066 0.00977787 -0.0131442 0.00428834 0.0244494 -0.00897708 -0.030312 0.00771598 0.00252956 -0.0128772 -0.0124532 0.0120205 -0.0299422 0.0273375 -0.0263426 -0.0163334 0.0149258 0.00639907 0.0270405 -0.00141237 -0.00804143 0.0114153 -0.0323222 -0.0354379 -0.000440828 -0.010901 0.000361207 0.0139635 0.00589688 -0.0113905 -0.0238111 -0.00494301 -0.00857723 0.0107625 0.00230753 -0.0261088 0.0275456 0.00711259 -0.00826035 0.00269141 -0.00291141 -0.0151048 0.00558457 0.000883059 0.0137083 0.0110854 -0.0147544 0.00686702 -0.0406908 -0.000139444 -0.00778199 0.0114611 0.00325517 
0.0193281 -0.0284111 -0.0408257 0.0146643 -0.0274812 0.0114795 0.00520444 0.0147834 -0.0123105 -0.000432107 0.00391644 -0.00658117 -0.0209219 0.0133333 0.00247248 0.0105527 -0.00611889 -0.0220439 -0.0219084 -0.00101113 -0.0010914 0.0319065 -0.027017 0.0325451 -0.0201934 -0.0116162 -0.00420567 0.0240522 0.0119235 -0.0120491 0.00365219 0.00643821 0.024317 -0.00121013 0.00157825 -0.00741922 0.0121855 -0.0294138 0.0207223 -0.00430107 -0.000561365 0.0107622 0.0291286 -0.00753294 0.00948859 0.00126389 -0.00581086 -0.0164778 0.0117642 0.00843166 0.00766143 0.0241388 0.0179652 0.00710401 -0.0108756 0.00946044 0.00809366 -0.0356984 0.0125683 0.0163089 -0.0214473 0.0129285 -0.0236263 -0.00178456 
0.0685053 -0.00302175 -0.00243542 0.00407766 -0.00928893 0.00778478 0.00121525 -0.00254059 -0.00818549 -0.0149226 -0.0212904 -0.0408891 -0.0336267 -0.00557584 0.0238419 0.0357947 0.00119347 -0.000110905 0.0153042 -0.00474909 -0.0276356 -0.0346732 -0.0199344 0.0264248 0.0078204 0.00400533 0.0239766 -0.0104655 -0.00461018 0.0114076 -0.0121289 0.00441646 0.031852 0.0263634 0.0109905 -0.0145951 -0.0076725 0.024242 -0.000597301 0.0438897 0.0480991 0.0261605 -0.0124655 -0.00640391 0.0280019 -0.00571091 0.0183559 -0.0112796 0.0111775 0.012325 0.0404087 -0.00784123 0.00082149 -0.0190141 0.0112449 -0.0069749 -0.00758476 -0.045048 -0.00611744 -0.000668231 0.00137429 -0.0126594 0.0100413 -0.0302785 
0.00326544 -0.0135694 -0.00487654 0.0600496 0.0257019 -0.0142542 -0.0178988 0.00412862 0.00846471 -0.0203703 -0.000952493 0.020808 0.0451694 0.00625661 -0.00260119 -0.00101314 -0.0347532 0.0125031 0.0157486 0.000863881 0.0212352 0.00642382 0.0170463 0.0173347 0.0012184 -0.0130217 0.0144275 0.00728075 -0.0170896 0.0241765 -0.0187057 -0.0110086 -0.0353825 -0.0188348 -0.0224485 0.0300461 -0.0147643 0.0107879 -0.0268623 0.0135958 0.0107773 0.0343028 0.00281242 -0.0228047 0.0120769 0.00738453 -0.0135734 -0.00947065 -0.0192651 -0.00779424 -0.023534 -0.0221049 -0.00332311 -0.0229092 -0.0221713 0.0280804 -0.007352 -0.0251052 -0.0247964 0.00451199 0.0106042 -0.0131999 0.0107779 -0.0158145 
0.018101 -0.0100192 0.0200708 -0.0135659 0.00165082 0.00847523 -0.0229399 -0.0240334 -0.0242035 0.00648391 -0.0313547 -0.0169315 -0.020314 0.00520336 0.0234835 -0.0259174 0.0205438 -0.0156418 -0.0221154 0.0205802 0.0115299 -0.00313771 0.00733238 0.0317098 0.00719981 0.0279499 -0.00022584 0.000474538 0.021786 -0.00479938 0.00932437 0.0329048 -0.0213057 -0.0179527 -0.0123865 -0.0125373 0.00055538 -0.0182018 0.00354027 -0.012207 0.0150866 0.0120023 0.0202508 0.00928575 -0.0061434 0.0297799 -0.0104862 0.0119462 0.0082165 0.0163665 0.0163817 0.0422902 -0.00419457 -0.00845597 -0.0111635 -0.00393518 0.0104886 0.0233857 0.00277475 -0.0199655 0.004253 0.0130785 0.00759746 -0.0127332 
-0.00108435 0.0114138 0.0291467 0.0201243 0.00880623 -0.00945489 -0.00901488 0.0298964 0.00624881 -0.0087764 0.0130027 -0.0267124 0.0136545 0.000363463 0.0138423 0.0157089 0.0188716 -0.0449497 -0.0419218 0.00786776 0.0133976 0.0193111 -0.00926832 -0.0266154 0.0149409 -0.00544671 -0.0302473 -0.0300148 -0.000949719 0.0204123 0.0120061 -0.00590062 0.0339832 -0.00230482 0.02552 0.0182602 -0.00323714 -0.0115519 0.0049551 0.0147963 0.00426045 0.0129878 -0.0325269 -0.0152706 0.0134309 0.00839062 -0.0523679 0.00737522 0.0205667 -0.0179575 -0.0039363 0.0125269 0.031788 0.0144775 0.00329663 0.0104129 -0.00399367 -0.0652352 0.0149642 -0.00186428 0.0266519 -0.0095646 -0.0115978 -0.00765437 
0.0223393 0.00188615 0.035145 -0.0128865 -0.0200746 -0.0296591 0.0136905 -0.00562018 0.00554228 0.0328703 -0.0290888 0.00737658 0.0208403 -0.00844272 0.00969208 0.029476 0.00523101 -0.00593103 -0.00669709 0.0208983 0.00994224 0.0122206 -0.019048 -0.0117565 -0.00914774 -0.0306963 0.0217298 0.0318634 -0.00836123 -0.00759483 -0.011156 -0.0229186 0.0247275 -0.0243207 -0.0328843 0.00258922 0.00170608 0.0162077 0.034736 -0.0248366 0.0100048 0.0177827 0.0217795 -0.00016244 0.0151999 0.0030142 -0.0223703 -0.00637268 -0.0267601 0.00645256 0.00264595 -0.00298529 -0.00189497 -0.00865235 -0.0107271 0.0161279 0.0146538 0.00538093 -0.00108489 0.00320855 0.0291023 0.00301242 0.00927488 0.0206097 
0.0212771 -0.0182885 -0.00667461 0.0226629 0.00723069 0.0194547 0.00717986 0.0243365 0.0185615 -0.0216878 0.00392077 0.00850431 0.00455927 -0.00942 0.0295029 -0.0111321 -0.0136955 -0.00352069 -0.0154061 -0.00255613 -0.0199888 -0.00454234 -0.0143869 0.00304243 0.00837683 0.00529616 0.00127859 -0.00663472 -0.0119618 0.0018579 0.0093329 0.00298176 -0.0229451 -0.0356506 0.0249786 -0.0116941 -0.0338865 0.00684467 0.010336 -0.0132751 0.0362575 0.00262913 -0.0194647 0.0133492 0.0153804 -0.0133614 0.0195416 0.0395882 -0.00788892 -0.0144266 0.0163938 0.00293268 0.0191797 -0.00588981 0.0717168 0.0068047 -0.0238525 -0.0213025 0.0245755 0.0293991 -0.0248675 -0.0341587 -0.0148106 0.0256334 
0.00911515 -0.0396859 0.0259917 0.0452109 -0.00213755 0.0313573 -0.00923682 -0.000870138 0.000337769 -0.0252848 -0.0178998 0.000380065 -0.0111093 0.048734 -0.0284369 0.00519616 -0.00898941 -0.0125827 -0.0159072 -0.0189606 0.0194623 0.00826414 0.0150113 0.0135351 -0.0223188 0.0193964 -0.0126078 -0.00168829 -0.0563141 -0.0395382 0.0311746 0.0176455 -0.0142027 0.0289017 -0.0360825 0.0245103 0.000429124 -0.00969551 0.045266 0.0302008 -0.0166973 -0.0100491 -0.0240063 -0.0227233 -0.00900074 -0.0166375 -0.000680593 -0.00619388 -0.00816897 0.0223041 0.00135275 0.00168438 -0.00196324 -0.028996 0.0081543 -0.0133309 -0.0100392 0.00722339 0.00701073 -0.0140883 0.0204858 -0.000672468 0.0161449 0.0014775 
0.0325896 -0.0125959 -0.0197767 -0.0057576 -0.0141941 0.00619154 -0.0271023 0.0464556 -0.00762902 -0.00213007 -0.0150708 0.00453135 0.00281002 -0.0103294 -0.0527893 0.00703926 0.0113465 0.00140048 0.0261742 -0.00180653 -0.0442032 0.00127201 -0.0183855 0.000907953 -0.0098291 -0.0278224 -0.00580463 0.00755002 0.00804642 -0.00156719 -0.0147786 0.00387111 0.0468297 -0.00668049 -0.024074 -0.0365369 -0.0208835 -0.00225437 0.00617607 -5.30696e-05 0.0385659 -0.0179257 -0.0396065 -0.0264076 -0.027857 -0.0113053 0.0100142 0.00490657 0.00848085 0.0438253 -0.0154611 0.0285101 0.00128509 -0.000369626 -0.00924641 -0.021379 -0.0192725 -0.000541664 0.0132775 0.00305522 -0.00426292 -0.00880387 -0.0501836 0.0162217 
-0.0201917 0.0180529 0.00996222 0.0180871 9.22145e-05 -0.0224522 -0.0411103 0.0155733 -0.000230181 0.0146305 0.0016255 0.00851647 -0.0269161 0.0447844 0.00770938 -0.0372142 0.0191642 -0.0158477 0.00226129 0.0101742 0.00940106 -0.00945161 -0.00393313 -0.0211401 -0.0047948 -0.000774429 -0.00410357 0.0211897 0.00288372 0.0216547 -0.00121056 0.0285436 -0.0119344 0.0162016 -0.0275078 0.00148984 -0.023354 0.04089 0.026649 -0.00253373 -0.0335461 0.0205955 -0.00571553 -0.025547 -0.00335205 0.00971128 0.0112345 -0.0219471 -0.0198759 -0.00726291 -0.0187463 0.030371 -0.010171 0.00339889 -0.00187098 -0.00745599 0.0217809 -0.0115105 0.00821846 -0.003944 0.0396099 0.0417774 0.0228558 0.00682335 
-0.00212956 -0.00592666 -0.0152977 -0.00956425 -0.0347187 0.000778759 -0.0117065 -0.00409712 -0.0242127 -0.00506661 -0.0301859 -0.00176394 0.0311343 0.00990907 0.0210562 -0.0194044 -0.0176111 0.0170044 -0.00532042 0.00303801 -0.0104908 -0.00484667 -0.0281186 0.0115689 -0.0261663 -0.038834 -0.0197986 0.00273576 -0.0286915 -0.0284134 -0.0003069 0.00901572 -0.0104644 0.0338573 -0.0283644 0.0417089 0.0389322 -0.00491851 0.00336918 -0.0239748 -0.0107388 0.0147417 -0.021493 0.00676842 0.0176516 0.00340895 -0.00979535 0.033869 -0.00706251 0.0110851 0.0193434 -0.00679107 1.2853e-05 -0.0208493 0.0169467 0.00260827 0.0344436 -0.0222593 0.00352202 -0.022456 -0.019914 0.032125 -0.00265379 0.0376809 
-0.00202484 0.0308214 -0.014707 -0.0156414 0.0355035 -0.00627263 0.00878684 0.00993158 0.0198645 -0.0139773 0.0214547 -0.00275218 0.0100111 -0.00930871 0.00728388 0.0376711 0.0256905 0.0299335 -0.0122412 0.0178546 -0.0353235 0.00171194 0.0298907 -0.0276616 0.00389302 -7.68894e-05 -0.0243029 0.0263679 -0.0109259 0.0337388 -0.0111793 -0.00877292 -0.00156254 0.00248892 -0.00632313 -0.0322115 0.010502 -0.00491854 0.01269 -0.00452997 0.0209172 -0.00666995 -0.00607581 0.00272473 -0.0253218 0.0417251 0.0127188 -0.023376 0.009806 0.00991663 -0.0302311 -0.00476325 -0.0317324 -0.0135701 0.01704 0.0213057 0.0157868 -0.0136556 0.0192084 -0.00390023 -0.0225704 0.0137949 0.0183239 0.00349507 
0.0276956 0.0223255 -0.000223508 0.0150578 0.0257864 -0.00301957 0.00827498 0.0123428 -0.00429258 -0.031342 0.00436943 -0.00624016 0.005357 -0.00548897 0.00709935 0.0151274 0.0227511 -0.0260516 -0.0245304 0.0130943 0.00433829 0.0361017 -0.00440712 -0.0368071 -0.0144523 -0.0113323 0.0316641 -0.0193788 -0.0127544 -0.0127142 -0.0236887 0.00473929 0.0168557 -0.0150507 0.00212666 0.01773 -0.0130262 -0.0099761 0.0198844 -0.0534412 -0.0330214 0.0114131 0.0413907 -0.0266619 0.0137991 -0.00296991 0.0244688 -0.000412725 0.00923884 0.0163894 -0.0210518 -0.0202203 0.0199732 0.0197285 0.0445735 0.00721127 -0.0165652 0.00297244 0.0391536 -0.00839879 0.00945468 -0.0100634 -0.00680248 0.00980057 
-0.0201279 0.000363752 -0.0470824 0.0240798 -0.0213395 -0.016684 0.00131962 0.00229607 0.0267127 -0.00985143 -0.0585912 0.0148012 0.0248816 -0.0159256 -0.000630206 0.0108437 -0.0262069 0.0137341 0.0160858 -0.0488309 0.00941946 -0.00713868 -0.000172782 -0.0237341 -0.00640253 -0.0172118 0.0138331 0.0311204 0.00707849 -0.000854807 -0.0157656 -0.0113084 -0.00999422 -0.00463692 0.00830457 0.00130787 0.021158 -0.00532851 0.0118678 0.00582532 -0.0305316 -0.00548287 0.0450696 0.0227768 -0.0157307 0.00515057 -0.00375004 0.0067769 -0.014404 0.0149452 0.0134966 -0.00787841 0.0243043 -0.0107087 -0.0116206 0.00923715 0.0577492 -0.0191052 -0.0137452 0.034111 0.0254632 0.0249253 -0.0327238 0.00804226 
0.0214504 0.0123799 0.00167736 -0.0383212 -0.00407545 -0.000534995 0.0107406 0.0130414 -0.0151964 -0.00829952 -0.0108738 0.00253335 -0.0242979 -0.0126902 -0.00921485 0.00314196 0.00363919 0.0189255 0.0162985 -0.0100102 0.0160165 -0.0225181 -0.00765204 -0.0185733 -0.0332632 0.0322898 0.0460025 -0.0271809 0.0350551 -0.0129317 0.0150663 0.0146366 -0.019593 0.0251567 0.0181977 0.0152804 -0.00882293 0.0102203 -0.0327443 -0.0132497 -0.00536854 -0.0105985 0.0184488 0.0133549 0.019569 -0.010495 -0.00272895 0.02521 0.0160995 -0.019517 -0.0208942 -0.0228722 -0.0324357 0.000570838 -0.0245988 0.011071 -0.00721591 0.010114 0.00288756 -0.0215371 0.0418845 -0.0155064 0.030204 -0.0321284 
0.00618507 -0.00397503 -0.0196489 0.0167149 0.00239068 -0.00384232 0.0620432 0.00540603 -0.00961156 -0.016647 -0.00787716 0.0180863 0.00142495 0.0166554 0.0188694 -0.0254591 0.0195017 -0.0148566 0.0273981 -0.0230539 -0.0208315 -0.0135331 0.0107475 -0.00717064 0.0241033 0.0124046 0.0115754 -0.0287504 -0.0326685 0.00356427 0.015924 -0.0120926 0.011396 -0.0175401 0.0230989 0.00124497 -0.0269096 -0.0206838 0.0226815 0.0370984 0.0123058 0.00868377 0.0174703 0.0183531 0.0160772 -0.0214601 -0.00928145 0.0118738 -0.00978027 -0.0167875 0.0258607 0.0531585 0.0599461 -0.0148133 -0.00885878 0.0278211 0.00830257 0.00819496 0.00022632 0.0314498 0.00936121 -0.00473389 0.00666126 -0.00378751 
-0.00484202 -0.00890193 -0.0167275 0.00281495 -0.0227906 -0.00634054 0.0160622 -0.00672223 -0.00381654 0.0256581 -0.0220929 0.0322028 0.014249 -0.0399775 -0.0465954 0.0420902 -0.0157033 -0.0207981 -0.0194698 0.0157644 0.00772935 0.0102985 -0.00902964 -0.0290794 0.0300927 -0.0229128 0.0529121 0.00265126 -0.0183311 -0.0114983 -0.00775932 -0.0261012 -0.0165557 -0.0105569 0.0229675 0.0290556 0.000141385 -0.0203728 -0.011262 0.0305295 0.00812384 0.00110428 0.0347938 -0.00522837 0.000659178 -0.0143688 0.017018 0.0212549 0.040157 -0.00531847 -0.00636645 -0.014503 0.00794434 0.0313054 0.00639688 -0.00511986 0.015778 -0.0287232 -0.0102249 -0.0609921 -0.0095595 3.00213e-05 0.0332866 -0.0382776 
-0.00265847 -0.0182006 0.0087424 0.0171666 0.00263061 0.0208435 -0.00465574 0.02509 -0.0211312 0.0113552 0.0103381 -0.0093938 0.0370789 0.0330986 0.0102821 0.01021 -0.00527613 0.0384427 0.0285199 -0.0193484 -0.0363259 -0.0154769 -0.0163489 0.00768533 -0.0440218 0.00171254 -0.0227237 -0.00243511 -0.0208892 0.0145259 -0.00615449 0.0158156 -0.0230686 0.0256176 -0.0267687 0.00827367 0.0254113 0.00800218 -0.0118788 0.0145306 0.00292404 0.00463195 0.035363 0.0293998 0.0183021 0.00507881 0.0235481 -0.00737433 -0.000352067 0.000465897 -0.00937535 0.0135129 0.00524831 -0.0019088 0.022728 -0.0487864 0.0279088 -0.0126967 -0.0261121 -0.00281213 -0.00486705 -0.00703147 0.00609452 0.0131573 
0.0021449 0.0236869 -0.0181093 -0.0173853 -0.0251112 0.0166292 -0.00759623 -0.00306195 0.00656556 0.0356271 0.0208477 -0.0117855 -0.0206991 -0.0117485 0.0218481 -0.0302661 -0.0163719 -0.0628344 0.00281234 -0.0144323 -0.0297102 0.0269523 -0.010241 0.00796419 0.0159941 -0.0147677 -0.0101246 0.0231208 0.0296357 0.0219369 0.0148713 -0.036476 -0.0333847 -0.0182362 -0.0026268 0.0257092 0.00945852 -0.0132007 -0.0229618 0.0214487 -0.0245965 -0.0354984 0.0123206 -0.0225671 0.00384522 0.00100706 0.0133162 -0.0343841 -0.0349022 0.0102168 -0.0143826 0.0235005 -0.0196048 0.0144349 0.000103734 0.0044886 -0.00385693 0.00248097 -0.0274448 -0.00330172 -0.00323987 -0.010193 -0.015038 -0.00739087 
0.0017663 -0.0212946 0.00432094 -0.00289964 -0.018022 -0.0165861 0.0121101 0.00529321 -0.0174543 0.00175366 -0.020326 0.0350705 -0.00992654 -0.0431953 0.0247569 0.0166312 -0.0185282 -0.04313 -0.0086529 0.00905499 -0.016228 -0.0320115 -0.0217037 0.0509394 -0.00248855 -0.0048354 -0.0165688 0.0067611 -0.0238098 0.0302477 -0.0191531 0.0192353 -0.0218974 -0.00604501 0.0350933 -0.0253428 0.0177161 -0.014989 -0.0122968 -0.018011 0.0240289 0.0120321 0.000341554 -0.0146414 -0.00640096 0.0108124 -0.00629546 0.00922226 -0.0174667 -0.0299675 0.024078 0.0272005 0.0275573 -0.00130782 -0.0221613 -0.0190533 -0.015661 0.00468513 0.0269263 0.00470589 -0.0328639 0.03321 0.00846111 -0.0384784 
0.0451339 -0.0153932 -0.0160227 -0.0111044 0.0205709 -0.0319815 -0.0198118 -0.0200876 -0.0134873 0.0117297 0.000621594 0.00467838 -0.0171053 0.0388742 -0.0244069 -0.000460392 -0.00724158 -0.00889575 0.0282576 -0.0281257 -0.0205907 -0.0583167 -0.00141686 -0.0276148 0.0134363 0.00218554 0.0042399 -0.0201024 0.0150317 -0.00915207 0.0355099 -0.0146134 0.00592911 0.00700343 -0.00978511 -0.0228621 0.00921822 0.0172154 -0.0137196 -0.00129801 0.0308113 0.0133447 -0.0105034 -0.0111256 -0.0369502 0.0225279 -0.0226419 0.011466 -0.00771193 0.0250631 -0.000123578 -0.0206923 -0.0118428 0.00424746 -0.018695 0.0292037 -0.0177055 -0.00895947 0.0260348 -0.0316968 0.00686633 0.00177236 -0.0322547 -0.0329339 
-0.0284571 0.0304638 -0.0146224 -0.0103988 -0.0105896 -0.011578 0.0237259 0.0139362 -0.0224567 -0.0132674 -0.00793559 0.031506 -0.0117732 -0.00996604 -0.00980203 0.0310263 0.0149284 0.00381933 -0.0103977 0.0348814 0.00219185 0.0144262 -0.00883857 0.0116563 0.00578829 -0.0324241 -0.000404721 -0.00474718 0.00634423 -0.0225974 -0.00989295 0.0214771 -0.0127734 0.0252116 0.0132815 0.0124394 -0.0399997 0.00748551 0.00830697 0.0144064 -0.0211473 -0.0221985 -0.0393468 -0.0221643 -0.0245445 0.0141144 -0.00698773 0.0179132 -0.0497533 -0.0286608 0.0124658 -0.0213327 0.00645996 0.00046309 -0.00745599 -0.00332661 -0.00939392 0.0374654 -0.0108623 0.00418315 -0.0084227 -0.00432368 0.00767053 -0.00526453 
0.0252152 0.0112756 0.0261765 0.0158494 -0.00632175 0.0126405 -0.0296602 0.00772169 0.0341316 -0.000928819 0.0158912 -0.0232755 -0.0143668 0.014386 0.00461689 0.0144732 0.0230158 -0.0148143 0.00319169 0.0234337 0.00541663 -0.0219567 0.0118583 0.0209523 -0.0462135 -0.00787617 0.0124099 0.00913832 0.0264288 -0.00789431 -0.0100255 0.00780291 -0.0200933 -0.0354772 -0.0191629 0.00854741 -0.0193616 0.0015688 0.0103959 0.0153927 0.024164 -0.00515787 -0.00172225 0.0002425 -0.00142412 0.0193083 -0.0180023 -0.00315033 0.0011762 -0.00148731 -0.00187849 0.00946825 0.00421147 -0.00114982 -0.0158109 -0.00409028 0.0165646 -0.00295337 0.0137637 0.015872 0.0307342 0.0131324 0.0183286 -0.0234078 
0.00638036 0.0360843 0.00937008 -0.00198429 0.035839 0.0296539 0.0126194 0.00291898 -0.0098688 0.00583659 0.00257637 0.0248985 0.0168015 0.0444105 0.0176465 0.012598 -0.0169961 0.00727285 -0.0122869 0.00246721 0.0249518 -0.0101383 -0.0190081 0.004225 -0.000515327 -0.00585924 0.0246653 0.00913085 0.0204011 0.00637122 0.00355384 -0.0196581 -0.0254565 0.0128634 -0.00796309 -0.00256975 -0.030085 -0.0100505 -0.0384698 0.012836 0.0206404 0.0114708 -0.00485815 -0.0303949 -0.00795551 0.017119 -0.00898802 -0.0365104 -0.0137338 0.00146296 -0.0299775 0.00189572 0.0163853 0.00993649 0.0259429 -0.00255549 -0.00215865 0.00124762 -0.0293951 0.00494363 -0.0146133 0.00360345 0.0166288 -0.00264595 
0.0318367 -0.0415172 0.0171238 0.0181249 -0.00825149 0.0241613 -0.0249779 -0.0173336 0.0106729 -0.00766699 0.00407704 0.0388099 0.000745784 0.00322053 0.028686 0.0258243 0.0317262 -0.00315392 0.0246765 0.0078196 0.00504455 0.0212408 2.28331e-05 0.0346047 0.00347199 -0.0174861 0.00559747 0.00298379 -0.000822054 -0.00248911 0.00812476 0.0235856 0.0516856 0.00177257 0.011155 -0.0263274 0.00492932 0.00596827 0.0186005 0.0230055 -0.00798345 -0.019539 -0.0115357 0.0313101 0.00758225 0.0512753 0.0292205 -0.0201135 -0.0193302 0.0211479 0.00478877 -0.0144026 -0.0186411 -0.0167716 0.0108562 -0.0147774 0.00415562 -0.0186371 -0.00553619 0.0242656 -0.0457598 0.000967705 0.00537775 -0.002512 
-0.0151156 -0.00979128 -0.00421251 0.00717329 -0.0219697 0.014505 0.00980129 0.0100035 0.000449021 -0.00583924 -0.00421019 0.0253132 0.0217257 -0.0364961 -0.0117587 0.0024437 0.0126425 -0.0120933 0.0266796 -0.0332001 -0.0131077 0.0121505 -0.0120475 0.0253293 0.0491568 0.0149102 -0.00148288 -0.0233075 -0.00499035 -0.0349237 0.0140685 0.00810717 0.016753 0.0226778 -8.18869e-05 -0.00216824 -0.0452231 0.00689821 -0.008618 -0.051149 0.013154 -0.000375617 -0.00778235 -0.00672921 -0.0315908 0.000651759 0.0393357 0.00784982 0.0212518 0.0017968 0.0215964 -0.000288914 -0.018661 -0.0166021 0.00261768 0.0387035 0.0117318 -0.0124656 -0.0281818 -0.0118338 0.017637 -0.000325064 0.0277106 -0.00116987 
-0.0155346 0.0108726 -0.0276897 -0.00454611 -0.00780774 -0.0179062 -0.00235971 0.000658521 0.000486172 0.0155974 -0.0127493 -0.0218356 0.0120868 0.031531 -0.0190722 0.000436155 -0.0279077 -2.62165e-05 0.0294622 0.0292641 0.0154884 0.0211088 -0.0241518 -0.0283165 0.0256525 -0.0136074 -0.0154421 0.0211635 -0.0143636 0.00452349 0.00450763 0.00470421 0.0248883 -0.0170369 -0.0227389 -0.0103819 -0.0378195 -0.00066338 0.00538385 0.0139243 -0.0159704 -0.0133422 0.0177405 0.000957639 -0.000152718 0.0133076 0.0036689 -0.0162079 0.0168858 -0.00247711 0.0223314 -0.0276561 0.0146665 0.0152039 -0.0178303 -0.0223233 0.00848921 0.0179524 0.0143083 -0.00489052 0.0283771 0.032794 0.0175571 0.000926675 
-0.00368527 -0.0454752 -0.00177827 0.0179794 -0.00491849 0.0222011 -0.00422193 0.0127652 -0.0330606 -0.00288313 -0.00201005 -0.0339589 -0.0301284 0.00347381 -0.0117217 0.016546 -0.030594 0.0223931 0.00528346 -0.0305081 0.00450433 0.0110233 0.0106846 -0.0165901 0.0136255 -0.0385871 -0.0213961 -0.0304042 0.00304456 0.00677099 0.000732562 -0.00239406 0.00521573 -0.00291407 0.0141215 0.0114386 0.00894142 0.0156241 0.00886464 -0.0271991 0.00111748 0.0478745 7.16271e-05 0.0105032 -0.0160668 0.00887702 0.00408185 0.0393433 -0.0108575 0.0236143 -0.0418634 0.0336413 -0.00991329 -0.0071506 0.0279295 -0.0011448 0.00555743 0.0285876 0.0203806 -0.0596357 0.00525869 -0.0316444 0.0155871 -0.0212044 
-0.0438373 -0.030374 -0.0151982 0.00301415 0.00122416 -0.00855066 -0.00917041 -0.0195076 0.0252274 -0.0142292 -0.00533676 0.0211763 -0.0138164 -0.00353618 0.00687559 -0.0211226 -0.00304595 -0.00691055 0.0103603 -0.00819871 -0.0364661 -0.0144007 -0.00302183 0.00127345 0.00319491 -0.000231633 0.0497356 -0.0159769 -0.000301353 0.0197953 0.0117897 -0.00590423 -0.0104224 0.0034514 -0.0300701 0.0286927 0.0311239 -0.00605866 0.0157739 0.0311779 0.0110991 0.0179452 0.00504303 0.001816 -0.0118534 0.0184184 0.0121205 -0.00576228 -0.00626979 -0.0170367 -0.00531317 -0.00906952 0.00778245 -0.00322428 -0.0332307 -0.0197063 0.0108082 0.016418 -0.0450007 -0.00338419 0.0232769 0.0190233 0.00671946 0.0116018 
-0.0266354 0.0366734 0.0021856 -0.00844836 0.0259144 0.00385072 0.000229553 0.00386665 -0.0215861 -0.0351041 0.0092391 0.00694958 -0.0021768 0.0105034 -0.020483 -0.0146603 -0.00739073 0.0328298 0.0154827 0.0366353 -0.00379581 -0.0261854 0.00150776 -0.0363567 -0.0492575 -0.0196644 -0.00883864 0.00875197 -0.0225262 -0.053879 -0.00677816 -0.00189122 -0.00923179 0.00529265 0.0160604 0.0188876 -0.016858 -0.0152108 -0.0222951 -0.0231835 0.0310814 0.0217159 0.00565073 -0.00324892 0.0165168 -0.0109051 -0.03653 0.000582987 -0.00483042 0.02448 0.0269909 0.0467407 -0.00583445 0.00289621 -0.00759234 -0.0130373 -0.0018151 -0.0272944 -0.00683476 -0.0253407 0.010834 -0.000808746 -0.00563585 -0.0207922 
-0.0105071 -0.00251951 -0.00568701 -0.0205036 0.020354 0.0179213 -0.000274596 -0.00168006 -0.016947 0.0161661 -0.00818738 -0.0330846 0.00836273 -0.00499816 -0.0122664 -0.0158716 -0.0104466 -0.030126 0.0166085 -0.00535799 -0.00961957 -0.00127602 -0.0363278 0.0179052 -0.019539 -0.0235156 -0.0301768 0.00995915 0.0351487 0.0138717 -0.00916543 -0.00397317 -0.013677 0.0205971 0.0192399 -0.017461 -0.0108486 0.0136279 -0.0198283 0.0142364 -0.0204532 0.00654273 0.0198243 0.0183374 0.00813739 -0.00156845 0.0165419 0.00288567 -0.0118828 0.0164748 -0.0638977 -0.0117021 -0.000164802 0.00449155 0.0017151 -0.0204001 -0.0187815 -0.0152069 -0.0149517 0.0227306 0.0415028 -0.0430643 -0.00191409 -0.00668772 
0.0104475 -0.0121453 -0.0103815 0.0100411 0.0396288 0.0221292 -0.00400733 0.0200712 -0.0189252 -0.0147227 0.0199431 -0.0138099 0.00382656 0.0474416 0.0245995 0.0364328 0.0240269 0.00992182 0.00701825 -0.00183227 0.0193635 0.0315966 -0.0251277 0.00285699 -0.00319789 0.029918 -0.0301824 0.00208581 0.017038 0.0104059 -0.011092 0.00972163 0.000615228 0.0233653 0.0366636 0.0114666 -0.021251 0.0252336 -0.0158537 -0.0195524 -0.000930983 -0.00133468 -0.00194372 -0.0278759 -0.00543806 0.0284901 0.0261018 0.0325163 -0.0209606 0.00555471 -0.00865439 -0.0209134 0.0107847 0.00800536 0.00831178 0.011615 -0.0319048 -0.0462549 -0.00669518 -0.0576895 -0.00226627 0.00465024 -0.00242471 0.0131153 
-0.0155977 0.0192288 0.038377 -0.0249036 -1.41434e-05 -0.0023429 -0.0223232 -0.0371472 0.0158356 0.013133 -0.0191738 -0.00204494 -0.0345441 -0.00340374 0.0134407 -0.00883534 -0.0302623 0.00419726 0.0238028 -0.0241519 0.0183145 0.0250537 0.00397877 0.00824637 -0.00186427 0.0157444 0.0136477 -0.00818488 -0.00246171 -0.0190905 0.000826962 -0.00823609 0.0312044 -0.0236154 -0.0363676 0.0473251 0.00676362 -0.0181727 0.00246283 0.0227643 0.00828405 0.0070236 -0.00351179 -0.00646225 0.0101248 0.0368131 0.017466 -0.00559314 0.0268256 0.000849733 0.0206383 -0.0120278 0.0194199 0.00481892 0.0126308 0.0106739 -0.0221515 0.00595162 -0.00706738 -0.00868084 0.00576052 -0.0138971 0.00900641 -0.00881135 
-0.00383713 0.00400825 -0.0225004 0.00186694 -0.0186892 0.0195421 -0.00188995 0.0268648 0.0179965 -0.0448023 0.0225002 -0.034481 -0.0110127 0.0246648 -0.0253584 0.0122484 0.022624 0.0348654 -0.0163973 0.0105083 0.00197516 -0.00613177 -0.00938567 -0.0139873 -0.0106915 0.0135237 0.00583988 0.0503899 -0.00760174 0.01132 -0.0263299 0.00783448 -0.00111453 0.00534463 0.00749825 0.00473579 -0.0178671 -0.00706087 -0.0300589 0.00716115 -0.0102095 -0.00791532 0.0257725 -0.0218503 -0.0421846 -0.00694362 0.00321562 0.0252732 -0.0242614 0.0141781 -0.0161125 0.0111841 -0.00751336 -0.0251994 0.0383241 -0.0218078 0.00185847 -0.00126919 -0.00321999 -0.00417638 -0.00451325 0.0192607 -0.0301704 -0.0407648 
0.0165269 -0.0302712 0.000464726 -0.0343465 0.0024965 -0.00677163 -0.0149163 -0.00127443 0.0199967 -0.0498414 -0.00188596 0.00512543 0.00440782 0.00844041 0.0111749 -0.0223043 0.0179709 0.0152496 -0.0285432 0.0156756 0.0236271 -0.0170889 0.0454341 0.000156351 -0.00388348 0.00453713 0.00882986 -0.00763865 -0.0189902 0.0249085 0.00694416 -0.0154947 -0.00904833 -0.00150653 -0.0165207 -0.0164921 0.00792326 3.25587e-05 0.0137262 -0.0226711 -0.00498414 -0.0332919 -0.0251413 0.0252735 -0.0242326 -0.00782971 -0.0124636 0.0312253 -0.00302179 0.0147748 0.0155249 -0.0158795 -0.0325276 -0.0238737 0.00105307 0.0230971 -0.0121059 -0.00876362 -0.0163892 0.0295477 -0.0258604 0.0277889 0.0292396 0.00265681 
-0.00234968 -0.0306688 -0.0115514 0.0305792 0.00477478 -0.0117881 -0.0439056 -0.00800745 0.00468573 0.0106395 -0.0171034 -0.0138096 -0.0430125 0.000298654 0.00596733 0.0398336 -0.0225864 0.00958627 0.00691387 0.0164733 0.00954382 -0.0450933 -0.0272784 -0.0163058 0.00630288 0.0284109 -0.0243277 -0.00968594 0.0102416 0.00582458 0.0207674 0.0108764 -0.000996118 -0.0228237 -0.0328995 -0.0229923 0.0358388 -0.00781646 -0.00634469 0.0350057 -0.0114729 -0.0157583 -0.0140156 0.000421555 -0.00586571 0.018316 -0.0246155 0.0120713 0.0105008 0.0349566 0.0180067 -0.00139524 0.00557099 -0.0272045 -0.0377785 -0.0322058 -0.00874045 0.0331241 0.0396378 -0.0161656 -0.00661168 -0.0079529 0.0181145 -0.0345383 
-0.0269531 0.0304208 0.013298 -0.0302378 -0.00292093 -0.000116312 -0.000107016 0.0208235 0.0230654 -0.00331309 -0.0461178 0.0121649 0.00590447 -0.00781575 -0.0210503 0.020013 0.0253138 -0.013261 -0.00607303 0.000465556 -0.0152349 -0.000727922 -0.0103618 -0.0429421 -0.00801297 0.0247013 0.0119248 -0.0179462 0.0212512 0.00249457 -0.0346174 -0.0153055 -0.0291187 0.0123509 0.0262878 0.00160333 0.00913431 0.0124963 0.0257938 0.0086651 -0.0102071 0.000163413 -0.0132379 -0.0331859 -0.022063 0.016892 -0.00221357 0.00417025 -0.0327524 0.0052173 0.0246626 0.0053478 -0.0293446 -0.00605845 0.0402665 0.00410895 0.00554283 0.0276269 0.00464539 0.0296183 -0.0272095 0.00690406 0.00854695 0.0173514 
-0.0221916 -0.0238469 -0.0025208 -0.0150041 0.0348457 -0.0421205 0.0111564 -0.0302431 -0.00204012 0.0382526 -0.00178574 0.00745919 0.0297667 0.0141045 0.0421412 -0.0524337 -0.00136269 0.0017468 -0.00976786 -0.0413236 0.0109353 -0.00561144 0.00308032 -0.00379502 -0.0175494 0.012193 0.014604 -0.012508 0.0122918 0.00610207 0.0159284 0.00301397 -0.00411783 -0.0233427 0.0147455 -0.00457584 0.0236443 -0.000453869 -0.0118208 0.0405271 0.00552236 -0.0265159 -0.00439981 0.0313908 -0.0222452 0.0310281 -0.027041 0.0235463 0.0337739 -0.0299179 -0.0127546 0.0138459 0.0107124 0.0366173 0.017533 0.000183469 0.00107171 -0.00659789 -0.00879576 -0.0371767 -0.00622608 -0.00252233 0.0199379 0.0159975 
0.0194445 -0.0040367 -0.01202 0.0143468 -0.0080159 0.00422001 -0.00494775 -0.0476949 -0.00630541 0.0182902 -0.0365329 0.000856762 0.0335351 0.00994116 0.0191744 -0.00989599 0.0177144 -0.025286 0.00138171 -0.00887385 -0.0149677 -0.0162566 0.0398367 -0.0116292 0.00777506 0.0220419 -0.0299589 0.000740476 -0.00825624 -0.0269458 0.0109419 0.0173798 0.00539804 0.0156613 -0.00904649 0.0209655 0.0361805 0.00882067 0.00834476 -0.00680286 -0.02366 0.010195 0.00519715 -0.00979319 -0.0276803 -0.00350779 0.0063487 0.00116389 0.00738982 -0.0161191 -0.000616961 0.0298117 0.027932 0.00946735 0.0108533 0.00537713 0.0214453 0.0124411 -0.0153012 0.0157015 -0.00101246 -0.00405041 0.0191628 0.0123241 
-0.00888743 0.0277288 0.0129079 0.0155202 0.020343 -0.00743225 0.0147431 -0.00619877 -0.0257367 0.0274997 0.0144775 -0.00515268 0.00593405 -0.00456343 -0.00834885 -0.0368363 0.000512855 -0.00579545 0.00766773 -0.0320688 -0.00799535 0.0185727 -0.0349158 -0.0201922 -0.00738724 -0.015828 0.0304927 0.0190008 0.0408533 0.00637933 -0.00133502 -0.0266442 0.0295322 -0.00639565 0.0115048 -0.0251166 0.0308824 -0.0166938 0.0366896 -0.0147109 6.50191e-05 -0.0126444 -0.00337247 -0.0238442 0.02241 0.0144822 -0.00482383 -0.010306 -0.0367868 0.0251703 0.0145301 0.0197759 -0.0164645 0.0280925 -0.0145052 0.0400496 -0.0295081 -0.00247606 -0.00343149 -0.0401803 0.0304378 -0.0195388 -0.00161154 0.0111922 
0.0393773 -0.043768 -0.0215553 0.00395252 -0.0205243 0.00731332 0.0326876 -0.0169072 0.0135458 -0.0109358 0.0380791 0.00840938 -0.00328584 -0.00109232 0.0228914 -0.00936075 0.0171137 0.00348964 0.0142641 -0.0134516 0.00468785 -0.0226504 0.00742277 -0.0485794 0.00408609 -0.0270695 -0.00448912 5.91783e-05 0.0291781 0.00440183 -0.0176036 0.0415889 0.0168466 -0.023584 -0.0136901 -0.011225 0.00785007 -0.0281965 0.010678 0.00574178 0.023031 0.00123819 0.0213136 -0.0164625 -0.00468712 -0.0249928 0.00203473 -0.0242688 -0.0444909 -0.0169798 -0.000147274 0.00855207 0.00552233 -0.0338249 -0.0108546 0.0103666 0.037031 -0.0255929 0.00639892 0.00720269 0.0259152 0.0013774 -0.0170901 -0.024139 
-0.0136929 0.0383195 -0.0302237 -0.0335297 -0.0213126 0.00230564 0.0119641 0.00443236 0.000517636 0.0262518 -0.0190911 0.0209164 0.0337353 0.011945 0.00307577 0.000108172 -0.0416246 0.0209038 -0.0068097 -0.0201721 -0.0120075 -0.0374131 -0.0304724 0.0148378 -0.020407 0.0314347 0.0338453 -0.00615738 -0.0484187 0.00190876 0.0147925 -0.0297605 0.0203348 -0.000895565 -0.0014629 0.026356 0.0231732 0.00273211 -0.0068666 0.00981085 -0.0117577 0.0112195 0.0119953 0.051003 -0.0188313 0.00209287 -0.00894502 0.0125028 -0.0101543 0.0170791 0.0207074 -0.00356584 0.00342064 0.0129163 0.00640507 -0.00149484 0.047626 0.00869949 0.00424951 0.0126304 -0.0239235 0.00790509 -0.0263284 -0.0223059 
-0.0236804 0.000739298 -0.00227069 0.0197857 0.0100259 -0.0191074 0.0195949 0.0039546 -0.0157365 -0.0144297 -0.00218562 0.00453284 0.027062 -0.00264462 -0.00804806 -0.00709995 -0.0280812 0.00873431 0.0204652 -0.0183767 -0.0194282 0.00816557 -0.00598643 0.00746091 0.00158058 0.000893202 0.00501022 -0.0341566 0.0214954 0.0430566 -0.0121973 0.016529 0.0217304 -0.0186124 0.00172831 -0.0228027 0.0287501 0.00593346 0.00869286 0.0148212 -0.00331432 0.00795434 0.050626 0.0584162 -0.0130768 0.0178509 -0.0102502 -0.0039249 0.014007 -0.00225691 0.0284903 -0.00908542 -0.0492118 0.0236291 0.000932133 0.0218321 0.0062374 -0.034537 -0.0129138 0.0179049 0.00797906 0.00257943 -0.022302 0.000782275 
-0.0173395 -0.0346918 0.0307107 -0.00646922 -0.0107026 -0.00165762 0.0260769 -0.0295016 -0.0243619 -0.031354 -0.00462279 0.0153233 -0.00592181 -0.00736544 -0.00284503 0.042892 0.00729452 -0.052555 0.00633987 0.0173932 -0.00686439 0.0063079 0.0439387 -0.00986076 -0.00161162 -0.0110384 0.0129097 0.0210829 0.0192298 0.0242764 0.00494921 0.00603436 -0.000634657 0.0108468 -0.0389239 -0.0268901 -0.00952136 0.0247395 0.0190236 0.00901467 0.0194153 0.0261181 0.00227508 -0.0184472 -0.0114184 -0.00313725 -0.0159304 -0.0222405 0.0186696 -0.0195814 0.0271242 0.013587 -0.0182716 0.0316174 -0.0381138 -0.0112621 -0.0225066 0.00438815 0.0195948 0.0060364 -0.00069123 0.00354914 0.00172488 -0.0348584 
0.00872295 -0.0222278 0.0137101 -0.0471578 -0.00346588 0.0136121 -0.0309378 0.00191118 0.0442528 0.00986658 -0.00897055 0.0113888 0.0147238 0.00307384 -0.0246065 0.0314945 -0.0131937 0.0172177 0.0374296 0.00983618 0.0176216 -0.0196515 -0.022877 -0.00620897 0.00116763 0.0301096 -0.0562579 -0.00237929 -0.0109814 0.0277106 -0.0112587 -0.0191129 0.0121418 -0.0131748 0.00284265 0.01467 0.00684289 0.00784917 -0.0122307 -0.00280113 -0.00181797 0.0078658 0.000937676 0.00571372 0.0389631 -0.0011335 0.00283476 -0.0285087 -0.0220734 0.0214131 0.0070005 0.00590952 0.00458765 0.0150886 0.0160218 -0.00238221 -0.0177034 0.0271411 0.0151793 -0.0180108 -0.0227442 0.00693134 -0.0145026 -0.0100199 
-0.0146604 -0.0021553 -0.0163634 0.00833816 0.0070826 -0.00124831 0.0165972 0.0213539 0.00453194 -0.000344486 -0.0286372 0.000252346 0.0136815 0.0352442 -0.004166 -0.0374881 -0.00520596 0.0301272 0.0174885 0.0145225 -0.0129221 0.0387619 -0.0118321 -0.00108991 0.0350355 0.012857 -0.0339738 0.0322924 0.0369163 0.0164896 0.00201588 -0.00110441 -0.00100056 0.00239293 -0.00925447 -0.0194522 -0.0190558 0.00842991 0.0124545 0.00579707 0.0163213 -0.0361717 -0.00463541 0.0151821 0.0131756 -0.00233786 -0.00940357 -0.0109065 0.0300654 -0.0146048 -0.0101494 0.0129138 -0.017234 -0.00340172 0.0324589 0.0153832 0.0133638 0.00165829 -0.0212487 0.0054249 -0.00824784 -0.00247781 0.0325512 0.011545 
-0.00930354 0.0140021 -0.00811453 -0.0138585 -0.0355782 -0.00960836 0.00549928 -0.0144804 -0.0236034 -0.00102926 -0.0115052 -0.0183068 -0.0247396 -0.00774903 -0.00534401 -0.0433824 2.30804e-06 -0.0257144 -0.00733317 -0.0227091 -0.0125086 -0.0256154 0.005387 -0.0242282 -0.010054 0.0339341 0.0258997 -0.0250732 -0.0147686 -0.0106342 0.0373756 -0.0274786 0.0343743 -0.016152 -0.00798299 0.00777329 0.0142359 0.0483057 -0.0319653 0.0380094 -0.00165935 0.00077627 -0.00769994 0.008835 0.0145349 -0.00898955 -0.000822728 0.0326953 0.016121 -0.0236872 -0.00939455 -0.00197582 0.00819136 -0.0110802 0.0149222 0.00623414 -0.0305416 0.00790788 0.0244769 -0.00320261 0.0156373 0.0301362 0.0307307 0.0229982 
-0.0286014 0.00266367 -0.00109821 -0.0411715 -0.00133232 -0.0286159 0.0364916 0.0176373 -0.00371533 -0.0124195 -0.0425622 0.0208422 -0.0272748 0.00450541 -0.0206811 -0.00817528 0.017089 -0.0135966 -0.0172924 -0.0395146 0.0167666 0.0183116 0.016953 0.0215904 0.00638935 -0.033022 -0.0183777 -0.00279301 -0.0216023 -0.0258794 0.0123245 0.0142728 -0.0107403 0.0170446 0.0189022 0.025475 -0.000796917 -0.011482 0.0160182 -0.0620182 -0.00056234 -0.0056678 0.00129547 -0.000306425 -0.020304 0.0069966 -0.00898531 0.00703978 0.0397016 -0.0182483 -0.00732302 0.0292251 0.00248466 -0.0198508 0.00554942 0.0114508 -0.0187345 -0.00420355 0.00266656 -0.00556365 0.0223178 0.00424693 -0.00491726 0.00333099 
0.0502255 0.0151117 -0.0238603 0.0230808 -0.034365 0.0233327 -0.0573841 0.00349467 0.009683 -0.0229718 0.011113 -0.0309723 -0.0160593 -0.00138297 -0.0219536 -0.0282269 0.000581969 -0.0122862 -0.00299191 0.00598379 0.0254615 0.0167216 -0.024486 0.00208343 0.0307897 -0.0406109 0.0263791 0.00985394 -0.0212976 -0.0104025 -0.0228425 0.00423963 0.0087961 0.000577877 0.0322226 0.0225349 -0.0215761 0.0199526 -0.00795256 0.0152551 -0.021236 -0.00137044 0.00697157 -0.00353676 0.037647 0.0111305 -0.0114634 0.0504277 -0.00120507 0.0258306 0.0350747 -0.00299987 0.00246863 0.0140687 0.0157582 0.0352545 -0.0157541 -0.0293613 0.0108166 0.0450924 0.00261972 0.0119531 -0.0098544 -0.0314963 
-0.0311993 0.0034251 0.0372836 -0.0174838 -0.00639314 0.00350766 -0.00699537 -0.00921183 0.00246997 -0.0188491 0.00834909 0.0059447 -0.00731158 0.0213393 0.0156623 -0.00173277 0.00746434 0.0397697 0.00615803 -0.0131364 0.0210875 0.0241859 -0.0272967 -0.00408408 0.00928428 -0.0283558 0.0152688 -0.0232165 0.00413953 -0.00859534 0.0246827 -0.00596082 0.0533157 0.0422098 -0.0122158 -0.0331846 0.0142852 -0.0109216 0.0442209 0.0283962 0.0104833 0.0252293 0.0170116 -0.0206811 -0.0171274 0.022246 0.0376205 -0.0338802 -0.00515152 0.00675445 -0.0190267 -0.0147111 -0.0318322 -0.040099 -0.012641 -0.0272044 0.00100518 0.0154567 -0.00847429 0.00639975 -0.00249481 -0.0344794 0.00880561 0.00363711 
-0.0275472 0.00498951 -0.00649229 0.00713127 -0.0158516 0.0262517 0.0207823 -0.00231382 0.013403 0.0054451 -0.0021012 0.013945 0.0336354 -0.00217134 -0.0199566 -0.00772018 -0.00497584 -0.00999388 -0.00106816 -0.0443705 0.0192095 -0.017734 -0.0310807 -0.0152295 0.00953482 0.00776938 -0.0175124 0.0116686 -0.0136827 -0.000137179 0.0197942 -0.00427694 0.00666759 0.0147352 -0.0120193 0.0145402 -0.00335104 -0.00529975 -0.00418153 -0.0147144 0.0143713 -0.00379921 -0.0356093 0.0089029 -0.00134828 0.00916662 0.00751759 -0.0321491 0.000780621 0.0239429 0.00331946 0.0177328 -0.00871757 0.0179613 0.035887 -0.00154936 0.0245943 -0.00877016 0.0084578 0.000243078 0.00653861 0.0123489 -0.0279554 -0.00105247 
-0.00783772 0.0359188 -0.00777669 0.00661756 0.00848157 0.000264963 0.00366821 0.0186838 0.00580819 -0.0230145 -0.00480928 -0.0412116 0.0366262 0.00487049 -0.00469686 -0.00843745 0.00188062 3.94905e-05 -0.0169911 0.00833192 0.00223494 -0.0404851 0.00748387 -0.0197698 -0.0125672 -0.0201983 0.0329201 0.0028582 0.0034709 0.019743 0.0180278 0.0447688 -0.000843569 0.03565 0.0177209 0.0373808 0.0164202 0.0012667 0.00596063 -0.0198875 0.0223445 -0.0311649 -0.029568 -0.000520083 0.0158033 -0.00538418 0.0115901 0.00189867 -0.0276859 -0.00753961 0.0237781 -0.000436274 0.00852337 -0.0187718 -0.00134515 -0.023361 -0.00394256 0.0209817 0.0171772 -0.0221662 0.029474 -0.0109974 -0.000160048 -0.0360931 
-0.0230786 -0.000210082 -0.0145496 0.00506566 0.020058 0.0199825 -0.00252996 -0.0493787 0.000398115 0.00230822 0.00419703 0.00499513 0.0139749 -0.00432113 -0.00296813 0.0223976 -0.0124941 -0.00593927 -0.00836664 0.0168289 0.0139794 -0.0150388 -0.0121712 -0.00044538 0.0339987 -0.00570274 -0.00219081 -0.0266211 -0.0184208 0.00579822 -0.00195065 -0.0100282 0.027011 0.021074 -0.0211021 0.00694558 0.0228238 -0.00880034 -0.0190237 0.00563336 0.00129466 -0.0136608 0.00213187 -0.00515734 -0.0138292 -0.00430959 -0.0348381 0.0276345 0.0131266 0.00573451 0.000430899 -0.025775 0.0189044 0.013963 0.0365975 0.00874472 0.0129109 0.0194492 0.0306342 -0.00423125 -0.00722737 0.0238621 0.00437066 0.00708189 
-0.0155728 0.0554914 0.0177152 0.0253584 -0.011339 -0.00135121 0.00951265 0.00872972 0.00957841 0.00989302 0.0139542 0.00176466 -0.00536416 -0.00294708 -0.0154688 0.0103579 -0.0256489 0.000328355 -0.0148694 -0.0173665 -0.00278919 0.0109507 -0.00764249 0.00485636 0.0271262 -0.03725 -0.00547762 -0.00823553 -0.0151697 -0.00237757 0.005658 -0.0183753 -0.0041737 -0.0369595 0.0219316 -0.00542854 -0.0015582 0.0117171 0.0170846 0.0226415 -0.00226585 0.0377946 -0.00717184 0.00840622 -0.00311268 0.0275795 -0.0119597 -0.0272533 -0.0033209 -0.0672875 0.00970004 -0.0255523 -0.0272597 0.0105412 -0.0191043 0.00253736 0.00288708 -0.0150482 -0.0264008 0.00775412 -0.0350565 -0.0251116 -0.00499073 0.0186633 
-0.0247598 -0.0207292 0.010794 0.0416538 0.0047707 0.0146643 0.00888959 0.013448 -0.00749211 -0.0160304 0.00436066 -0.0222753 0.0135087 -0.0305733 0.0225742 0.00410205 0.0178177 -0.0364628 -0.00309658 -0.0147071 -0.037399 0.00941238 0.00112244 0.00656801 0.0369072 -0.00020164 0.00939341 0.00349643 0.0214589 -0.0216459 0.0463338 -0.0202975 -0.0150364 -0.0132732 -0.00690653 -0.0258288 0.00309498 -0.0193506 0.00171429 0.0270917 -0.0274053 -0.0527683 0.0578715 0.0272113 0.0338462 -0.0426607 -0.0066953 -0.0166669 0.0212319 0.0247013 0.0137678 -0.0157917 -0.0092626 0.00779644 0.0102771 -0.0331951 0.00655674 -0.0215114 0.0188641 0.000416498 0.00294236 -0.0128048 0.0272218 0.00762967 
0.0127768 0.00533907 0.0132534 0.0275528 0.027497 0.00600563 -0.00450315 -0.000831916 0.00736299 -0.00255862 -0.015091 0.0219813 -0.0457403 0.0199101 -2.7916e-05 0.0220247 -0.01688 -0.0151218 -0.0143581 -0.00571873 -0.0255206 0.00987202 0.037396 -0.00353043 0.031231 -0.0262343 -0.0184355 -0.014412 -0.0103023 -0.000731433 -0.0275094 -0.00721201 -0.00824612 -0.00472905 0.005078 -0.000577158 -0.0422216 -0.0168804 0.00920426 0.0207308 0.0211547 -0.0466071 0.00461003 -0.00753562 -0.00128019 -0.00498311 -0.0100162 -0.0267891 -0.0117798 0.0152733 -0.00815996 -0.0104679 -0.0346035 0.0224538 -0.0222776 0.000734792 -0.00866974 -0.0366636 0.0373971 0.00178371 0.0327241 -0.0226108 -0.0102911 -0.00738121 
0.0199292 0.00647112 -0.0120184 0.00347118 0.0140605 -0.0167288 -0.00352336 -0.0329405 0.023444 -0.00810336 -0.0115083 0.0102922 -0.00844549 -0.00106273 -0.0219469 0.0260838 0.0121689 0.0363244 0.0158862 0.0146303 -0.00658265 -0.0215333 -0.0166183 0.0269036 0.0123105 0.0169144 0.0030838 -0.0137196 0.0117702 0.00344746 -0.0366055 -0.00671163 0.0157802 0.00514399 0.0344296 0.0252758 -0.0274944 0.00468483 0.0197375 -0.0199999 -0.0201843 -0.00138693 0.00358292 -0.0292126 0.0185897 -0.0121418 -0.00692609 -0.00610601 -0.0134736 0.0457716 -0.0158293 -0.0132619 -0.00501958 0.0298693 0.00832474 0.00341674 0.0247148 0.0523189 0.00787362 -0.0275739 0.00509613 0.0028238 0.0223948 0.0129237 
0.0057411 0.0124856 0.00301387 -0.00534463 0.0109426 -0.0042521 -0.0276038 -0.01822 -0.00925445 -0.0413354 0.0123528 -0.00982775 -0.0112918 -0.00577276 -0.000532317 -0.00378509 0.00182403 0.0297557 -0.041528 -0.0232193 0.0314629 -0.004879 0.00017671 0.0267393 -0.0118387 -0.00505141 0.0301337 0.0145155 0.0536734 0.034217 0.00428544 0.00420893 0.00386427 -0.00668628 0.0284199 -0.00781194 0.0403649 -0.0133412 -0.0244418 0.00495128 -0.0164465 0.0346624 0.00162638 -0.0147117 0.0354967 0.0147297 0.000448166 -0.00922955 -0.0302004 -0.00587984 -0.0157327 0.0110785 0.0243652 0.000162522 0.0147168 -0.0120151 -0.00365193 0.0199054 -0.0306928 -0.0109014 0.0228918 0.0392005 -0.0070724 -0.018877 
0.00355551 -0.0226489 -0.0325826 0.00739999 -0.0110372 0.0235394 0.0263142 -0.0170483 -0.00832055 -0.0269731 -0.0384096 0.0153449 0.00206333 0.0221722 -0.0160894 0.0225075 -0.0261592 -0.00961835 -0.0246736 -0.00546987 -0.0261517 -0.0111693 -0.01156 0.0153389 -0.00471643 0.00590799 -0.0211669 -0.0183836 0.00273518 0.0391308 0.00786351 0.0097792 0.0312921 -0.0236519 0.0103256 0.0279777 -0.0262867 0.0154845 0.0291032 -0.00725718 0.0372056 -0.0279702 0.00458099 -0.001083 0.0122231 0.00252408 -0.0236188 0.00152442 -0.0192075 0.00491029 -0.0418513 0.0177374 0.00344139 -0.0328815 0.00901303 0.00733856 -0.00216429 -0.00405603 0.0234461 0.045229 -0.00907948 0.00309089 -0.0012809 0.0412398 
0.00552718 0.0189806 0.00662515 -0.0356471 0.0263039 0.00749587 -0.0029499 -0.0289965 -0.00184735 0.025378 -0.01483 -0.0249986 -0.0237499 -0.0284917 -0.00744981 -0.0140831 -0.00939782 -0.0219318 -0.0323368 0.00363318 0.0430951 0.00010973 -0.0328214 -0.0107415 0.0230586 0.00126292 0.00947437 0.00996073 -0.0227001 0.0608421 -0.0233293 -0.0323007 0.0144168 0.00940964 0.0014241 -0.0234495 -0.00885226 0.0152159 0.0087614 0.00972701 -0.0172425 0.00995103 0.0149097 0.0166954 -0.0305628 0.0140771 0.00657352 0.0246052 -0.0177005 -0.0063726 -0.0229743 -0.0156746 -0.00171191 -0.018964 0.019467 0.0231646 -0.0295054 -0.00611184 -0.033525 -0.0134405 0.0042438 -0.00758504 -0.0214728 -0.0379955 
0.00370195 0.0200824 -0.0328724 -0.0352239 -0.014407 -0.036832 0.00802517 0.00766787 -0.0169406 0.00974537 0.0118887 -0.0181992 -0.000713062 0.0187444 -0.0167118 0.029128 0.0048689 -0.0149221 0.00582034 -0.0379672 0.026953 0.013978 0.00380684 -0.00784694 -0.00995579 -0.0289728 0.00939184 -0.00277191 -0.0247759 -0.01826 0.00976614 0.0190742 0.0364655 -0.0224679 -0.016293 -0.0146965 -0.0170088 -0.00746399 0.00288731 -0.0111134 0.0137323 0.021498 -0.00460534 -0.0424493 0.0119037 -0.00473699 0.0301104 0.049671 0.0492435 -0.0156125 -0.0184944 -0.00385455 0.00190542 0.0137761 -0.0108655 -0.0181202 0.0242718 0.0129861 0.00439572 -0.0330931 -0.0133317 0.0150858 0.0169263 -0.00824098 
0.0111565 0.000763962 0.0174324 0.0225689 -0.0225706 0.0217345 0.00357036 -0.0170659 -0.00137457 -0.00438925 -0.0208739 0.0161242 -0.0115802 0.0062364 -0.0211373 0.031404 0.00838321 0.00125286 0.0122478 -0.0033172 -0.00982116 -0.0354579 0.0203251 -0.0123233 -0.013634 0.00271479 -0.00493534 -0.0205389 0.00261215 -0.0308779 0.0232774 0.000946089 -0.0326232 0.0119618 0.00754607 -0.00868861 0.00187395 -0.00295059 0.0273024 -0.0142707 0.0121988 0.000819537 -0.00759865 -0.00634276 0.0294461 0.00124447 -0.0173342 -0.0188126 0.0261904 -0.0076204 -0.0137175 -0.00465074 -0.0497433 -0.00237845 0.041599 -0.00673583 0.00225832 0.00960402 -0.0223384 -0.00625861 0.00037854 -0.00250336 0.000837011 0.0209403 
