64 64
0.02231 0.0131652 -0.0335788 -0.0106382 -0.00142906 -0.0133428 -0.00532251 -0.0334056 0.0212283 -0.00862115 0.0120431 0.00467215 0.0158341 0.017359 -0.00986612 -0.00980755 -0.0125696 -0.0160582 -0.000343279 0.0545966 0.0141692 -0.0240991 0.00595109 -0.00232714 -0.0370491 0.0177041 0.0363796 -0.000251363 -0.0234905 -0.0153478 -0.00251693 -0.0409577 0.0142273 -0.0129037 -0.0109556 -0.0213391 -0.0210279 -0.00553289 -0.00587907 -0.0179001 -0.0247108 0.0335906 -0.00450472 0.0164192 0.0147768 -0.0399665 0.0105 -0.00350686 -0.0264292 -0.0171722 0.00116483 0.00528797 -0.00997399 0.0194453 0.0304172 0.0121245 0.0132318 -0.0204455 -0.0295082 0.00139998 0.0232994 0.0082182 -0.0103794 0.00976726 
-0.0138848 0.0158994 0.0126344 0.00823852 0.0589414 0.00144044 0.00967179 0.0249698 0.0365718 0.0278865 -0.00981606 -0.00956718 0.00192603 0.000922399 0.0343781 0.0248778 0.0029763 -0.00655142 -0.00926628 -0.0174063 0.0163779 -0.00791046 -0.0206558 -0.0168227 -0.012546 -0.00692624 0.0424877 0.022089 0.0251992 -0.00183417 0.00657675 -0.00141439 -0.00953739 0.0326488 0.0384758 0.0121021 0.0051023 -0.0146477 0.00240973 0.00247005 -0.00375772 -0.00548215 -0.0169302 -0.0199582 0.0378887 -0.0134327 0.00831815 -0.0259016 -0.0456798 -0.0176728 -0.0221672 0.0396695 -0.012073 -0.034206 0.0260758 0.000377218 -0.0326588 -0.00681691 0.00104923 -0.0152549 -0.010518 -0.0203813 0.00267835 0.0288182 
0.0164985 0.00656298 0.0203016 -0.00360309 0.00461436 0.007099 0.01692 -0.00852229 0.0299942 0.0206666 -0.0311032 0.00245866 0.0194033 -0.0303106 0.0117276 0.0230902 -0.00266028 0.00157446 -0.0335707 -0.0014015 -0.00607764 0.00413027 0.0510989 -0.00357086 -0.0252375 -0.0206089 -0.00759651 0.0111346 0.02995 0.00777075 -0.0213067 0.0373205 0.0144981 -0.0284652 -0.0255651 0.00096187 -0.00657274 0.00184066 -0.0010527 -0.0162222 0.0265366 -0.00337226 0.00107711 0.0108078 0.0254266 -0.0494079 0.0166995 -0.00338034 0.00662095 0.00356224 0.0324038 0.0464888 -0.0225937 0.00289441 -0.0117322 0.00768514 0.00613218 -0.0367945 -0.0132994 0.0114482 0.0212555 -0.0207079 -0.0137786 -0.0269283 
-0.0332313 0.00297835 0.0231914 0.00702108 0.0230151 0.0167025 -0.0104389 0.00533329 0.0305101 0.00801543 0.0222166 0.0167257 -0.00224743 0.0123488 -0.00201207 -0.00289924 0.0094339 -0.0100688 -0.00499141 -0.00077808 0.0441013 0.0334741 -0.00514758 -0.0199789 -0.00750362 0.00204033 0.0115438 0.0183596 0.0258 -0.00317841 0.0100371 -0.00246556 -0.00107491 -0.0114969 0.00642086 -0.00262712 0.00163073 0.00169242 -0.039938 -0.0117258 -0.021281 -0.00750411 0.012078 0.0121879 -0.00966811 -0.00191421 0.0438876 0.00893629 -0.0167827 0.00973031 -0.0028382 0.00296244 0.00308803 -0.00399279 0.00448348 0.00986444 0.00122832 0.0158627 -0.0120318 0.0178684 -0.00887863 -0.000912579 -0.00215694 -0.0176032 
-0.0154751 -0.00144233 0.0134011 0.0186461 -0.0135053 0.0121056 -0.0134361 0.00382482 -0.00956411 -0.0208232 0.0386814 -0.0183941 -0.027741 -0.00938712 0.00479378 -0.0121924 -0.0362576 0.000540999 -0.00300373 0.00940677 0.0147605 0.000923336 0.0168319 0.0292289 -0.00603981 0.00852104 -0.00920888 0.000539748 -0.0141423 -0.0426229 -0.00305056 0.0104087 0.000931582 0.00762375 -0.023156 -0.00249337 0.0123837 0.0229885 -0.0151182 -0.0216218 -0.0654512 0.0139873 0.0291511 -0.0132568 0.0131816 0.0221765 -0.0282779 0.0192857 0.0366105 -0.0403096 -0.00872684 0.0695779 -0.00214205 0.0176042 -0.000710697 0.0112621 0.0224797 0.00434695 -0.0127218 0.00939147 -0.0163431 -0.0270723 -0.0109919 -0.000197092 
-0.00828363 0.022296 0.00576387 -0.0199921 -0.0158719 -0.0266967 0.0026774 -0.0112739 0.0217408 -0.0233815 -0.00911003 0.0206494 -0.0120671 -0.0145878 -0.00903437 -0.00420055 0.0414124 -0.00323933 0.012523 -0.00199267 -0.0373962 0.0142089 0.0014797 0.0108853 -0.0342556 -0.0104896 -0.0275196 -0.0156267 -0.00275003 0.000351189 0.0181097 0.00887368 0.0177165 -0.0257543 0.0116252 0.015349 -0.000721582 -0.00708784 0.00694196 7.49702e-05 0.0100739 0.0153563 -0.0174761 -5.34722e-05 0.00839989 0.0269759 0.0150945 0.00654401 -0.00686992 0.00121234 0.00503708 0.0128239 -0.00802888 -0.0209938 -0.00624514 -0.0227091 0.00514609 -0.0166908 0.00924532 0.0267983 -0.025778 -0.0158617 -0.0255322 -0.0116464 
0.0293894 0.0126557 6.46555e-05 0.0273141 -0.0120058 0.00327973 0.00462151 -0.00813111 0.0237168 -0.023293 -0.0207552 -0.00393095 0.0115006 0.0253625 -0.000430432 0.0343946 -0.0117456 -0.0216045 0.00218536 -0.0163315 -0.0303787 -0.0014233 -0.00574238 -0.0109325 0.00455429 -0.00359859 0.0164892 -0.00358282 0.00558989 -0.0193929 -0.0357941 0.0026625 0.00878659 -0.00288068 -0.0106377 -0.0421447 -0.0123493 -0.0444666 -0.0160298 0.0161561 0.0124906 0.00187749 0.00572915 0.0107082 0.0253692 0.00259534 0.0123739 0.0159535 -0.0115898 0.0127015 -0.0136728 -0.0281288 -0.0421066 -0.016171 -0.0221818 0.00330133 0.0485305 -0.00795324 0.00282174 0.019631 0.0185777 0.00454658 -0.047423 -0.00947958 
0.00231724 0.0173641 0.0191347 -0.00517235 -0.0329259 -0.00919108 -0.024752 -0.0127184 0.0125361 -0.00225178 -0.00701763 0.0183772 0.0181516 0.000832245 0.00106945 0.00315501 0.0190499 0.0262255 0.0362851 -0.000912346 0.00786379 -0.00722143 0.024906 -0.0518416 0.0163035 -0.00972181 0.0148654 -0.0334326 -0.000837061 0.0391075 -0.0234825 0.0399761 -0.0114319 -0.0471518 0.0166864 0.0167828 -0.0184293 -0.0123526 -0.0353693 -0.000574191 -0.0111701 -0.00733079 0.0285872 0.040447 0.0439997 0.0210914 -0.0034139 0.00500106 0.0188699 -0.00404487 -0.0176552 0.0291924 0.0289126 -0.0117466 -0.0136605 0.00644206 0.026603 0.0126987 0.0264816 0.0352028 0.0318116 -0.0109196 -0.0113092 0.0104062 
-0.0297023 0.0160682 0.000254778 0.00502458 0.0276306 0.0108747 0.00378749 -0.01188 0.00970626 -0.00768504 0.000997093 -0.0142509 0.0195343 -0.00146894 0.00265734 -0.0395204 0.0456154 9.25787e-05 0.015085 -0.028436 -0.00255661 0.00846604 -0.00277428 -0.036325 0.00756734 -0.000343717 0.0379302 -0.0303879 -0.0138613 -0.00786825 0.00030981 -0.00201282 -0.00522971 0.0214918 0.0045498 -0.00530703 -0.0210789 -0.0239819 -0.0105894 0.0147948 -0.0316699 -0.0145271 -0.00553901 -0.0106168 0.016673 -0.0142302 0.00944953 -0.00866043 -0.0202443 0.000202084 0.0224394 0.00538309 -0.00408605 0.0158756 -0.0339044 -0.000807003 -0.017423 -0.0371434 0.0111275 0.00838179 0.00442453 0.0102698 0.0150688 -0.0386328 
-0.00390486 -0.0229332 0.00304931 0.0162921 -0.016674 -0.0276462 -0.00577831 -0.00465193 0.00687292 0.0258157 -0.0286201 0.00776693 0.00250896 -0.0189974 0.0517918 -0.0102573 -0.0263218 0.039062 -0.0148076 0.00773414 -0.0249926 0.00755791 0.0344561 0.0525088 -0.0160257 0.00295254 -0.0133812 0.0200733 -0.0274065 0.0119318 -0.0338134 0.00361233 0.00488964 -0.00536069 -0.0212009 -0.0346946 -0.0261941 -0.00799283 -0.0205735 -0.0138358 -0.00723053 0.0276841 0.0100048 -0.00276567 -0.0183296 0.0105033 0.0272434 0.0165285 0.00373323 -0.00668519 -0.0102235 0.0188629 0.010656 0.0240305 0.0125186 -0.0346155 0.00277532 0.00625596 -0.0280582 0.00389342 0.00576303 -0.0141119 0.0133588 0.0357168 
-0.00489087 0.0255985 0.0167566 0.019293 0.00407078 -0.0121359 0.0462843 0.0101055 0.00283601 0.00674552 0.00806009 -0.0282003 0.0158454 -0.00861717 0.0167519 -0.0198514 -0.0022092 0.00124207 -0.014222 -0.0137711 -0.0391567 -0.0330499 -0.0213306 0.00922505 -0.037231 0.0137114 -0.00791796 0.0272039 0.00745575 -0.0197057 0.00639759 0.00103264 0.00425626 -0.0498631 0.0480759 -0.0145801 -0.041431 -0.00404752 0.000213727 0.0107518 -0.0251175 -0.0166327 0.00133441 0.0188815 0.00343893 -0.00742052 0.0208251 0.0160525 -0.00386952 -0.00844912 0.00607456 -0.00429897 0.0102752 -0.0255904 0.000100762 0.00209892 -0.00795875 -0.0078223 0.0153856 0.0397784 0.00521312 0.0072361 0.0356069 0.00501019 
0.0224234 -0.00728408 0.00846102 -0.00467786 0.0329331 0.0171488 -0.000565822 -0.0195402 -0.0492269 0.00942593 -0.0286985 -0.0213604 0.0168702 -0.0194228 0.00435727 -0.0356663 0.00985838 0.0177836 0.0274348 0.00838936 -0.0298954 0.00459755 -0.0256522 0.0145464 0.0160999 -0.0313924 -0.00820395 -0.00712754 0.027971 -0.0160495 -0.00838205 -0.00662512 0.0141661 0.00602206 -0.0210291 0.0323689 -0.00493058 -0.00126532 -0.0302272 -0.0102939 0.00668022 -0.024392 0.0353846 0.0162587 -0.00799141 -0.0372941 0.00393713 -0.00674459 -0.00969104 0.00542257 0.00446457 0.00886401 0.0173228 0.00135959 -0.00481108 -0.0165142 -0.00598667 -0.000141443 -0.00469879 0.0141863 0.0278466 0.00451686 -0.0441687 -0.00415249 
0.0255059 0.000584467 -0.00621762 -0.0130043 -0.00159757 0.0206367 0.0310381 -0.0164429 0.00720117 0.0110611 -0.0213502 -0.0114019 -0.0071671 0.0101668 -0.000929357 0.0230891 -0.0156688 0.00613845 0.0243002 0.0164586 2.00937e-05 0.0126922 0.0132452 -0.00459807 -0.0198038 0.0104897 -0.0367374 0.00689129 0.0154719 -0.0208339 -0.00969971 -0.0109973 -0.0129774 -0.00522722 -0.00592299 -0.024455 0.0101742 -0.024914 -0.0312686 -0.00156438 -0.0226131 -0.0110044 0.0198042 0.00272295 0.0104377 -0.0180034 0.015131 -0.0121175 0.0331335 -0.0191733 -0.0424776 -0.0439545 -0.00978329 -0.00414907 0.0110971 -0.0183086 0.00807957 0.068239 -0.0374962 -0.00412891 -0.0131364 0.0129897 -0.00620682 0.00160118 
0.00697388 -0.00467988 0.0280202 -0.00317965 0.00448792 -0.0236042 0.0242629 0.0199315 0.0444715 0.0170999 -0.0411339 -0.02483 -0.0121665 0.0197052 -0.0147462 -0.0245864 0.0142399 0.00540774 -0.024216 0.000930395 0.0338665 -0.00730269 -0.02157 -0.00429327 0.0241985 0.0316453 0.0146961 0.00988098 -0.000944037 -0.0161321 -0.0166624 -0.00207193 -0.0145876 -0.0162316 0.0109617 -0.00906686 -0.0262244 -0.0285506 -0.0188608 0.00954457 -0.0231362 -0.009039 0.0198182 0.00292532 0.00312981 -0.000832251 0.000688045 -0.0221555 0.0134122 0.0183697 -0.00873614 -0.00608111 0.00481775 -0.00884991 0.00615909 0.00326447 -0.0132143 0.00142136 0.00340249 0.035058 0.032519 -0.026899 0.0262611 0.00827587 
-0.0278921 0.00180697 -0.0304109 0.00174873 0.031171 -0.002871 -0.0178045 0.0082181 0.0329326 -0.0237909 0.0263685 -0.015136 -0.0234669 -0.00956417 -0.00762602 0.0278595 0.0203002 0.00747956 -0.0192977 -0.0237085 0.0172648 -0.00937054 0.0180341 0.00431227 -0.00844507 -0.0144929 -0.0222455 0.0202696 -0.0174508 0.0306308 0.0014059 -0.00732332 0.01038 0.00517781 0.00439267 -0.0310462 -0.036726 -0.0122776 0.000373055 -0.00911719 -0.0101564 -0.00371017 -0.0037676 -0.0338528 -0.00852074 -0.00473253 0.0174348 0.0507052 0.00455706 0.0325421 0.0123053 0.0176238 0.0278646 -0.0119018 -0.00492572 0.00833894 -0.000936337 -0.0119444 -0.000718701 -0.0203343 0.00185588 0.00206496 0.0163855 -0.000243709 
0.00979326 -0.0312564 -0.00904211 0.0208856 0.0142455 -0.0325387 0.0189259 -0.0281919 -0.00168104 0.0623304 -0.00804054 -0.00955902 -0.010507 -0.0112354 -0.0162422 0.00314938 0.00564396 -0.0265917 -0.00565248 0.0247235 0.0200153 -0.00550804 0.0249803 0.014358 0.00146113 0.00626073 -0.022145 -0.00499163 -0.0298383 -0.021661 -0.0180863 -0.0112356 -0.0276479 -0.0156296 0.0114255 -0.0134731 -0.00491062 -0.0305397 -0.017982 -0.0193623 0.00796464 -0.0144047 0.00997647 -0.0109104 0.00710389 -0.00803732 0.0296499 0.000165548 -0.00103459 0.0265113 0.00558663 0.00439765 0.0156948 -0.00480408 -0.0186236 -0.0171594 -0.0237565 0.00716159 0.0128369 -0.00827954 0.0022759 0.00583775 0.0167374 -0.019243 
0.00770257 0.00549688 0.00837214 -0.00453564 0.00118901 0.00730473 0.0361311 -0.00536081 -0.0112985 -0.0352962 0.0173503 0.0114792 0.00729119 -0.0133196 0.00952826 -0.0113065 0.00998753 -0.0589576 -0.0296334 0.0190899 -0.0175045 -0.0024806 -0.0204171 0.0185741 0.0249225 0.0133811 0.011724 -0.0112484 0.00364075 0.0124145 -0.0164997 0.0313571 0.0516074 -0.00881845 -0.0139522 -0.00592357 0.00688881 -0.0173113 -0.0147271 0.00996585 0.0185183 0.0161542 -0.0120193 0.0305033 -0.0232757 -0.0185375 0.00172932 0.00334066 -0.032067 -0.00713058 -0.00721069 -0.0260908 0.00819724 -0.00702389 -0.0284676 0.0512482 0.0050575 -0.00954339 -0.00837279 -0.00193328 0.0186235 -0.0301987 -0.0123661 -0.0221041 
0.0120241 0.00846315 -0.0115147 0.00238869 0.0247244 0.00716827 0.0117557 0.0136189 -0.00384319 0.0155813 -0.00392238 0.00388772 -0.0353879 -0.00308679 -0.0199419 0.00298947 -0.0217132 -0.00921101 -0.0167191 -0.00130225 -0.0369567 -0.000761251 0.0219303 -0.0230794 -0.0139177 -0.0239615 0.0242922 0.00110256 -0.0277904 -0.0129137 0.0111307 0.0226189 0.0448676 -0.0200542 0.0100949 -0.00982618 0.00906956 -0.0269224 0.0156579 9.6801e-05 0.0353079 0.0357889 0.0168064 0.000852926 -0.0128318 -0.0011838 0.0240967 0.0264812 0.00799586 -0.0258677 -0.0181027 -0.019986 0.0248818 0.00651052 -0.03653 -0.0209929 -0.0342253 0.0101067 0.00938451 0.025642 -0.0236054 -0.010962 0.0258962 0.00261018 
-0.0625133 -0.0206873 -0.0205458 -0.00658708 -0.0232393 -0.0145927 -0.0275883 0.0114906 0.0129981 -0.000148004 -0.0149871 -0.0026215 0.0146626 -0.0330868 -0.0286134 -0.00259805 0.0298391 0.0134925 -0.0204867 0.0112981 0.0188255 -0.0631901 0.0322195 -0.0049805 -0.0220437 -0.0212386 0.0194132 0.0216401 -0.00148404 0.00138303 -0.00191347 0.0129522 -0.0248738 -0.0345758 -0.0253473 0.00505933 0.00542527 0.0307096 -0.00267923 -0.0114632 -0.000431205 -0.0306985 -0.00732183 0.00498672 0.00854632 0.0192461 -0.00607811 -0.00528127 -0.0106929 -0.0264806 -0.0164125 -0.0104903 -0.0102323 -0.0100228 0.015048 -0.0286208 0.00967308 0.00236666 -0.0367285 -0.000803529 0.019748 0.00904418 0.0179941 0.0213918 
-0.00621904 0.0213268 0.00442379 0.0235611 0.00996448 0.00929575 0.00479362 -0.00597034 -0.00385185 0.0524918 0.0105672 -0.00484806 0.0170449 -0.0114438 -0.00887818 -0.0172296 -0.00679153 -0.000315767 0.0176639 -0.0372186 0.0277256 -0.0539986 -0.000131376 -0.00545997 0.0353013 -0.0283528 0.0194139 -0.0320153 0.00918173 -0.0253969 -0.0261323 -0.00276156 -0.00888165 0.0162005 -0.00381016 -0.0186989 0.00113241 0.027452 -0.0337594 0.0302272 -0.0137561 0.021397 -0.0234998 -0.0213161 0.00977036 0.0156696 0.0153409 -0.00770518 0.0278129 -0.040274 -0.00167302 -0.0121419 -0.033012 -0.00364209 0.0105793 0.0110278 -0.013187 0.0105465 0.0140097 -0.0313893 0.0272776 -0.0230753 -0.0126442 -0.00871988 
-0.0170331 0.00659739 -0.00663814 0.0177511 0.008315 -0.0354235 0.0125082 -0.00898283 0.0152401 0.0188314 0.0101718 0.0394649 0.000329509 -0.0183878 -0.0160422 -0.00293663 0.00928934 0.0202728 0.00969467 0.0235359 0.0364816 -0.0367675 -0.00130955 0.00415804 0.0193966 0.0126486 -0.0281489 0.0332368 -0.00285304 0.0114169 -0.0349852 0.00712631 0.0121917 -0.0101022 0.00700612 -0.0241442 -0.00101777 -0.00328665 0.021648 0.00463257 0.00986865 -0.00178812 0.0627119 -0.0221258 0.0037674 -0.0135863 0.0199011 -0.0202065 -0.0276834 0.0110335 -0.00125391 0.0291672 0.0127957 0.0146846 -0.00873626 -0.00564391 -0.013008 -0.007347 -0.0163353 -0.00863934 -0.0252555 -0.0079001 0.0134298 0.0253189 
-0.0169132 0.00228354 0.0404948 0.00244143 0.0122192 -0.0125603 0.0122806 0.0231524 0.000628679 0.0290612 -0.0343435 -0.00063349 0.0121063 0.0445327 -0.00846037 -0.0261861 0.0222739 -0.0169951 0.00898312 0.0338786 0.0366496 -0.0249481 -0.0124373 -0.000444357 -0.0223157 0.023516 -0.00399729 0.00566225 -0.0206263 -0.0200276 -0.00530075 -0.0154974 -0.0310507 -0.00803558 -0.00633014 -0.0159402 0.0224029 -0.0159717 -0.01793 0.0477187 -0.0602836 -0.0201539 0.00750404 -0.0223141 0.0306806 -0.0276716 -0.0034709 0.0135524 0.0146825 -0.0138802 -0.019362 0.0222727 0.013564 -0.00425129 0.00343229 0.0126109 0.016861 0.00951723 -0.0113997 0.0433031 0.00373621 -0.0022342 0.00742397 0.0284346 
-0.00259474 0.0120394 -0.000811446 0.00547881 -0.00418882 0.00765645 0.0418446 0.015536 0.0071554 -0.00932953 -0.0129881 0.0121282 0.000447781 -0.0296994 0.038208 0.0285989 -0.0208913 0.0295966 0.0187711 -0.00116083 -0.0226136 -0.018282 0.0203718 -0.0207552 0.0114623 0.00468392 -0.0111004 0.0395612 0.031233 -0.00967649 -0.0228491 0.0365377 -0.0190191 0.0127014 -0.00957602 -0.0234568 0.0404519 -0.017306 -0.0063887 -0.0337417 0.0058134 0.00119603 0.0139313 -0.0143608 -0.00262691 0.00572265 -0.00316773 -0.0314526 -0.0404108 -0.00101679 0.00869597 -0.00100629 0.0107032 0.0248443 -0.0212014 -0.00337943 -0.00228054 0.0518875 -0.00278504 -0.0052074 -0.0237334 0.0326604 -0.00687639 0.00873909 
0.02053 -0.0142546 -0.0171548 0.00864711 0.000142705 0.014285 -0.0336278 0.0241202 0.00159232 0.0200726 0.0123537 0.0564626 -0.00504038 -0.0178644 -0.0278524 0.016164 -0.0258872 -0.0170914 -0.0242528 -0.018931 -0.0116568 0.031197 -0.0179062 0.0218823 0.0195501 -0.018293 0.0324187 -0.00413813 0.0248324 0.0164852 -0.0209511 -0.00362806 -0.0229331 -0.0108965 -0.0488185 -0.0127381 -0.0356036 0.0121469 0.0122921 -0.0100246 0.000618208 0.00278414 -0.00585695 0.017644 -0.0290137 0.0189341 -0.00863748 -0.0174281 0.0134721 -0.0280721 0.00435762 0.015724 0.03605 0.0019899 -0.0240621 0.013863 0.0145316 0.0241445 -0.0107291 -0.00484135 -0.0146051 0.0148033 -0.010244 0.000782291 
0.012701 0.0113831 0.00698087 -0.0151763 -0.00440843 -0.0238958 -0.018308 0.043002 -0.00713993 -0.00946506 -0.00624658 0.0265666 0.0204386 -0.0335186 0.022429 -0.00686615 -0.0166315 0.024983 -0.0281623 0.0137625 -0.00404002 0.00604184 -0.0375636 -0.0140549 0.00204062 -0.0082464 0.0330541 0.0229896 -0.00772108 -0.0301581 0.0221014 0.0401195 -0.0264811 0.0018641 0.0226447 0.0208699 -0.00829517 -0.0321513 0.0163767 -0.0133465 0.00692926 0.00292308 -0.0337673 -0.0258856 -0.0345212 -0.0187182 0.0202567 0.0242081 0.0257069 -0.00920008 0.0242828 -0.0116502 -0.0198779 -0.0229944 -0.0155488 -0.0372696 0.0198286 -0.00560863 0.0198179 0.0296717 -0.00736183 -0.00931815 -0.013808 0.0478093 
-0.00664528 -0.0177118 0.00299866 -0.00411454 -0.0339467 -0.00959376 -0.00699973 -0.0110936 -0.00271232 -0.00654113 -0.0383987 -0.0157104 0.00881382 0.0139042 0.0261565 0.00599147 -0.0139951 0.010012 -0.0308889 -0.0103641 -0.0637999 0.0248459 -0.00160172 -0.0065235 0.0099578 0.0192319 0.00156977 0.00430856 -0.0248201 -0.0255563 0.00523607 0.0253009 -0.018732 0.00125071 -0.00191306 -0.00503763 0.039671 0.00434959 -0.0158014 -0.00203641 -0.00906245 -0.00140339 -0.0133162 0.0264564 0.000689287 -0.00744169 -0.0395029 0.00352002 0.040479 -0.00964172 -0.0065008 -0.00345423 -0.0168399 0.0269169 0.0204835 -0.00898811 -0.00192324 0.00971164 -0.013124 -0.00163417 0.0309346 0.0182575 -0.0160387 0.0166239 
-0.0086031 0.0247984 -0.0056428 0.00406902 0.00463092 0.011155 0.0265204 0.00506775 0.0371094 0.0216488 -0.00284039 0.00550952 0.0184551 -0.0084445 -0.0339849 -0.000391456 -0.0116292 0.0479475 -0.01803 -0.0103509 0.0297021 0.0108548 0.0168033 -0.00152954 0.0114659 0.0177629 0.0121745 -0.0144942 0.0194963 0.025888 0.00141758 -0.00151182 0.0317692 -0.035631 -0.021086 -0.0135995 0.038826 0.0153344 0.000322277 0.021946 0.00847876 -0.0209327 0.0305803 -0.0319812 0.0370247 0.0418781 -0.0451256 -0.00719626 0.0103887 0.0127275 -0.00652019 -0.00958053 0.000103809 0.0109121 -0.033755 -0.0165156 -0.0324413 0.0193189 0.0396801 0.00936706 -0.0131579 0.0184355 -0.00567501 0.0025655 
-0.0382767 -0.0157812 -0.0427566 0.0213213 0.013277 0.020444 0.0237418 0.0118461 -0.00049027 -0.0109406 -0.0160776 -0.0105259 -0.0177771 0.0222891 0.0260457 0.015524 -0.0301452 -0.0213661 0.0158606 -0.0113243 0.00173788 0.00904031 -0.0362921 -0.0293944 0.0036417 -0.0141615 -0.0143786 -0.0177798 -0.00862478 0.00409379 0.0381883 -0.0390857 0.0472504 0.00315635 0.0130932 -0.0109082 -0.0161943 -0.0442732 0.0137215 -0.0198678 0.0235156 -0.0139103 -0.0118324 -0.00367364 0.0476062 0.0395407 0.00440307 0.0125526 0.013854 0.0131622 -0.0235391 0.0339281 -0.0115746 0.0110773 0.0110579 -0.00150536 0.00216525 0.0375497 -0.00830797 -0.00735711 0.0260096 0.0151017 0.0361206 0.00317653 
-0.0204216 0.0603748 0.00195188 0.0222561 -0.0155275 -0.0124841 -0.0234835 -0.0145138 -0.00534644 -0.00911703 0.00802139 0.00868843 -0.0177456 0.027742 0.00128668 0.0198509 -0.0381077 -0.0134163 -0.0197873 0.0229984 0.033554 0.0513203 -0.0146528 -0.03376 0.0385669 -0.0094557 -0.0131174 -0.0242393 -0.00987079 -0.0091793 -0.00360188 0.0315056 0.0178708 -0.00937275 -0.00326299 0.0243266 0.0218815 -0.00555108 -0.00380291 -0.0328835 -0.0210144 0.000634924 0.00277741 -0.00416214 0.0239579 0.0317508 0.0164161 -0.00213372 0.0106629 -0.0184463 -0.0027301 -4.98805e-05 0.00742983 0.0393207 0.0193531 0.00648973 -0.0305216 -0.00126651 0.00997125 0.0183464 0.0250161 0.0093738 0.000603765 -0.00381613 
0.0184121 0.0170944 -0.00304944 -0.0247206 -0.0253531 0.0173849 0.0253344 0.0167977 -0.0305202 0.0104588 0.00975384 -0.00334921 -0.00747967 0.00149886 -0.0360671 -0.0243057 -0.0125858 0.002469 -0.0448517 -0.000764091 0.012587 -0.0185483 0.0192555 0.00596818 0.00179906 0.0154267 0.0103722 0.00193943 -0.0155992 0.0228085 -0.00829523 0.026663 0.0102633 -0.0217713 0.0307261 0.00412028 0.0238359 0.00346074 -0.00583074 -0.00637621 0.00421201 0.00158674 -0.00987089 -0.0186508 -0.0188131 0.0185863 0.00724964 0.0160836 0.024487 0.0155303 0.0256772 -0.00453656 0.0320443 -0.01218 -0.0302525 -0.0169622 0.00248524 -0.0112801 -0.0111044 -0.0259326 -0.00113591 -0.0274874 -0.000398484 0.0359025 
0.00380076 0.0222681 -0.0126643 -0.0156006 -0.0121208 -0.00220097 0.00727203 0.0092755 -0.0409513 0.00135134 -0.0106488 -0.0172851 -0.0233079 -0.00920652 -0.00439897 -0.0277908 -0.00477611 0.00421755 -0.0350451 -0.0162573 -0.0488632 0.0249543 -0.00914049 0.0400344 -0.000363712 -0.0149798 0.0250306 0.0203059 -0.00215617 -0.0267328 -0.00981546 0.0158701 -0.0207775 -0.0167129 -0.00527086 0.00655594 -0.0087516 0.020887 0.00815139 0.0128223 -0.00962582 -0.00911345 0.0316846 -0.0211498 0.013072 -0.0157358 -0.00098808 -0.00532655 -0.0221922 0.0120501 -0.0111407 0.0365546 -0.0135352 -0.0108658 0.0235593 0.00603567 -0.0396818 -0.006938 0.0178545 0.0230896 -0.00538067 0.00963219 0.0077227 -0.0205099 
-0.0191642 -0.0086058 0.0336816 -0.0251008 0.0343883 0.00577934 -0.00107761 0.015534 0.0116989 -0.0168711 0.0169532 0.0300416 0.00325804 0.0083242 -0.00059532 -0.00888702 -0.00790979 -0.0366275 -0.0126355 -0.0178917 0.038307 0.0103194 0.0327753 0.00210557 0.00418233 -0.00538276 0.0238128 -0.0070682 0.0152114 -0.0533558 0.00616147 -0.00171211 -0.0101222 -0.0167874 0.00309573 -0.00334159 -0.0124807 0.0127148 -0.0239064 -0.0199047 -0.00164782 0.0123641 0.0138974 0.00756879 -0.0367518 -0.00176833 -0.0194795 0.0189341 0.0206417 -0.0259896 -0.0109335 0.0205413 -0.038171 -0.00362936 0.0140973 0.021191 -0.00761761 -0.00180573 0.0262878 0.0100485 -0.00895908 0.013754 0.0175368 -0.00702761 
-0.00641416 0.00141335 -0.00655558 -0.028651 -0.00382148 0.0233357 0.00531276 -0.035581 -0.000627664 0.0213178 0.0129379 0.0200014 -0.039542 -0.00869609 -0.0162868 -0.00148271 -0.027925 0.00969194 0.0174168 0.0181982 -0.0319733 0.0130205 0.0130678 -0.00685761 0.00195861 0.0118112 0.0201076 0.0235616 -0.0183198 0.0134561 -0.017188 0.00791016 -0.00081566 0.0164498 0.0188686 0.00466077 0.00802073 -0.00818951 0.0149368 0.0305025 0.0450929 -0.010715 0.0396808 -0.0135958 0.0484459 -0.0230988 -0.00573155 0.0294133 -0.0407866 0.0040786 0.0116159 0.0347182 0.000283561 -0.012687 0.00761391 0.0146814 -0.028292 -0.0324031 -0.0403693 0.0545631 -0.0508582 0.0330472 -0.0215042 -0.0236205 
0.0115332 0.0198027 -0.0670514 0.0113989 -0.00606349 0.00094852 0.00961317 -0.0127204 -0.0273865 -0.0145027 0.0109567 0.00511722 -0.0156598 -0.00368964 -0.0113911 0.0032978 0.0107157 0.029213 0.0122164 -0.0283363 0.0266606 0.0121748 0.00903666 -0.0124109 0.0163648 0.0161856 -0.0152124 0.00321822 0.0296515 -0.0139168 0.0120319 0.0254244 -0.0362082 0.0108646 -0.0208402 0.0106044 -0.031295 -0.031738 0.0148266 0.00661515 0.0149534 -0.0290535 -0.0241101 0.0201158 0.00596803 -0.0311132 -0.00109384 -0.00818515 -0.012965 0.0127706 -0.00274172 -0.0156223 0.020304 -0.0157869 -0.0153972 -0.0123157 -0.0095602 -0.0316171 -0.0205683 0.00801711 -0.0148569 0.0206856 0.0114496 0.00252932 
0.00316798 -0.00323271 -0.00830893 -0.0107957 -0.00537339 -0.00337773 0.00681668 0.0199566 0.0335588 -0.0345118 -0.0106756 -0.0144515 -0.00409512 0.023504 0.0173905 -0.00818447 -0.00879821 -0.0112606 0.00350086 0.0163004 -0.00325979 0.00975159 0.00173009 -0.0110494 -0.0222173 -0.0618828 -0.0150565 0.00581169 -0.00591165 -0.0109718 -0.0197868 0.00834614 0.0130719 -0.000837157 0.00933924 0.0284189 0.00449456 -0.0110448 -0.0162962 0.00455373 0.020842 -0.00927047 0.0050055 0.0058453 0.00342975 -0.0363838 -0.00669233 -0.0030801 -0.0214857 -0.00487482 0.027323 -0.0212821 -0.0177383 -0.0231221 -0.00528021 0.0300428 -0.018384 -0.00660052 -0.0369716 -0.0225305 0.0137209 0.0134828 0.0242648 0.00205848 
-0.0266289 0.022272 -0.0150465 0.0256326 -0.00233449 0.0173563 -0.00416261 0.00724598 -0.0207005 0.00248456 0.0178384 -0.0364667 0.0248621 -0.0257145 0.0123681 -0.00945135 -0.00560251 0.00982623 0.00555076 -0.0315611 -0.0560182 0.0216015 -0.0176629 -0.0194203 -0.0115952 -0.000459 -0.0415914 -0.0264324 -0.0193209 0.00263327 -0.00222066 0.028694 -0.0312725 -0.0308727 -0.0136957 -0.0207767 0.0148099 0.0182154 0.00369792 0.0221496 0.0245066 -0.0302151 0.000873755 0.0206585 -0.0169877 0.0163926 -0.014755 -0.0323118 0.0105201 -0.00960353 0.00800199 -0.00187494 -0.0323141 0.0122276 0.0135862 -0.0316672 0.00162761 -0.00238515 0.0132999 -0.00286044 0.000292409 0.0343707 -0.0126344 -0.00435801 
0.011874 0.0329237 0.0349284 -0.00534571 0.0230886 -0.0162413 0.0122186 -0.0359987 -0.0240134 -0.00718617 0.00923687 0.022055 0.0172348 0.0177682 -0.0111636 -0.0154596 0.0158626 -0.0026824 0.00664193 -0.0212701 -0.00578403 -0.00495755 0.013529 0.0221186 0.00485648 0.00999916 0.00358045 0.00902089 -0.010635 -0.00541655 -0.0367503 0.00841325 -0.0109803 0.0152416 0.0107465 0.0136533 -0.00409221 -0.0327131 0.00872684 0.00413213 -0.0104117 -0.0213272 0.0190706 -0.0310983 -0.0129914 -0.0294296 0.0139181 -0.0113119 -0.00348547 0.0242194 0.00868861 -0.0111899 0.0129177 -0.051945 -0.00685852 -0.0162529 0.032462 -0.0350919 0.0540098 0.0228602 0.0341504 -0.00280904 0.00564672 0.0295677 
0.017059 -0.027517 -0.0327637 0.0272996 0.00825856 -0.0200187 -0.0199822 0.0056188 0.0200491 0.000331583 0.0234443 -0.01766 -0.00922303 -0.00996501 0.0186445 0.0203855 0.0213662 -0.00837651 -0.0199162 0.021526 0.00676209 -0.0215334 -0.0170044 0.00359712 0.0176225 0.0270978 0.011549 -0.0171257 -0.0019419 0.0135724 0.00897537 0.0104955 -0.00344159 -0.0112267 0.0182778 0.0145427 0.0109882 0.0486281 0.0541059 -0.0007744 -0.0441196 -0.00433886 -0.0206626 -0.00282519 -0.0115374 -0.00708945 0.0104011 0.0143631 -0.0129757 -0.0115927 -0.00640277 0.00361972 -0.0144669 0.00809233 0.0276286 -0.000205042 0.0342779 0.00681646 -0.0165158 0.0213343 -0.0133738 -0.00223026 -0.0305829 -0.0129733 
-0.0100424 0.0293804 -0.00106404 -0.00520292 0.0249446 0.0344031 -0.026932 0.00929042 0.000836561 0.0170718 0.00533663 0.0142616 9.65871e-05 0.0130028 0.0147485 0.0286699 -0.00196035 -0.0114858 0.00975027 -0.0199211 0.0160718 0.0242708 0.00711031 -0.0308237 0.02815 -0.0189318 -0.00290964 0.0106409 0.0226223 0.0211915 -0.00935295 -0.00170245 -0.0299121 -0.000810685 0.00359689 0.0420205 -0.0132111 0.0319233 -0.0236873 0.0150658 -0.000591802 0.013612 0.00733177 0.0231509 -0.0120136 0.000229678 -0.0298622 0.0195338 0.00129331 -0.0241602 -0.00485746 0.0237883 0.0210817 0.0386876 -0.026761 0.0125653 -0.00272218 0.0181572 -0.00241679 -0.00205362 0.0160041 0.0437607 -0.0327008 -0.00651965 
0.00448648 -0.0118225 0.00389211 -0.000781973 -0.00955411 0.0152664 -0.0340999 -0.00843468 0.0108323 -0.0308233 0.0284031 -0.00403843 0.0141927 0.0330083 0.0105612 0.00999501 -0.0322469 0.0135348 -0.0376898 -0.0242031 0.00494368 0.0147687 0.0285945 0.0180851 0.0518944 -0.00337268 0.017521 -0.0469094 0.0233174 -0.026692 -0.0620644 0.0144693 -0.00229942 -0.00667226 0.0110512 0.00990141 0.0307109 0.0278978 -0.00395369 0.0191674 0.0253452 0.0147098 0.0267665 0.0188077 0.0270512 0.00712801 -0.0159478 -0.0111204 0.0159247 -0.00768205 0.00228191 0.0223366 -0.0231881 -0.0020123 -0.0179961 -0.0129904 0.0325036 -0.0236203 -0.0224982 0.0223528 0.0107348 -0.0125506 -0.0154437 0.0384663 
0.0178362 -0.027275 0.0223514 -0.0184179 0.0130643 -0.0484406 0.0150479 -0.0121177 -0.00768522 -0.0158274 0.0120753 0.00862925 0.0231437 -0.000834819 -0.00585639 0.000647566 -0.0195788 -0.00982011 -0.0591245 0.00892494 0.0272916 -0.000554057 -0.00353335 -0.0171289 0.0041254 -0.0144325 -0.00625329 0.00553679 0.0298223 0.0201149 0.0189593 0.00500965 -0.0429704 0.00337207 -0.0429817 0.00134036 -0.00860055 -0.0109936 -0.00992252 -0.0277153 -0.00754883 0.00650049 0.00753342 0.00445914 -0.00102953 0.00497899 0.0213816 -0.00745961 0.00559733 0.00128392 -0.0250016 -0.0266258 0.00757972 -0.0142824 0.00688862 -0.00238652 0.0278718 -0.0176969 -0.00353443 -0.014232 -0.0061864 -0.00226982 0.0158625 -0.00201596 
-0.0216386 0.0275804 0.0199153 -0.0283144 0.0243118 0.0121826 -0.0248143 -0.0290502 0.021511 0.0136667 -0.00589136 -0.00181419 -0.0188299 0.0148507 0.0126213 0.0277323 -0.0169646 0.00515438 0.0222119 -0.0148627 0.0107801 -0.00137971 0.00759149 0.0280287 0.00227852 0.0158395 0.0279936 0.0309891 -0.00623916 0.000484907 0.0256601 0.0262729 0.0315347 0.0178259 -0.0344122 -0.0273064 -0.0136784 -0.0114269 -0.000967961 0.0247839 -0.0583741 -0.0127831 0.0362876 0.00270782 0.0229672 -0.0139341 0.0200994 0.00645499 -0.0198797 0.0112122 0.0275762 -0.033159 0.00576895 0.00597102 -0.0236801 0.0262906 0.0193426 0.00707562 -0.019901 -0.0150825 0.0647689 -0.008769 -0.0145493 -0.0150939 
-0.0214888 -0.0461715 0.0264098 -0.00138162 0.0218305 0.00672862 -0.0386565 0.0273761 -0.0124759 0.00199906 0.0232293 -0.028437 -0.022433 -0.00618448 0.0156373 0.0139309 -0.0147053 0.0242225 0.0337934 0.0116024 -0.0342509 0.0146821 0.0197054 0.00361182 0.00711751 0.00637323 -0.0010646 -0.0278222 -0.0368875 0.00543353 -0.020731 -0.00197585 0.0109232 0.00307214 0.0149509 0.0220878 -0.000592331 -0.00637009 -0.0134936 0.00901137 -0.0149845 -0.0314447 0.0343993 0.0189457 0.0498079 0.000457571 -0.00744353 0.0444126 0.00611239 -0.00610067 0.0153766 -0.0398383 -0.0124346 0.0188464 -0.0229169 -0.00462324 -0.020175 -0.0410903 0.0434271 0.0232148 0.0298717 0.0182252 -0.00347848 0.00103677 
0.0224518 -0.0134002 0.0139418 -0.00205964 -0.00707182 -0.00984461 0.0257444 -0.0121124 -0.00274504 0.019416 -0.0231816 0.00575032 -0.0408996 0.00410559 -0.0116718 -0.0246256 0.0303696 -0.0161224 0.0194679 -0.0182856 -0.0106074 6.36758e-05 0.0245739 -0.0125509 -0.014327 -0.00946175 0.0101735 0.0120028 0.0214753 0.0266424 0.0225552 0.0136143 -0.00744608 0.0489081 0.0433898 0.0219427 0.0141002 0.00438405 0.011998 0.0104827 0.00603635 -0.0477443 -0.0102158 -0.0157906 0.0360995 0.020303 -0.0273773 0.030586 -0.0242767 0.00468691 -0.023117 -0.00346273 -0.0145034 -0.0158798 -0.0259895 0.0437055 0.00624875 -0.0189049 -0.0190402 -0.0150695 0.024913 0.00834364 -0.00169266 0.0323612 
-0.0140408 -0.0129469 -0.0182036 0.0190271 0.00166512 -0.0102904 0.0125377 0.0145585 0.00567861 -0.0254508 0.0382896 -0.00456324 -0.0104469 -0.0093461 -0.0342067 -0.0211978 0.00623808 0.0167535 0.018623 0.0080724 -0.016065 0.0119066 0.0290081 0.0252853 0.0180238 -0.0082873 0.0202458 -0.00033827 0.0360652 -0.00386908 0.00350255 0.0164672 -0.0220726 0.00846356 0.0211681 0.0245512 0.0176385 0.00615309 -0.0288441 -0.00700209 0.00254359 -0.00693557 0.00682899 0.00591886 -0.0234503 -0.0006769 -0.00253156 -0.00318915 -0.0027027 -0.0116066 -0.0186911 -0.0276945 -0.0457567 0.0334654 -0.0328014 -0.0178874 -0.0237088 -0.0172907 0.00282917 0.000308379 0.033913 -0.019686 0.00307169 0.0388972 
-0.00338578 -0.0367618 -0.0410301 -0.0203647 -0.0378736 0.00139833 0.0200923 0.00579392 0.0111018 -0.0245126 -0.0133446 0.00812589 0.0300693 0.00473554 0.0035113 0.0238989 -0.0103268 0.0120433 -0.00364169 0.0396733 -0.00197964 -0.00617209 0.00272684 0.00297885 -0.0214838 -0.0104926 0.0182977 -0.0113702 -0.0146312 0.00497583 0.0119951 -0.0260376 0.0463721 -0.0108359 -0.0102251 -0.00675528 0.00276659 0.0187816 0.00124347 0.00862606 -0.0192025 -0.0164496 0.0307254 -0.0178705 0.013477 -0.00631544 0.00370843 -0.0385143 0.00693071 -0.00609774 -0.00852462 -0.000647656 0.00464989 0.0008599 -0.0282225 0.0107647 -0.0247354 0.00962014 -0.00190982 -0.00262256 -0.0105966 0.0173906 0.0152113 -0.0233353 
-0.00253872 0.0189054 -0.00515703 -0.0501882 0.00628665 0.000551037 -0.00780757 0.0191456 -0.0126423 0.0205253 0.00148276 -0.0109418 -0.0241328 -0.039152 -0.017925 -0.000496854 -0.0151186 -0.0158124 -0.0178937 -0.00872569 0.00155854 0.00527169 -0.00600135 -0.0142366 0.0358337 0.0242977 0.0183963 -0.00292425 -0.0253169 -0.00286359 -0.0128744 -0.00953822 0.00278137 -0.0208234 0.0043466 0.0139163 0.000600484 -0.0130212 0.00926514 -0.0423619 0.0310821 0.0044082 -0.00935478 0.0155179 0.0246982 -0.00452829 -0.0412393 -0.00101539 -0.00349828 -0.00254775 -0.00320717 -0.021718 0.0326474 0.0248511 0.00315367 -0.00343737 0.00363263 0.0028066 0.0241626 -0.0381107 0.0219412 -0.00460648 -0.00574995 0.000245659 
-0.0176182 -0.00440223 0.00403483 0.00940646 -0.0391566 0.0513665 -0.0451313 0.0144989 0.0109654 0.0258865 -0.00674259 0.0238542 -0.0152382 0.00412796 0.0172927 0.0387353 0.0100229 -0.000580347 -0.0308908 0.0349771 0.0152206 0.00146303 0.00721302 -0.0154965 0.00234568 0.00771501 0.0272825 0.0134819 -0.00582515 0.00618207 0.0218924 0.00575468 -0.00886559 -0.00257481 0.0132442 -0.00119237 0.0234079 -0.00079077 -0.00362366 -0.0104169 -0.00877376 0.0165051 -0.0072537 -0.00680668 -0.00515158 0.0336571 -0.00401669 -0.0317163 -0.0281585 0.0225843 -0.00559228 -0.0111767 -0.00472179 0.0155907 0.00752097 0.00731981 -0.0192282 0.051861 -0.0101823 0.0323977 -0.0203179 -0.00331054 0.0446722 0.0282327 
0.0106552 -0.00580727 0.00608282 -0.00195883 -0.0247654 -0.00704279 0.0068493 -0.0295942 0.00864053 -0.037428 0.00568554 -0.000913185 0.00154412 -0.00625952 -0.00931129 0.00499739 0.01085 0.00818693 0.035203 0.0353795 -0.0125864 0.0195484 -0.0280183 0.0397305 -0.00238432 -0.00729736 -0.021278 0.0496455 -0.00407232 0.0185302 0.00292742 -0.0127529 -0.0161964 -0.0209112 0.0380615 0.0424046 0.0186018 0.00502633 -0.0193245 0.0175086 0.0128253 0.025573 0.0086103 -0.00352892 -0.00264156 -0.00761322 -0.0134612 0.00787454 0.0101362 0.00208502 -0.0194423 0.012871 -0.00491204 0.0299664 -0.0207137 0.00545404 0.013856 -0.00339647 0.00215402 -0.0274209 0.0221225 -0.0172347 0.0111506 0.0225654 
-0.0176827 0.0172037 0.0157075 0.0169651 -0.00980615 0.0157112 -0.0496171 -0.0178776 0.0143616 0.0126421 -0.000867555 -0.0224939 0.0027706 -0.027387 0.00120476 0.0121429 0.00265351 0.0260591 -0.0159443 0.0191078 -0.0216618 0.0249184 0.00301145 -0.00691804 0.00483114 0.0119878 0.0128481 -0.0606884 -0.00527082 -0.0285044 0.0106425 -0.0116765 -0.00977365 -0.0197765 -0.0484809 -0.00489132 0.000297565 -0.00865344 -0.0107719 0.0191925 -0.0206815 0.0140303 0.0102507 0.0338443 0.0227489 -0.0510849 -0.0216667 0.00149355 0.0218916 0.0206534 0.00362284 -0.0124393 -0.0181903 -0.0192007 -0.00346768 -0.00970845 -0.0350702 -0.0404974 0.0189455 -0.0370756 0.022982 -0.00390311 0.0225544 0.0146414 
0.0453289 0.022858 0.0150082 0.0198944 0.0315539 -0.00364415 -0.0246039 0.002481 -0.00259339 0.0281297 0.0295692 0.0210756 0.0140679 -0.00946473 0.00776986 -0.00831482 0.00932929 -0.0195579 0.0178006 -0.0264426 -0.00633606 0.0061477 0.0552395 0.00688641 0.0248229 -0.0032194 0.000171368 0.010238 0.0164641 -0.0267424 -0.0149949 -0.00283156 -0.00804992 0.0206925 -0.0338355 0.00267173 0.00090671 0.0177389 0.0173881 0.0381559 -0.0476304 0.0184694 0.0133041 -0.01205 0.00448291 0.0274298 -0.027842 0.0110421 0.0155802 -0.0360385 -0.00958281 -0.0159338 -0.0126168 0.00484189 -0.0227463 0.0131797 -0.0166025 0.00191379 0.0410665 0.021864 -0.0172238 0.00214275 0.00178262 -0.0090655 
-0.0184644 0.0125514 -0.0045171 0.0164579 -0.00247135 0.00851995 0.010676 -0.00290797 -0.000697752 -0.0189603 -0.0256062 0.0214346 -0.0112628 -0.0147997 0.00610021 -0.00387773 0.0238137 -0.0103319 0.0336193 0.0202434 0.00721084 -0.0227307 0.0114435 -0.0516154 -0.000456366 -0.00522125 0.00143456 -0.0253155 0.0175278 -0.0056066 -0.00701447 0.0348492 -0.0301078 0.0528455 0.000603362 0.00313227 -0.0195699 -0.00940681 -0.0287357 -0.00191014 0.011271 -0.011499 0.0108367 -0.013801 -0.0070649 0.0312349 -0.00864481 0.00319114 0.0225543 0.0228752 -0.00100276 0.00399458 -0.0266967 0.0171208 -0.0263507 0.00955776 -0.00320114 0.00292837 0.000605162 0.0384168 -0.0561491 0.0238662 -0.0170853 0.0255451 
-0.0186849 -0.00840019 -0.0193801 -0.0106891 -0.00137796 -0.00306854 -0.021454 -0.00372814 0.0011562 0.00412707 -0.00487532 0.00154573 0.012613 0.000700542 -0.0249562 0.0123345 -0.00854742 0.00296522 -0.00285664 -0.0240463 0.0144686 0.0292189 -0.0187585 -0.00953223 0.00142324 -0.0176294 0.012753 0.00820785 0.00296288 0.0228288 -0.0203575 0.0177498 0.00724094 -0.0109854 0.00901496 -0.0150259 0.00939822 0.0240838 0.0183129 -0.00874907 0.000563104 0.0114605 -0.026848 -0.00726107 -0.00150851 -0.0250174 -0.0120972 -0.00689704 -0.00163766 0.00710355 0.032735 -0.0116002 0.0335004 -0.0188248 0.0150717 0.00331242 -0.0174925 0.00251524 -0.0161763 -0.00474371 -0.0236711 0.000786021 0.0155569 0.0031892 
0.00977447 0.0112602 0.0172378 -0.0111396 0.00958202 0.00157407 -0.0221919 0.0118811 0.00638829 0.0270332 0.0030599 0.00295956 0.025604 -0.00560947 0.0106674 0.00678162 -0.0126995 0.00101793 -0.0228009 0.017895 -0.00969774 -0.00221088 -0.0161791 0.0186279 -0.0291367 0.0243981 0.0449276 -0.039716 -0.0390997 -0.0364597 -0.0182034 -0.00327559 -0.0334125 0.0103977 0.0111005 0.00284917 0.0039871 0.0057234 -0.0101832 -0.00553312 -0.00132732 0.00125755 -0.0176329 0.0122178 0.00253783 -0.0464213 0.022358 0.00662043 0.0250645 -0.00901779 0.00166261 -0.0211536 -0.0165147 0.00545686 0.0147588 -0.00943089 0.0401021 -0.0191252 -0.00778156 -0.00724667 -0.00442115 0.0155661 0.00965347 0.0327554 
-0.000709416 0.0161986 0.0288364 0.0248383 0.00380634 0.0122147 -0.0325658 -0.00689397 -0.0117689 -0.00061309 0.00132108 0.00710599 0.0307254 -0.0181281 0.0197899 0.022069 0.0136784 0.000264918 0.00303757 0.0376805 -0.0367477 -0.0196821 -0.047188 -0.00586417 0.0193496 0.0454648 -0.0139717 -0.0138441 0.0126119 -0.0197337 0.00387043 0.0268032 0.0271353 0.0034188 0.000943175 0.0195479 0.00874862 -0.00589379 0.00707518 0.0342713 -0.0130859 0.00542466 0.00909292 0.0219072 0.00284845 -0.0345547 0.0139245 -0.00530291 0.0294989 -0.0326301 -0.0194929 0.0102563 0.0145888 0.0269889 -0.0143002 -0.0243088 -0.000541099 0.00901799 0.0109138 0.00422924 0.00278179 -0.0088781 0.0383663 0.0108953 
-0.0416927 -0.0306485 0.0160768 -0.00190164 -0.0123464 0.0020005 0.00103599 0.000538424 -0.0231296 0.024175 0.00303296 -0.0131027 -0.0327893 -0.0262794 -0.00155312 -0.0193844 0.0027637 -0.0024849 0.0194046 -0.0136922 -0.00936786 -0.00138205 -0.0198599 -7.68137e-05 -0.0163829 -0.00701159 -0.018238 0.0177492 -0.00120364 0.0105323 -0.00732947 0.0206891 0.0105379 0.0239102 -0.0301044 0.0203341 -0.00834785 0.0165162 0.040982 -0.0222081 0.018447 0.0128697 0.00930406 0.014447 -0.0639921 0.00110021 0.0333039 -0.0096063 -0.0372586 0.0227402 0.00675882 -0.0258734 0.0267999 0.00954197 -0.0333321 -0.00259418 -0.00157362 0.0130072 -0.0214077 -0.0164626 0.0341394 -0.0286383 0.000455703 0.020093 
0.00487528 0.0208704 -0.02542 0.0151646 0.00188701 0.00992282 -0.00402157 0.00829685 0.00648122 -0.0358838 0.0281857 0.0376902 -0.010148 -0.0161997 0.0264353 0.00184809 0.0139354 0.0180201 0.0160749 -0.00248142 -0.0155665 -0.0102704 -0.00581392 -0.0206136 -0.012631 -0.00452881 0.0193694 -0.00875308 0.0303095 0.0110668 -0.0168557 0.0120476 0.0075235 -0.00908655 -0.0203872 0.0193093 0.0268354 -0.00760095 -0.0301868 0.00336369 -0.029019 -0.0184226 0.0130116 -0.00354329 -0.00181443 0.0585119 -0.0168227 0.0153375 -0.0273037 0.0523136 -0.00128313 -0.0472619 0.0132258 -0.0124578 0.0229813 -0.0266159 -0.00154029 0.0158292 -0.0357595 -0.000579404 0.0269208 -0.0168398 -0.0226693 -0.0241194 
0.00974545 0.012568 -0.0118664 0.00253646 0.0350007 -0.0170533 -0.0062207 -0.0149297 -0.0457861 0.00357305 -0.0211541 -0.000855341 0.000841512 -0.00949776 0.0121145 0.0376404 0.0420356 0.00586986 0.0179028 0.00941757 0.0123197 0.0359183 0.035849 0.0149202 0.0106493 0.0225269 -0.0061566 -0.0173353 -0.00482874 0.0278429 0.00464601 -0.0135645 0.00586365 0.0122979 0.00833783 0.0262027 -0.00487529 0.0162921 -0.00559698 -0.00887494 0.0188147 0.0104986 -0.0424595 0.0246277 0.0138821 -0.00127379 0.00404915 0.0187214 0.0149107 -0.026197 -0.0216576 -0.0035489 -0.00330446 -0.011858 0.0250703 -0.0130989 0.0282514 0.00848972 -0.0042577 0.0150471 0.0131095 0.0373681 -0.00981461 0.0149649 
0.0194825 0.0014903 -0.00412005 0.00328478 -0.00553328 0.0157429 0.0138011 -0.00634006 -0.0198466 0.0127006 -0.00257237 0.024626 -0.0138428 -0.0316396 0.0269404 0.0426305 0.013378 -0.017939 0.0328316 -0.0303627 0.0167229 -0.0438615 -0.0218684 -0.0259731 0.0146538 0.0107259 0.00545988 -0.0253475 0.0306678 0.0060394 -0.000172223 0.0269449 -0.00322568 -0.00250353 -0.00340008 0.0313997 -0.00434474 0.0378267 0.0264521 -0.0310976 -0.0338643 -0.00429297 -0.016815 -0.0114603 -0.00260546 0.00795075 -0.00260248 -0.00456121 -0.0189327 0.0292619 -0.00709779 -0.00520367 -0.0177793 0.00113283 0.00121481 -0.00911834 0.0140444 0.0110139 0.0210136 -0.0100619 0.00248116 0.00655986 -0.0247652 0.0232241 
0.0260681 0.00481286 0.0407031 -0.0127637 0.0267325 0.0145986 0.0333645 0.00141418 0.0078325 0.00851276 0.00134484 0.00502697 -0.0274253 0.00162076 -0.0121614 -0.0238605 0.0188257 -0.00120099 0.0445527 -0.000646798 -0.0333227 0.0209623 -0.0125465 0.0234965 0.0162883 -0.0116459 0.0146836 -0.0225077 0.00254636 -5.63847e-05 -0.0231505 -0.00145575 -0.0375315 -0.0067215 0.00380124 0.00974928 0.0140024 0.01732 0.00105765 -0.0162516 0.0134146 -0.00499245 -0.0245748 -0.00645656 0.0114533 0.00749748 0.0333448 0.0055831 0.0113904 -0.001783 -0.0010723 -0.0188517 -0.00759306 -0.00270027 0.0186435 -0.0229938 -0.0306975 0.0112949 0.00553457 0.018061 0.00182625 -0.0443682 -0.0210215 0.0268876 
0.00828139 -0.0474628 0.0413434 -0.0370201 0.00565105 0.0050059 0.00460529 -0.027217 0.00451712 -0.0368159 0.000913049 -0.0124719 0.0191005 0.0140552 0.00276865 -0.0523911 -0.00926721 0.0022203 0.0502776 0.0230568 0.0197897 0.0295173 -0.0454639 -0.00324444 0.0108106 0.0186735 0.0107845 0.0141688 -0.00416449 -0.0181414 0.0118573 -0.0135716 -0.0351956 0.0154549 -0.033349 0.0180449 -0.000614503 0.00682292 0.0160629 -0.0100073 0.0272867 -0.0171598 0.032455 0.00420452 0.00538178 -0.00499365 0.0215241 0.0133672 0.0274328 0.0429152 0.0174595 -0.00993668 0.0053682 -0.00459185 -0.00436582 0.0135989 -0.000104196 -0.0177653 0.00166109 0.0346159 0.0161538 0.0173111 0.0362056 -0.0193022 
0.015377 -0.0119145 -0.0113708 -0.0114555 0.00464206 -0.0335706 0.0264037 0.0503148 -0.00287746 0.0443224 -0.0330263 -0.00928528 0.0109365 -0.000894223 -0.034827 -0.0343387 0.000304402 0.014093 -0.0443004 -0.029095 -0.0027896 0.000989658 0.00717994 -0.0183239 -0.0117402 0.00301492 -0.0219945 0.0244711 -0.0102429 -0.00272878 -0.0363024 0.0251646 0.0258309 -0.00659375 0.030166 -0.0367637 0.0296942 0.00819847 -0.0178099 0.00622197 0.0196981 0.0270052 -0.0363485 0.0124374 0.029678 0.00917818 0.00100487 -0.000902536 0.00937044 -0.0168478 -0.00756931 -0.0350231 -0.0164511 -0.00411173 -0.00160322 -0.0200773 0.00669319 -0.0219665 0.00316687 -0.000288267 -0.0130292 0.00202673 -0.011583 -0.0164505 
-0.00913924 0.0419064 -0.0338112 -0.00302945 0.00832794 0.00929035 0.00270601 0.0353435 0.0168213 0.00444519 0.0176087 -0.00489966 -0.0205115 -0.0129735 -0.0127559 0.00629353 0.00893123 0.0337166 0.046676 -0.00140739 0.00777425 -0.00719019 0.0173144 0.00772629 0.00625327 0.00910428 -0.0338158 -0.0118448 0.0327357 -0.0148647 -0.0252693 -0.0191276 -0.0155349 -0.0450301 0.0124656 0.0140297 -0.019182 -0.000462095 0.00666816 0.0225465 -0.0309015 0.0360034 0.0133218 0.0118102 0.00861955 0.00458232 0.0438931 0.0262613 -0.0126567 0.0218014 0.0211876 0.000221671 0.0083509 -0.0261674 -0.0109422 0.0138533 -0.0175748 -0.0227102 0.00908594 0.0161017 -0.0317766 0.02796 -0.0292524 -0.0132741 
-0.0010376 0.00619933 -0.0082153 -0.0170583 -0.0336612 0.0168013 -0.0133328 -0.0173748 1.28635e-05 0.00464372 0.0168429 -0.0195506 -0.0339228 0.019245 0.0218675 0.014069 0.0112619 -0.0277902 -0.00793429 0.0157727 -0.0122148 -0.00982932 -0.0268148 -0.00161983 -0.0104537 -0.0216861 0.0159237 -0.0441685 -0.026019 0.0158481 -0.00899769 -0.0222504 0.0434408 0.006929 0.0255026 -0.00760728 -0.0102753 0.0123516 0.000498548 0.0109361 0.0063196 -0.0146687 0.0103068 0.0168363 0.0278686 -0.0263481 0.0250323 -0.0266504 -0.00758333 0.0324428 0.00840277 0.0221692 -0.0203559 0.0143078 -0.0217486 -0.00900903 0.00224461 0.00783108 -0.0111742 -0.0575498 0.0502205 -0.0159954 -0.0220625 0.015763 
